-8.044166000000000594e+00 7.122956000000000287e-01 -7.531639000000000195e+00 -2.559457000000000093e+00 -9.156132000000000160e-01 2.898500000000000035e-02 4.621102999999999739e+00 9.798928000000000083e+00 1.391950000000000021e+00 -3.137700999999999851e+00 6.544316000000000244e+00 2.117967999999999851e+00
-1.488289999999999891e+00 8.104544999999999888e+00 -4.561913999999999803e+00 -5.530395999999999646e+00 -1.361803000000000097e+00 -1.380603999999999942e+00 1.565388000000000002e+00 8.418357000000000312e+00 2.897609000000000101e+00 -9.515306000000000708e+00 3.728428000000000075e+00 1.920650999999999886e-01
-1.192560999999999982e+00 1.030551999999999957e+01 -5.721041999999999739e+00 -1.031217999999999968e+01 7.065730999999999540e-01 -1.538648000000000016e+00 -3.464315000000000033e-01 6.310922999999999838e+00 9.416517000000000692e+00 -6.604167999999999594e+00 -2.621935999999999822e+00 -2.591559999999999975e-01
-1.698296000000000028e+00 1.009852000000000061e+01 -6.089224999999999888e+00 -7.859569999999999723e+00 3.463804999999999662e-02 -3.239705999999999975e+00 -3.766424000000000161e-02 7.008229000000000042e+00 7.937810999999999950e+00 -6.017951000000000050e+00 1.087339999999999973e+00 -1.606360999999999928e+00
-1.568673999999999902e+00 1.019772000000000034e+01 -6.547506000000000270e+00 -7.272664999999999935e+00 1.683772000000000046e+00 -4.915655000000000108e+00 1.077563999999999966e+00 4.656946999999999726e+00 8.522353000000000733e+00 -4.860960000000000392e+00 1.011276000000000064e+00 -1.590637000000000079e+00
-1.694144000000000094e+00 1.109881000000000029e+01 -5.724073999999999884e+00 -7.339820999999999707e+00 9.318767000000000023e-01 -6.458178000000000196e+00 1.407008999999999954e+00 5.740221000000000018e+00 9.414832999999999785e+00 -4.280535000000000423e+00 3.257978000000000263e-01 -2.996806999999999999e+00
-1.497781999999999947e+00 9.888538999999999746e+00 -4.904107999999999912e+00 -6.140473000000000070e+00 -2.114289000000000029e-01 -4.106728999999999630e+00 -1.442860999999999949e+00 6.927685000000000315e+00 9.871012000000000342e+00 -4.130601999999999663e+00 1.295208999999999944e-01 -3.962425999999999782e+00
-1.734186999999999923e+00 9.677237999999999118e+00 -5.766523000000000287e+00 -7.661412999999999585e+00 9.791463000000000250e-01 -1.777436000000000016e+00 6.795029999999999681e-01 6.368806000000000189e+00 8.205318999999999363e+00 -5.012824000000000169e+00 -6.600612000000000146e-01 -3.376708999999999961e+00
-1.562148000000000092e+00 9.499003000000000085e+00 -7.073792000000000080e+00 -7.944224000000000174e+00 2.893784999999999830e+00 -8.139129000000000502e-01 6.635242000000000084e-01 5.090945999999999749e+00 8.220480000000000231e+00 -6.313634000000000412e+00 -1.459189000000000069e+00 -1.685262000000000038e+00
-2.293018000000000001e+00 9.420963999999999672e+00 -5.013263000000000247e+00 -8.516940999999999207e+00 2.447595999999999883e+00 -1.297396999999999911e+00 5.850398999999999461e-01 6.568317999999999657e+00 6.738068000000000168e+00 -6.929451000000000249e+00 -1.267129999999999923e-01 -3.323640999999999845e+00
-2.666460999999999970e+00 8.208707999999999672e+00 -4.644213999999999842e+00 -8.820560999999999652e+00 2.677759000000000000e+00 -3.505081000000000113e+00 3.287811000000000039e+00 8.099876999999999327e+00 5.111456999999999695e+00 -9.209329000000000320e+00 -1.104518000000000111e+00 1.331769999999999898e+00
-2.771463999999999928e+00 8.307579999999999742e+00 -4.075045000000000250e+00 -9.022028999999999854e+00 4.680753000000000164e+00 -4.964396999999999949e+00 -1.156182000000000043e+00 1.019500000000000028e+01 4.451783999999999963e+00 -8.446151999999999660e+00 -4.634860000000000091e-01 -1.370220999999999911e+00
-3.537335000000000118e+00 7.155507000000000062e+00 -1.285080999999999918e+00 -8.752933000000000519e+00 5.080555999999999628e+00 -5.897886999999999880e+00 -8.248562999999999867e-01 8.341262000000000398e+00 3.196112999999999982e+00 -9.491175999999999391e+00 -2.800356999999999985e-01 5.059824000000000543e-01
-4.331977000000000189e+00 6.856245999999999619e+00 1.078656999999999977e+00 -8.081846000000000529e+00 6.354185000000000194e+00 -5.896410000000000373e+00 -5.430048000000000208e+00 7.964159999999999684e+00 2.415824999999999889e+00 -9.247937000000000296e+00 2.138227000000000100e+00 1.344125000000000014e+00
-5.310227000000000253e+00 6.451829000000000036e+00 3.277794999999999792e+00 -5.367234999999999978e+00 7.660504000000000424e+00 -1.066824000000000083e+01 -7.522802999999999685e+00 7.044436000000000142e+00 2.274995999999999796e+00 -5.649875999999999898e+00 1.850076000000000054e+00 1.136624999999999996e+00
-5.820115999999999623e+00 6.975287999999999933e+00 4.368051999999999602e+00 -5.113272000000000261e+00 6.572861999999999760e+00 -1.213494000000000028e+01 -7.777994999999999770e+00 7.137787999999999577e+00 1.108606999999999898e+00 -5.682693999999999690e+00 1.101061999999999985e+00 2.365339000000000080e+00
-5.508665999999999840e+00 5.159219000000000221e+00 5.291974999999999874e+00 -1.749495000000000078e-01 5.319112999999999758e+00 -1.423037000000000063e+01 -1.144325000000000081e+01 7.940515000000000434e+00 3.003553999999999946e-01 -1.989074999999999926e+00 1.404128000000000043e+00 -1.456984000000000057e+00
-6.393183999999999756e+00 5.038522000000000389e+00 7.638819999999999943e+00 1.230121999999999938e+00 7.902153000000000205e+00 -1.820064999999999955e+01 -1.488715999999999973e+01 1.022258000000000067e+01 8.237339999999999940e-02 -1.714306000000000108e+00 -1.353634999999999977e-01 -2.709003000000000050e+00
-6.997694000000000081e+00 5.764355000000000118e+00 9.732701000000000491e+00 5.366356999999999822e+00 9.498715999999999937e+00 -2.076774999999999949e+01 -1.531248000000000076e+01 1.027454999999999963e+01 -1.153418999999999972e+00 -3.769604999999999873e+00 -2.202236999999999778e+00 -3.708877000000000201e+00
-6.608825999999999645e+00 5.179720999999999798e+00 1.080043000000000042e+01 4.219504999999999839e+00 7.924684000000000061e+00 -1.807903999999999911e+01 -1.063115999999999950e+01 1.126619999999999955e+01 -4.414053000000000004e+00 -6.581002999999999936e+00 -4.445700000000000429e+00 -4.200530999999999793e+00
-6.869850999999999708e+00 6.796393000000000129e+00 1.162040000000000006e+01 7.360224999999999795e+00 6.764591000000000243e+00 -1.832274999999999920e+01 -1.183380000000000010e+01 1.243666999999999945e+01 -4.263453000000000159e+00 -9.560994000000000881e+00 -4.304011000000000031e+00 -5.367753999999999692e+00
-7.786107000000000333e+00 6.360562999999999967e+00 1.352283000000000079e+01 1.041723999999999961e+01 8.738426999999999722e+00 -1.622928999999999888e+01 -1.113495999999999952e+01 1.041272999999999982e+01 -7.635266999999999804e+00 -1.147569000000000017e+01 -3.959184000000000037e+00 -5.180189999999999628e+00
-8.437186000000000519e+00 7.937223000000000361e+00 1.508131999999999984e+01 9.712573000000000789e+00 7.712633000000000294e+00 -1.526134000000000057e+01 -1.097940000000000005e+01 1.351427999999999940e+01 -7.939498999999999640e+00 -1.190907999999999944e+01 -2.745131000000000210e+00 -7.907732000000000205e+00
-8.172897999999999996e+00 8.550295999999999452e+00 1.521474000000000082e+01 8.230886999999999176e+00 6.326353000000000115e+00 -1.430963000000000029e+01 -9.872629999999999129e+00 1.330490999999999957e+01 -6.978626000000000218e+00 -9.486993000000000009e+00 -2.885924999999999851e+00 -4.696678000000000353e+00
-8.931056999999999135e+00 9.002660000000000551e+00 1.533299000000000056e+01 9.374428999999999235e+00 7.078691000000000066e+00 -1.317674000000000056e+01 -7.876216999999999580e+00 1.098293999999999926e+01 -6.342874000000000123e+00 -8.514360999999999180e+00 -1.386703000000000019e+00 -5.666789999999999772e+00
-9.250515999999999295e+00 9.400131000000000014e+00 1.672428999999999988e+01 9.564546999999999244e+00 5.283771999999999913e+00 -1.202760999999999925e+01 -8.135168000000000177e+00 1.018144999999999989e+01 -6.756937999999999889e+00 -9.224128999999999579e+00 -1.329132999999999898e+00 -4.302176000000000222e+00
-8.969319999999999737e+00 9.720556000000000196e+00 1.720422999999999902e+01 9.352201000000000874e+00 4.419665000000000177e+00 -1.294238999999999962e+01 -8.536519000000000190e+00 1.105264999999999986e+01 -6.599262999999999657e+00 -8.362177000000000859e+00 -1.407286000000000037e+00 -6.543961000000000361e+00
-9.497006000000000725e+00 9.689142000000000365e+00 1.667924000000000007e+01 1.172347000000000072e+01 8.083280000000000243e+00 -1.372719000000000023e+01 -1.349793999999999983e+01 1.101052999999999926e+01 -6.995809000000000388e+00 -8.372149999999999537e+00 6.861359999999999681e-01 -4.952753999999999657e+00
-9.906933999999999685e+00 1.088222000000000023e+01 1.749228000000000094e+01 1.112898999999999994e+01 6.998730000000000118e+00 -1.530072999999999972e+01 -8.410097999999999629e+00 1.205636999999999937e+01 -9.288156999999999996e+00 -7.384718999999999589e+00 -2.129196999999999895e-01 -6.280585000000000306e+00
-9.646501999999999910e+00 1.110112999999999950e+01 1.674811000000000050e+01 1.186628999999999934e+01 7.293833000000000233e+00 -1.367844000000000015e+01 -7.636535000000000295e+00 8.679446000000000438e+00 -1.010078999999999994e+01 -7.463546000000000014e+00 8.558647999999999811e-01 -6.052868000000000137e+00
-9.841974000000000444e+00 1.194435000000000002e+01 1.647522000000000020e+01 9.348891000000000062e+00 7.027885999999999633e+00 -9.722438000000000358e+00 -6.272695999999999827e+00 7.737061999999999884e+00 -8.776051999999999964e+00 -6.647924999999999862e+00 -5.669937999999999922e-01 -6.780101000000000155e+00
-9.938672000000000395e+00 1.159018999999999977e+01 1.579472999999999949e+01 9.918297000000000807e+00 6.770775000000000432e+00 -7.461580999999999797e+00 -6.072020000000000195e+00 7.151828000000000074e+00 -6.541650999999999883e+00 -5.142807999999999602e+00 -5.750477000000000505e-01 -5.238872999999999891e+00
-1.002232000000000056e+01 1.056808000000000014e+01 1.650251000000000090e+01 1.101690999999999931e+01 6.782702999999999705e+00 -9.835184999999999178e+00 -6.997851999999999961e+00 1.007380999999999993e+01 -6.487745999999999569e+00 -6.826493000000000144e+00 6.067900000000000515e-01 -5.988569000000000031e+00
-9.385180000000000078e+00 1.118280000000000030e+01 1.611484000000000094e+01 1.167003000000000057e+01 5.776788999999999952e+00 -1.328013999999999939e+01 -4.899925999999999782e+00 8.506043000000000021e+00 -8.742696999999999719e+00 -8.040433000000000163e+00 1.083760999999999974e+00 -4.309757000000000282e+00
-9.140765999999999281e+00 1.160407999999999973e+01 1.662293000000000021e+01 1.085233000000000025e+01 4.477979000000000376e+00 -1.172382999999999953e+01 -7.770005000000000273e+00 9.508528999999999343e+00 -7.921306000000000402e+00 -6.707126999999999839e+00 1.258261999999999992e+00 -6.706534999999999691e+00
-8.829019999999999868e+00 1.112593000000000032e+01 1.744463000000000008e+01 1.070761000000000074e+01 3.300657999999999870e+00 -1.143629999999999924e+01 -7.246463999999999572e+00 9.353353000000000250e+00 -8.407469999999999999e+00 -8.265332000000000789e+00 1.477209999999999912e+00 -5.026600000000000179e+00
-9.055339999999999279e+00 1.106376000000000026e+01 1.658177999999999841e+01 1.167097000000000051e+01 5.450760999999999967e+00 -9.951378999999999309e+00 -9.126796000000000575e+00 7.734105999999999703e+00 -7.234004999999999797e+00 -9.549089000000000382e+00 3.389866000000000046e+00 -3.180721000000000132e+00
-8.757535000000000736e+00 1.130681000000000047e+01 1.581076000000000015e+01 1.282160999999999973e+01 5.689318000000000097e+00 -1.216891000000000034e+01 -7.785984000000000016e+00 8.568113999999999564e+00 -5.125611000000000139e+00 -7.899187999999999654e+00 3.693486000000000269e-01 -5.667069999999999830e+00
-8.721346999999999738e+00 1.069075999999999915e+01 1.586837000000000053e+01 1.393487999999999971e+01 6.519848999999999783e+00 -1.134225999999999956e+01 -8.128118999999999872e+00 5.779631000000000185e+00 -5.336180999999999841e+00 -7.449710999999999750e+00 3.102907000000000082e+00 -4.676461999999999897e+00
-8.854233000000000686e+00 9.844559999999999533e+00 1.688153000000000148e+01 1.308881000000000050e+01 5.502889999999999837e+00 -1.060768000000000022e+01 -6.713993000000000322e+00 8.676983999999999142e+00 -8.780094000000000065e+00 -1.053491000000000000e+01 3.238332999999999906e+00 -4.876380000000000159e+00
-9.275728000000000861e+00 9.761559000000000097e+00 1.696295999999999893e+01 1.525765999999999956e+01 8.187537999999999982e+00 -1.350957000000000008e+01 -8.914840999999999127e+00 7.443952000000000346e+00 -6.091873999999999789e+00 -8.191008999999999318e+00 1.056616000000000000e+00 -5.917811000000000377e+00
-9.430265999999999593e+00 1.028237000000000023e+01 1.684556999999999860e+01 1.564498999999999995e+01 6.991220000000000212e+00 -1.406789000000000023e+01 -1.111192999999999920e+01 7.703317000000000192e+00 -2.944443000000000144e+00 -1.130774000000000079e+01 3.529424999999999923e-01 -2.769090999999999969e+00
-8.903173999999999921e+00 9.310848999999999265e+00 1.678666000000000125e+01 1.486087999999999987e+01 7.029212000000000238e+00 -1.514465000000000039e+01 -1.196068999999999960e+01 6.705512999999999835e+00 -2.923554999999999904e+00 -9.861503000000000796e+00 -8.109975999999999852e-01 -2.279402000000000150e+00
-8.028741000000000128e+00 8.742748000000000630e+00 1.706128999999999962e+01 1.371828000000000003e+01 5.322646999999999906e+00 -1.785157999999999845e+01 -1.491394999999999982e+01 7.702824999999999811e+00 9.079618999999999884e-02 -9.797796999999999201e+00 -2.269353000000000176e+00 -4.779228999999999949e+00
-7.351560000000000095e+00 9.570759999999999934e+00 1.559980999999999973e+01 1.033164000000000016e+01 5.331040999999999919e+00 -2.114685000000000059e+01 -1.523728999999999978e+01 6.049586999999999826e+00 -3.832388999999999935e-01 -1.032770999999999972e+01 -9.947462000000000248e-01 -3.325886999999999816e+00
-6.809042999999999957e+00 1.165996999999999950e+01 1.592988000000000071e+01 3.529501999999999917e+00 3.024550000000000072e+00 -1.952851000000000070e+01 -1.595209999999999972e+01 4.822220999999999869e+00 -4.149913999999999881e+00 -9.814527999999999253e+00 1.268404000000000087e+00 -1.511455999999999911e+00
-5.168442999999999898e+00 1.098869999999999969e+01 1.372856999999999950e+01 -1.089121000000000006e+00 2.713983999999999952e+00 -1.902828999999999837e+01 -1.553617999999999988e+01 7.165620999999999796e+00 -7.445585999999999594e+00 -8.304584999999999440e+00 6.279687999999999937e-01 -6.598359000000000307e-01
-4.226380999999999943e+00 1.185771000000000086e+01 1.111360999999999954e+01 -4.944910000000000139e+00 1.733543999999999918e-01 -1.734396999999999878e+01 -1.045914999999999928e+01 1.231351000000000084e+01 -1.014087999999999923e+01 -1.065170999999999957e+01 -3.074786999999999937e-01 -8.394635000000000291e-02
-3.424026000000000014e+00 1.228328999999999915e+01 8.499935999999999936e+00 -4.200046999999999642e+00 -3.679337999999999997e+00 -1.820113999999999876e+01 -4.867498999999999576e+00 1.311476000000000042e+01 -5.475324999999999775e+00 -1.221923999999999921e+01 -6.317654999999999799e-02 -9.338817999999999842e-01
-2.675063000000000191e+00 1.410266999999999982e+01 6.479692000000000007e+00 -4.569876999999999967e+00 -6.365311000000000163e+00 -2.066631999999999891e+01 -3.357029999999999959e+00 1.469558999999999926e+01 -2.860215000000000174e+00 -9.449991999999999948e+00 -2.500232000000000010e+00 -2.085099000000000036e+00
-1.982456999999999914e+00 1.496077000000000012e+01 7.192235000000000156e+00 -4.108297999999999561e+00 -1.103262999999999927e+01 -2.289517999999999986e+01 -1.236075999999999953e+00 1.500027000000000044e+01 2.550590000000000135e+00 -1.025563999999999965e+01 -6.930780999999999636e+00 -6.000286999999999704e-01
-1.406719999999999970e+00 1.457850999999999964e+01 5.832989000000000424e+00 -7.689481000000000233e-01 -9.837638000000000105e+00 -2.296657000000000082e+01 -3.973624000000000045e+00 1.121620000000000061e+01 1.206310999999999911e+00 -6.529524000000000328e+00 -3.445523000000000113e+00 4.955934000000000172e-01
-1.724992000000000081e+00 1.447334999999999994e+01 6.921078999999999759e+00 5.205635000000000123e-02 -1.082014000000000031e+01 -2.558486999999999867e+01 -3.180323000000000011e+00 1.259282999999999930e+01 1.170752999999999933e-01 -5.219060999999999950e+00 -2.375843999999999845e+00 -9.072073000000000498e-01
-2.131359999999999921e+00 1.571471000000000018e+01 8.853825999999999752e+00 -5.009627999999999998e-02 -1.425976999999999961e+01 -2.286809999999999832e+01 -3.990543000000000173e+00 9.488084999999999880e+00 2.820119000000000042e+00 -3.192074999999999996e+00 -2.561679999999999957e+00 -1.697896999999999990e+00
-1.591809999999999947e+00 1.584070000000000000e+01 7.046694999999999709e+00 -1.783852999999999911e+00 -1.169926000000000066e+01 -2.190063999999999922e+01 -3.512119000000000213e+00 9.277243000000000350e+00 -1.275717999999999908e+00 -1.530589999999999895e+00 -8.810964999999999492e-01 -1.714183000000000012e+00
-1.944490000000000052e+00 1.597297000000000011e+01 8.621653999999999485e+00 -9.358918999999999988e-01 -1.185565000000000069e+01 -2.361794000000000082e+01 -5.714846999999999788e+00 1.041200000000000081e+01 1.891253000000000073e+00 -1.494232999999999922e+00 -2.784504999999999786e+00 -2.910045000000000215e+00
-2.560567999999999955e+00 1.536386000000000074e+01 8.936992000000000047e+00 3.429075999999999791e-01 -1.122082999999999942e+01 -2.337472999999999956e+01 -5.131148999999999738e+00 9.062212999999999852e+00 8.724317999999999795e-01 -2.261591999999999825e+00 -1.838020999999999905e+00 -1.614222999999999963e+00
-2.477218000000000142e+00 1.450178999999999974e+01 9.316871000000000791e+00 -1.335517000000000065e+00 -1.135821999999999932e+01 -2.037732000000000099e+01 -3.430344999999999978e+00 1.002084999999999937e+01 -1.079818000000000028e-01 -6.089377999999999957e+00 -2.478755000000000042e+00 -1.975311999999999957e+00
-2.725191999999999837e+00 1.435993000000000031e+01 8.088437000000000765e+00 -3.961689999999999934e+00 -9.767395999999999745e+00 -1.934683000000000064e+01 -1.965126000000000095e-01 1.337462000000000018e+01 -5.252290000000000347e+00 -9.664274000000000697e+00 -4.751194999999999724e-01 -4.470926999999999651e+00
-3.035159000000000162e+00 1.263579000000000008e+01 7.959789999999999921e+00 -4.444078000000000195e+00 -8.135932999999999637e+00 -1.629576000000000136e+01 -6.664780000000000149e-01 1.421183000000000085e+01 -7.888625000000000220e+00 -1.431991000000000014e+01 1.617407000000000039e+00 -4.531856999999999580e+00
-4.045442999999999678e+00 1.086800000000000033e+01 8.781487999999999516e+00 -5.570121000000000322e+00 -3.467287999999999926e+00 -1.290497000000000050e+01 -3.418124999999999858e+00 1.154255999999999993e+01 -1.101786000000000065e+01 -1.559947999999999979e+01 4.182132000000000183e+00 -3.947750999999999899e-01
-4.391301000000000343e+00 1.025822999999999929e+01 1.041968999999999923e+01 -4.432254999999999612e+00 -1.183769000000000071e+00 -1.232843000000000089e+01 -5.464355000000000295e+00 8.866395999999999944e+00 -1.220817000000000085e+01 -1.232283999999999935e+01 1.808912000000000075e+00 2.215119000000000060e+00
-5.864015000000000200e+00 9.402445999999999415e+00 1.338118000000000052e+01 -2.111120000000000108e+00 3.303307999999999911e+00 -1.356225000000000058e+01 -1.359711000000000070e+01 7.863419000000000381e+00 -9.537471999999999284e+00 -8.444221000000000643e+00 1.341188000000000047e+00 3.007288000000000183e-01
-6.821798000000000251e+00 8.700091000000000463e+00 1.543520999999999965e+01 2.541081000000000145e+00 3.089049000000000156e+00 -1.586151000000000089e+01 -1.513247999999999927e+01 6.914384000000000086e+00 -3.269226000000000187e+00 -1.137756000000000078e+01 2.034555000000000044e-02 -2.153891999999999918e+00
-7.365204000000000306e+00 8.116780000000000328e+00 1.684903999999999868e+01 5.114759000000000277e+00 4.207173000000000052e+00 -1.689247999999999905e+01 -1.527393999999999963e+01 8.262442999999999316e+00 -2.484220999999999790e+00 -1.011117999999999917e+01 -2.702475000000000183e+00 -5.984638000000000346e+00
-7.524785999999999753e+00 7.096645999999999788e+00 1.685682999999999865e+01 7.901728999999999559e+00 4.101589999999999847e+00 -1.705939000000000050e+01 -1.468084999999999951e+01 1.004252999999999929e+01 -4.553380000000000205e-01 -1.150239999999999974e+01 -5.138635999999999981e+00 -7.700232999999999883e+00
-8.204340000000000188e+00 7.187251999999999974e+00 1.654495999999999967e+01 9.703115000000000379e+00 5.657951999999999870e+00 -1.725780999999999921e+01 -1.450507999999999953e+01 1.042184999999999917e+01 -2.827872000000000163e+00 -1.131481999999999921e+01 -1.728248999999999924e+00 -8.686911000000000271e+00
-8.434813000000000116e+00 6.427029000000000103e+00 1.811429000000000045e+01 1.261304999999999943e+01 5.275819000000000258e+00 -1.759605000000000175e+01 -1.420429999999999993e+01 9.279458999999999236e+00 -5.247236000000000011e+00 -7.874090999999999951e+00 1.429440999999999906e-01 -7.941145999999999816e+00
-8.210568000000000310e+00 6.619150999999999563e+00 1.648215000000000074e+01 1.432268000000000008e+01 6.742943999999999605e+00 -1.952802000000000149e+01 -1.180560000000000009e+01 1.030682000000000009e+01 -4.873937999999999882e+00 -8.522726999999999720e+00 -4.259431999999999802e-02 -8.897498999999999825e+00
-8.949446999999999264e+00 6.535160000000000302e+00 1.795445000000000135e+01 1.389752000000000010e+01 6.398361999999999661e+00 -1.605845000000000056e+01 -1.013204999999999956e+01 9.249409999999999243e+00 -4.681224000000000274e+00 -1.050530999999999970e+01 -1.415936000000000083e+00 -7.049093000000000053e+00
-9.150257999999999114e+00 7.644905999999999757e+00 1.793322999999999823e+01 1.312475000000000058e+01 6.841901000000000010e+00 -1.447605000000000075e+01 -9.880150000000000432e+00 1.094575000000000031e+01 -5.731378999999999557e+00 -1.014464000000000077e+01 -1.539727999999999986e+00 -6.688004000000000282e+00
-9.069874999999999687e+00 7.716993000000000436e+00 1.786565999999999832e+01 1.382799999999999940e+01 7.258492000000000388e+00 -1.390836999999999968e+01 -1.059403000000000006e+01 1.107876000000000083e+01 -5.389076000000000199e+00 -9.849598999999999549e+00 -2.191498999999999864e+00 -6.095829000000000164e+00
-9.133055000000000589e+00 7.584723000000000326e+00 1.754121999999999915e+01 1.486466000000000065e+01 9.002606000000000108e+00 -1.255785999999999980e+01 -1.154758999999999958e+01 9.561239000000000487e+00 -4.184953000000000145e+00 -1.245058000000000042e+01 -5.317950999999999651e-01 -5.820378999999999969e+00
-8.995423000000000613e+00 7.800653999999999755e+00 1.792067000000000121e+01 1.582044999999999924e+01 7.292066000000000159e+00 -1.232399999999999984e+01 -1.054326999999999970e+01 8.753339999999999677e+00 -4.037721999999999589e+00 -1.047925000000000040e+01 -3.743517999999999901e+00 -5.349222000000000143e+00
-8.575706999999999525e+00 7.449476999999999904e+00 1.670306000000000068e+01 1.677813000000000088e+01 7.400299999999999656e+00 -1.253522000000000070e+01 -1.072655999999999921e+01 9.661241000000000412e+00 -3.879710000000000214e+00 -9.947729999999999961e+00 -3.338137999999999828e+00 -3.392713999999999785e+00
-9.408910000000000551e+00 8.675952000000000552e+00 1.730904999999999916e+01 1.699095000000000155e+01 7.668898000000000437e+00 -1.316591000000000022e+01 -1.015366999999999997e+01 9.036103999999999914e+00 -3.088978000000000002e+00 -9.960599999999999454e+00 -3.593774999999999942e+00 -2.213137000000000132e+00
-9.407130000000000436e+00 7.902833000000000219e+00 1.859422999999999959e+01 1.690866000000000113e+01 7.368492999999999959e+00 -1.242098999999999975e+01 -9.984951999999999828e+00 7.744450999999999752e+00 -3.497653000000000123e+00 -7.115097999999999701e+00 -2.494266000000000094e+00 -2.525650999999999868e+00
-8.633547999999999334e+00 8.274181000000000452e+00 1.652634000000000114e+01 1.443239999999999945e+01 8.171633999999999176e+00 -1.099319000000000024e+01 -1.029983000000000004e+01 9.786120000000000374e+00 -3.184998000000000218e+00 -7.526285999999999810e+00 -3.712495999999999796e+00 -7.468791999999999653e-01
-8.882707999999999160e+00 8.127691999999999695e+00 1.726313999999999993e+01 1.434538000000000046e+01 7.491747000000000156e+00 -9.878019000000000105e+00 -1.109595000000000020e+01 9.445472999999999786e+00 -1.420253999999999905e+00 -8.594476000000000226e+00 -2.907700999999999869e+00 -2.008445000000000036e+00
-9.079959999999999809e+00 8.109835999999999601e+00 1.572803000000000040e+01 1.755752000000000024e+01 7.344636999999999638e+00 -1.033492000000000033e+01 -7.539252000000000287e+00 7.696913000000000338e+00 -3.056634999999999991e+00 -8.329036999999999580e+00 -4.154608000000000190e-01 -3.446063000000000098e+00
-9.537345999999999435e+00 8.538721999999999923e+00 1.685682999999999865e+01 1.724349000000000132e+01 5.984421000000000213e+00 -1.058207999999999949e+01 -7.677891999999999939e+00 1.024499999999999922e+01 -1.339731999999999923e+00 -8.109286000000000882e+00 -2.661309999999999842e+00 -4.513887000000000427e+00
-9.770191999999999766e+00 7.239829000000000292e+00 1.798044000000000153e+01 1.726714000000000127e+01 6.728365000000000151e+00 -1.021133999999999986e+01 -9.364127999999999119e+00 1.000140000000000029e+01 -2.775313000000000141e+00 -8.810043999999999542e+00 5.569749999999999979e-01 -4.507710000000000328e+00
-1.110111999999999988e+01 4.666843000000000075e+00 1.918635000000000090e+01 1.777836999999999890e+01 9.915307000000000315e+00 -1.249534000000000056e+01 -1.064289999999999914e+01 1.074056999999999995e+01 -1.382856000000000085e+00 -1.008544000000000018e+01 -4.679561999999999777e+00 -6.529922000000000004e+00
-1.159618000000000038e+01 2.624261000000000177e+00 1.831961000000000084e+01 2.024470000000000169e+01 9.139556000000000680e+00 -1.161748000000000047e+01 -1.170550000000000068e+01 1.064919000000000082e+01 -2.240296999999999983e+00 -1.268867000000000012e+01 -5.087030999999999636e+00 -7.431521000000000043e+00
-1.014779000000000053e+01 6.812596000000000096e+00 1.582418999999999976e+01 2.037948000000000093e+01 9.005257999999999541e+00 -1.283112000000000030e+01 -1.059684999999999988e+01 6.832117000000000218e+00 -3.813002000000000002e+00 -1.114429999999999943e+01 -4.342192999999999969e+00 -6.185118000000000116e+00
-9.878754999999999953e+00 5.378125999999999962e+00 1.595369999999999955e+01 2.068074000000000012e+01 8.950919000000000736e+00 -1.065445000000000064e+01 -1.205749999999999922e+01 7.990022999999999875e+00 -1.196544000000000052e+00 -1.200849999999999973e+01 -3.789454999999999796e+00 -4.865429999999999922e+00
-1.100680000000000014e+01 2.661627000000000187e+00 1.370648000000000089e+01 1.946483999999999881e+01 9.507994000000000057e+00 -9.341853000000000407e+00 -1.257399000000000022e+01 6.993450000000000166e+00 -7.231830000000000203e-01 -1.225334999999999930e+01 -4.120262999999999565e+00 -4.953314999999999912e+00
-9.990876999999999342e+00 5.398958999999999619e+00 1.088230000000000075e+01 1.614677000000000007e+01 1.164750000000000085e+01 -8.598902000000000712e+00 -2.012915999999999883e+01 4.696356999999999893e+00 2.705906000000000144e+00 -1.075916999999999923e+01 -6.739873000000000225e+00 -5.923146000000000022e+00
-1.394481000000000037e+01 -2.846909000000000245e-01 1.886667999999999878e+01 1.760197000000000145e+01 1.469130000000000003e+01 -1.550160999999999945e+01 -2.066350999999999871e+01 5.766329999999999956e+00 -3.936831000000000080e-01 -1.267290000000000028e+01 -7.545562999999999576e+00 -7.189765999999999657e+00
-1.464305000000000057e+01 1.334627000000000008e+00 9.208581000000000572e+00 1.744732000000000127e+01 1.184849999999999959e+01 -8.589546999999999599e+00 -1.834140999999999977e+01 1.006623000000000046e+00 -2.845054000000000194e+00 -1.101173999999999964e+01 -6.706464000000000425e+00 -2.946828000000000003e+00
-1.157097000000000087e+01 6.780851000000000184e+00 1.176637000000000022e+01 1.550500000000000078e+01 1.428796999999999962e+01 -1.072338000000000058e+01 -1.798188000000000031e+01 2.405421000000000031e+00 -1.506165999999999894e+00 -1.000758000000000081e+01 -7.820292000000000243e+00 -8.894410000000000593e+00
-9.634933000000000192e+00 7.591668000000000305e+00 1.212546000000000035e+01 1.472136000000000067e+01 1.387977000000000061e+01 -9.662864000000000786e+00 -1.858860999999999919e+01 2.417982999999999993e+00 -7.878699999999999593e-01 -7.772742000000000040e+00 -7.517821999999999782e+00 -9.462718000000000629e+00
-8.411675999999999931e+00 1.020102999999999938e+01 1.256424999999999947e+01 1.346856999999999971e+01 1.211135999999999946e+01 -6.780664999999999942e+00 -1.472737000000000052e+01 8.221870000000000567e-02 -4.273742999999999848e-01 -4.908900000000000041e+00 -4.651820999999999984e+00 -7.186397000000000368e+00
-9.050297999999999732e+00 7.704096999999999973e+00 1.546207000000000065e+01 1.093981999999999921e+01 1.182155000000000022e+01 -5.581307999999999936e+00 -1.507044999999999924e+01 2.305912000000000184e+00 -3.470699999999999896e+00 -6.931382000000000154e+00 1.915658000000000083e-01 -6.128118999999999872e+00
-8.574519999999999698e+00 1.130118000000000045e+01 1.483831999999999951e+01 7.335160000000000124e+00 8.443766000000000105e+00 -3.430737000000000148e+00 -1.268866000000000049e+01 8.536637000000000253e-01 -4.098366000000000398e+00 -4.559808000000000305e+00 1.790119000000000016e+00 -6.680140999999999885e+00
-8.182983000000000118e+00 1.360102999999999973e+01 1.637950000000000017e+01 6.848989000000000438e+00 6.176149999999999807e+00 -5.388799999999999812e+00 -1.103391000000000055e+01 3.196324999999999861e+00 -6.848914999999999864e+00 -5.884427999999999770e+00 3.854605999999999977e+00 -4.570044000000000217e+00
-7.113374999999999559e+00 1.469589999999999996e+01 1.445541000000000054e+01 5.967450000000000365e+00 5.583734999999999893e+00 -5.281468000000000274e+00 -7.981018999999999863e+00 2.787941000000000003e+00 -6.280545000000000044e+00 -5.971297999999999995e+00 -2.388712000000000057e-01 -3.064475999999999978e+00
-7.474954000000000320e+00 1.536914999999999942e+01 1.477205000000000013e+01 5.551271999999999984e+00 6.385550000000000281e+00 -5.111115999999999993e+00 -1.009773999999999994e+01 3.599534999999999929e+00 -8.170282999999999518e+00 -4.799828999999999901e+00 1.367736000000000063e+00 -3.525525000000000020e+00
-6.833960000000000257e+00 1.598751999999999995e+01 1.395382000000000033e+01 4.655071999999999655e+00 4.588864000000000054e+00 -3.773410000000000153e+00 -8.716986000000000345e+00 1.569442999999999921e+00 -5.337527999999999828e+00 -7.072949000000000375e+00 -1.140910000000000091e+00 -1.458668000000000076e+00
-6.586282999999999888e+00 1.587045999999999957e+01 1.368178999999999945e+01 3.705903999999999865e+00 4.834488999999999592e+00 -3.940808000000000089e+00 -8.700067000000000661e+00 3.142383000000000148e+00 -5.586168999999999940e+00 -7.765664000000000122e+00 -3.515622000000000025e+00 -1.747876999999999903e+00
-6.901886000000000188e+00 1.585061999999999927e+01 1.558854999999999968e+01 1.905464000000000047e+00 4.202754999999999797e+00 -4.941257000000000232e+00 -8.049635000000000318e+00 5.931850999999999985e+00 -6.199348999999999776e+00 -9.789433000000000717e+00 -2.993609000000000187e+00 -3.357616000000000156e+00
-6.257331999999999894e+00 1.608109999999999928e+01 1.383730000000000082e+01 5.725856000000000001e-02 4.595049000000000383e+00 -3.165362000000000009e+00 -6.797176999999999580e+00 4.838478000000000279e+00 -5.913311000000000206e+00 -9.367948000000000164e+00 -3.352754000000000012e+00 -4.470926999999999651e+00
-6.148176000000000307e+00 1.572694000000000081e+01 1.253176000000000023e+01 1.731899000000000077e+00 3.148687999999999931e+00 -3.760117000000000154e+00 -4.662124000000000379e+00 4.860891999999999769e+00 -8.132213000000000136e+00 -8.961263999999999896e+00 -2.033402999999999849e+00 -6.115203000000000166e+00
-6.072537999999999769e+00 1.601165999999999912e+01 1.375845999999999947e+01 4.062799999999999745e-01 2.033948999999999896e-01 -2.071858999999999895e+00 -4.922015000000000029e+00 6.068061000000000149e+00 -9.031767000000000323e+00 -1.177298000000000044e+01 6.005258999999999459e-01 -5.363823000000000008e+00
-5.862531999999999854e+00 1.713794000000000040e+01 1.330364999999999931e+01 1.045679999999999943e+00 -1.095855999999999941e+00 -3.364761999999999809e+00 -5.708737000000000172e+00 4.763846000000000025e+00 -6.221585000000000143e+00 -9.724118000000000706e+00 -1.765535999999999994e+00 -7.197346999999999717e+00
-5.103187000000000140e+00 1.766172999999999860e+01 1.206179000000000023e+01 -1.006997000000000031e-01 -2.466673999999999811e+00 -4.170242000000000004e+00 -5.078983000000000025e+00 5.702289999999999637e+00 -6.083114000000000132e+00 -1.028588000000000058e+01 -2.702176999999999829e+00 -7.450333999999999790e+00
-4.451217999999999897e+00 1.803010000000000090e+01 1.180146000000000051e+01 -2.780479000000000145e-01 -4.083116999999999663e+00 -7.652611000000000274e+00 -2.948160000000000114e+00 7.150350000000000428e+00 -6.047401999999999944e+00 -1.056869999999999976e+01 -3.083991999999999845e+00 -7.124623999999999846e+00
-3.935398000000000174e+00 1.721696999999999989e+01 1.069863999999999926e+01 -1.865196999999999994e+00 -3.262747000000000064e+00 -1.045456000000000074e+01 -3.861302999999999930e+00 8.092980000000000729e+00 -6.969192999999999749e+00 -8.168165000000000120e+00 -1.168651000000000106e+00 -1.000855999999999923e+01
-3.048210000000000086e+00 1.718588000000000093e+01 1.058819000000000088e+01 -1.619747000000000048e+00 -7.634521000000000335e+00 -1.236092000000000013e+01 -3.359379999999999811e+00 9.508774999999999977e+00 -4.335888999999999882e+00 -6.265372000000000163e+00 -3.597354000000000163e+00 -9.295090000000000074e+00
-2.562348000000000070e+00 1.753540999999999883e+01 8.368256999999999834e+00 -1.266469000000000067e+00 -9.283656000000000574e+00 -1.505602999999999980e+01 -1.940553999999999890e+00 8.491018999999999650e+00 -7.878699999999999593e-01 -4.883481999999999879e+00 -3.016875999999999891e+00 -6.496508999999999645e+00
-2.061061000000000032e+00 1.667730999999999852e+01 7.085245999999999711e+00 -2.619991999999999877e+00 -9.438276000000000110e+00 -1.499546999999999919e+01 -1.748337999999999948e+00 9.226501999999999981e+00 1.228885000000000005e+00 -5.153747000000000078e+00 -1.946002999999999927e+00 -6.000642000000000031e+00
-1.583207999999999949e+00 1.715148999999999901e+01 6.506980999999999682e+00 -1.863777999999999935e+00 -9.477593000000000600e+00 -1.707515000000000072e+01 -2.646911999999999932e+00 8.629692000000000363e+00 2.754421999999999926e+00 -2.441447000000000145e+00 -2.014908999999999839e+00 -3.980395999999999823e+00
-1.216587000000000085e+00 1.744876999999999967e+01 7.057089999999999641e+00 -2.694713999999999832e+00 -1.145143000000000022e+01 -1.496002000000000010e+01 -2.268120000000000136e+00 7.637799000000000227e+00 2.585628999999999955e+00 -9.585295000000000343e-01 -1.045158000000000031e+00 -4.258653999999999940e+00
-1.565113999999999894e+00 1.779201000000000121e+01 7.764869000000000021e+00 -9.089350000000000485e-01 -1.368281999999999954e+01 -1.792886999999999986e+01 -1.229495999999999922e+00 8.803832999999999132e+00 2.632797000000000054e+00 -4.093127999999999767e-01 -1.179985999999999979e+00 -3.990784999999999805e+00
-1.259003000000000094e+00 1.693887000000000143e+01 7.105171000000000348e+00 -4.752592999999999956e-01 -1.250902999999999921e+01 -1.811054999999999993e+01 -3.194421999999999873e+00 8.762453000000000713e+00 1.614649000000000001e+00 -2.484560000000000102e+00 1.354611000000000010e+00 -8.987836999999999632e-01
-8.188204999999999512e-01 1.707510999999999868e+01 5.889732000000000411e+00 6.529835000000000500e-02 -1.277763000000000027e+01 -1.722432999999999836e+01 -2.935471000000000164e+00 6.282843999999999873e+00 3.805924000000000085e+00 -1.098810000000000064e+00 -8.286390000000000422e-02 1.582791999999999977e+00
-7.870823000000000125e-01 1.706089000000000055e+01 5.908357999999999777e+00 -1.016454999999999997e-01 -1.248562000000000083e+01 -1.852363000000000071e+01 -5.213392999999999944e+00 7.678685999999999900e+00 4.292087999999999681e+00 -8.533193000000000028e-01 1.854252000000000011e+00 -6.289495000000000502e-01
-1.214806999999999970e+00 1.440523999999999916e+01 6.967859999999999943e+00 1.783922000000000008e+00 -1.384407000000000032e+01 -1.943644000000000105e+01 -3.736762000000000139e+00 8.726245999999999725e+00 3.010475000000000012e+00 -1.248742000000000019e+00 5.049866999999999884e+00 -1.392965000000000009e+00
-1.672490000000000032e+00 1.430569999999999986e+01 6.289102999999999888e+00 2.966717000000000048e+00 -1.377337999999999951e+01 -2.002528999999999826e+01 -2.380911999999999917e+00 8.595207999999999515e+00 1.707972999999999963e+00 -2.122920999999999836e+00 5.255690000000000417e+00 -8.021937000000000095e-01
-2.328018999999999838e+00 1.449055000000000071e+01 6.838778999999999719e+00 2.666879999999999917e+00 -1.246529999999999916e+01 -1.932811999999999841e+01 -3.630549999999999944e+00 8.543483000000000160e+00 6.160417999999999727e-01 -5.248188000000000297e-01 5.752347999999999573e+00 4.442097999999999880e-01
-2.694342999999999932e+00 1.356433000000000000e+01 6.285637999999999614e+00 1.669945999999999930e+00 -1.291854999999999976e+01 -1.978847000000000023e+01 -1.171691000000000038e+00 1.060657999999999923e+01 6.106513000000000080e-01 -2.260949000000000098e+00 4.177360000000000184e+00 2.182266999999999957e+00
-2.584890999999999828e+00 1.248268999999999984e+01 6.712297000000000402e+00 3.656719999999999970e+00 -1.331262000000000079e+01 -1.881313000000000102e+01 -4.205316999999999972e+00 9.815678000000000125e+00 4.768481000000000414e+00 -3.361634000000000011e+00 3.197764999999999969e+00 8.789392000000000038e-02
-1.901777000000000051e+00 1.737634999999999863e+01 6.474060999999999844e+00 4.772193000000000129e-01 -1.199347999999999992e+01 -1.701999999999999957e+01 -4.783375000000000377e+00 5.766575999999999702e+00 5.160645999999999844e+00 -2.252583000000000002e+00 -2.306938000000000155e+00 -1.545430999999999999e+00
-2.155089999999999950e+00 1.881876000000000104e+01 6.238423000000000052e+00 -3.213516999999999957e+00 -1.029795999999999978e+01 -1.222011000000000003e+01 -5.219973000000000418e+00 3.740670999999999857e+00 6.231016000000000332e+00 -1.820481000000000016e+00 -4.285857000000000139e-01 -4.018863999999999770e+00
-2.433021999999999796e+00 1.689819999999999922e+01 6.167385999999999591e+00 -2.158885999999999861e+00 -1.079318999999999917e+01 -1.382860999999999940e+01 -1.979560999999999904e+00 8.878712000000000160e+00 2.298242999999999814e+00 -5.566866000000000092e+00 -4.223216000000000192e-01 -4.045818999999999832e+00
-5.341075000000000017e+00 1.160440999999999967e+01 8.803145999999999916e+00 -3.538892000000000149e+00 -5.248953000000000202e+00 -1.394430999999999976e+01 -9.912241000000000524e-01 1.374432999999999971e+01 -2.716690999999999967e+00 -1.118837000000000081e+01 8.176833000000000018e-01 -1.841939999999999911e+00
-6.709082999999999686e+00 1.003270999999999979e+01 8.946955000000000879e+00 -3.675568999999999864e+00 -3.189855000000000107e+00 -5.773816000000000059e+00 -5.200703999999999994e+00 1.150980000000000025e+01 -5.038350999999999580e+00 -1.408020999999999923e+01 8.510921000000000181e-01 -2.216787000000000063e+00
-8.158956999999999127e+00 8.822440999999999534e+00 7.289261999999999908e+00 -2.395350000000000090e+00 -3.099292000000000158e+00 -2.570606999999999864e+00 -4.876897999999999733e+00 6.574228999999999878e+00 -6.425754000000000410e+00 -1.267611999999999917e+01 -7.850460999999999689e-01 -1.368536999999999892e+00
-7.828227000000000046e+00 1.208191000000000059e+01 6.759078999999999837e+00 -2.406866000000000005e-01 3.437164999999999804e+00 1.189446999999999921e+00 -8.488583000000000212e+00 9.381483000000000461e-01 -4.541406000000000276e+00 -1.190199999999999925e+01 -2.581068999999999836e+00 -6.811755000000000448e-01
-9.106358999999999426e+00 9.711297000000000068e+00 8.648075999999999652e+00 2.355693000000000037e+00 5.991489999999999760e+00 -3.878772000000000109e+00 -1.339126000000000083e+01 5.712142000000000053e+00 -8.913020000000000387e-01 -7.626026999999999667e+00 -2.137506999999999824e+00 -5.400324999999999598e+00
-1.055653000000000041e+01 8.178616999999999138e+00 3.943557999999999897e+00 2.487639999999999851e+00 3.601062000000000207e+00 -4.136762000000000050e+00 -1.222668999999999961e+01 2.646313000000000137e+00 -1.816462000000000021e+00 -8.829992000000000729e+00 -4.493128999999999706e+00 -4.274377999999999567e+00
-1.102311000000000085e+01 1.378276000000000057e+00 1.450956000000000046e+01 1.421911000000000058e+01 1.315348999999999968e+01 -1.486106000000000016e+01 -2.007557999999999865e+01 1.060978000000000065e+01 3.646227000000000107e+00 -7.761802999999999564e+00 -4.564123000000000374e+00 -9.068215999999999610e+00
-1.082170999999999950e+01 2.362035000000000107e+00 1.503064999999999962e+01 1.836432999999999893e+01 1.288710999999999984e+01 -1.475667999999999935e+01 -1.553007000000000026e+01 9.271084999999999354e+00 2.519931000000000143e+00 -9.217371999999999233e+00 -8.368553999999999604e+00 -7.825181999999999860e+00
-9.444504999999999484e+00 3.411929999999999907e+00 1.511337999999999937e+01 1.896352999999999867e+01 9.678960000000000008e+00 -1.427220999999999940e+01 -1.472173000000000087e+01 7.807260999999999562e+00 2.794513999999999943e+00 -9.139188000000000756e+00 -8.119479000000000113e+00 -4.958370000000000388e+00
-8.765542999999999196e+00 1.031113999999999997e+01 1.543045000000000044e+01 1.326047999999999938e+01 7.310621000000000258e+00 -8.600870999999999711e+00 -1.448251999999999917e+01 5.631598000000000326e+00 3.540773999999999866e+00 -8.050406999999999869e+00 -4.972785000000000011e+00 -3.775424000000000113e+00
-9.045550999999999675e+00 5.330840000000000245e+00 1.935658000000000101e+01 1.985264000000000095e+01 2.918966999999999867e+00 -1.238504999999999967e+01 -1.007895000000000074e+01 6.072494999999999976e+00 2.636839000000000155e+00 -7.465798000000000378e+00 -6.623539000000000065e+00 -5.822625000000000384e+00
-9.768115999999999133e+00 5.880753000000000341e+00 2.085486999999999824e+01 1.729362000000000066e+01 1.089147000000000087e+00 -7.239531999999999634e+00 -6.810336000000000389e+00 2.360592000000000024e+00 2.124214000000000102e-01 -5.015398000000000245e+00 -5.599497999999999642e+00 -4.460818999999999868e+00
-9.013813000000000741e+00 9.863737999999999673e+00 1.668487000000000009e+01 1.402805000000000035e+01 9.464257999999999171e+00 -8.136096000000000217e+00 -8.769152000000000058e+00 7.627207000000000292e+00 -1.889572000000000029e+00 -1.109474999999999945e+01 -2.153316999999999926e+00 -3.450835999999999792e+00
-9.250218000000000274e+00 9.034404999999999575e+00 1.841663000000000139e+01 1.480081000000000024e+01 8.546699000000000268e+00 -8.131171999999999400e+00 -8.627691999999999695e+00 9.230689999999999173e+00 -1.763903999999999916e+00 -8.770469999999999544e+00 -3.381092000000000208e+00 -5.053555000000000241e+00
-9.540608999999999895e+00 9.709974000000000771e+00 1.777383000000000024e+01 1.592544000000000004e+01 6.903749000000000358e+00 -8.408362999999999587e+00 -7.090435000000000265e+00 7.750363000000000113e+00 -1.508188000000000084e+00 -8.160443000000000779e+00 -3.282357000000000191e+00 -3.589262999999999870e+00
-1.011724000000000068e+01 8.670662000000000091e+00 1.845517999999999859e+01 1.686089000000000127e+01 6.552539999999999587e+00 -6.963817999999999842e+00 -6.150033999999999779e+00 5.882342000000000404e+00 -3.162424999999999820e+00 -8.131807999999999481e+00 -2.332292999999999950e+00 -2.817667000000000144e+00
-1.022045999999999921e+01 8.232846999999999582e+00 1.833520000000000039e+01 1.549743999999999922e+01 7.866811000000000220e+00 -8.138557000000000485e+00 -6.602610999999999564e+00 8.036329000000000278e+00 -3.204201999999999995e+00 -9.331269000000000702e+00 -4.614236000000000004e+00 -2.719672999999999785e+00
-1.022254000000000040e+01 6.942881999999999998e+00 1.905684000000000111e+01 1.778074000000000154e+01 6.102375000000000327e+00 -9.473309999999999675e+00 -8.281326999999999217e+00 7.672282000000000046e+00 -2.009850000000000136e+00 -8.766287000000000162e+00 -2.849235000000000184e+00 -3.482003000000000181e+00
-1.029283999999999999e+01 6.954786999999999608e+00 1.953245000000000076e+01 1.599449000000000076e+01 7.207688000000000095e+00 -1.061851000000000056e+01 -9.181781000000000859e+00 8.248896000000000228e+00 -4.506029999999999980e+00 -1.013756000000000057e+01 -1.949880999999999975e+00 -1.754334999999999978e+00
-9.713241999999999265e+00 7.079781999999999798e+00 1.973776000000000153e+01 1.522929000000000066e+01 5.708756000000000164e+00 -1.564980000000000082e+01 -1.058651000000000053e+01 1.152532000000000068e+01 -3.714287000000000116e+00 -1.047635999999999967e+01 -2.745429000000000119e+00 -2.803907999999999845e+00
-8.938472000000000861e+00 5.810648999999999731e+00 1.875275999999999854e+01 1.314982000000000006e+01 6.956761000000000195e+00 -1.627901999999999916e+01 -1.329914999999999914e+01 8.569098999999999577e+00 -2.560363999999999862e+00 -9.116987999999999204e+00 -3.360510000000000108e+00 -5.741477999999999859e+00
-8.103191999999999950e+00 5.772291000000000061e+00 1.700453999999999866e+01 1.053782999999999959e+01 6.641778000000000404e+00 -1.745966999999999913e+01 -1.926677000000000106e+01 1.147015000000000029e+01 -6.861226999999999743e-01 -9.389827000000000368e+00 -2.299779000000000018e+00 -4.263708000000000276e+00
-7.113671000000000078e+00 5.216095000000000148e+00 1.345785000000000053e+01 5.946168000000000120e+00 9.409036999999999651e+00 -1.648778000000000077e+01 -2.379018999999999906e+01 1.369112999999999936e+01 1.701235000000000053e+00 -8.936811000000000504e+00 -9.330415999999999710e-02 -3.831300000000000150e+00
-6.740821000000000396e+00 3.099441999999999808e+00 1.158272000000000013e+01 4.895793000000000283e+00 1.077941000000000038e+01 -1.595603999999999978e+01 -2.505486000000000146e+01 9.166895000000000238e+00 2.209635000000000016e+00 -4.994163000000000352e+00 1.508232000000000017e+00 -2.590511999999999926e+00
-7.957849999999999646e+00 -2.952724999999999933e-01 1.416475999999999935e+01 3.205073000000000061e+00 1.111162999999999990e+01 -1.755026000000000153e+01 -2.536128000000000071e+01 1.018416000000000032e+01 -1.343774999999999942e+00 -5.542092000000000240e+00 4.520099000000000089e+00 -1.442101999999999995e+00
-7.879541999999999824e+00 -2.851723999999999926e+00 1.252482999999999969e+01 6.193983000000000239e+00 1.073390999999999984e+01 -1.774916999999999945e+01 -2.617761000000000138e+01 1.101914999999999978e+01 4.523027000000000020e-01 -4.449449999999999683e+00 5.475234000000000378e+00 -3.058580000000000076e+00
-7.616736999999999647e+00 -2.319336999999999982e+00 9.752625999999999351e+00 8.483904000000000778e+00 9.927676999999999197e+00 -1.693089000000000155e+01 -2.307301999999999964e+01 9.766909000000000063e+00 2.188410000000000188e+00 -4.537285999999999930e+00 4.355440999999999896e+00 -2.221840999999999955e+00
-8.049801000000000428e+00 1.920914000000000010e+00 9.858316000000000301e+00 7.957061000000000384e+00 1.015695999999999977e+01 -1.533913000000000082e+01 -2.377843999999999980e+01 8.609740000000000393e+00 3.751344000000000012e+00 -5.183670000000000222e+00 3.250264000000000042e+00 -2.240092999999999890e+00
-7.058203999999999922e+00 3.581897000000000109e+00 8.373020999999999603e+00 5.965557999999999694e+00 8.313885000000000858e+00 -1.341011999999999915e+01 -2.373895999999999873e+01 6.846155999999999686e+00 1.037182000000000048e+00 -1.687923000000000062e+00 3.486810999999999883e+00 -3.082447000000000159e+00
-6.448947999999999681e+00 4.025001999999999747e+00 5.679650999999999783e+00 6.148582000000000214e+00 9.668798000000000670e+00 -1.697914000000000101e+01 -2.458114000000000132e+01 1.041864999999999952e+01 5.658419999999999561e-01 -1.995187999999999962e+00 6.216789999999999594e+00 -1.850082000000000004e+00
-6.224407000000000245e+00 4.498198999999999614e+00 5.110483000000000331e+00 3.492612999999999968e+00 1.166782000000000075e+01 -1.532436000000000043e+01 -2.485418999999999912e+01 8.939057999999999282e+00 4.896843999999999753e+00 -1.700471000000000066e+00 1.350435000000000052e+00 -2.350722000000000200e+00
-9.995029000000000607e+00 4.385107999999999784e+00 5.419756999999999714e+00 4.359492000000000367e+00 8.868750000000000355e+00 -1.067021000000000086e+01 -2.316936000000000107e+01 2.191622999999999877e+00 1.371734999999999927e+00 -2.400263999999999953e+00 4.646276000000000295e+00 -8.117404000000000286e-01
-1.011782999999999966e+01 8.258639999999999759e+00 9.050046000000000035e+00 4.280513000000000012e+00 9.027787999999999258e+00 -9.192672999999999206e+00 -1.905950999999999951e+01 2.860110999999999848e+00 1.623072000000000070e+00 -3.116143999999999803e+00 2.513182000000000027e+00 -1.149804999999999966e+00
-1.095133000000000045e+01 9.114428000000000196e+00 6.059962999999999766e+00 5.191373999999999711e+00 4.309663999999999717e+00 -8.377838000000000562e+00 -1.762095000000000056e+01 -1.141453000000000051e+00 1.983230000000000048e+00 -1.202733000000000052e+00 3.942006000000000121e+00 -8.285875000000000323e-01
-1.069534999999999947e+01 9.671616000000000213e+00 7.857563999999999993e+00 5.552691000000000265e+00 5.120758000000000365e+00 -8.865261999999999531e+00 -1.845889999999999986e+01 3.541967000000000032e-02 -4.917245000000000088e-01 -4.061748999999999832e+00 7.151640999999999693e+00 1.630525000000000002e+00
-1.462911000000000072e+01 5.826521999999999757e+00 -1.017822999999999922e+00 3.773060000000000080e+00 2.066788999999999987e+00 7.674264999999999559e-02 -3.991483000000000114e+00 4.120287000000000255e-01 3.189038000000000039e+00 5.954930999999999974e-01 1.772818000000000005e+00 2.723694999999999866e-01
-2.006228000000000122e+01 2.050208000000000030e+00 -2.390066999999999886e-01 7.936726000000000170e+00 8.773327000000000098e+00 6.680591999999999864e+00 1.438496999999999915e+00 3.094352000000000213e+00 5.823014999999999830e+00 4.492132999999999932e+00 4.331875000000000142e+00 2.181706000000000145e+00
-2.022571999999999903e+01 2.468513000000000179e+00 -1.494296000000000069e+00 5.277447000000000443e+00 6.578162999999999982e+00 6.281791000000000125e+00 2.332371000000000194e+00 -2.185265999999999875e-01 3.342332999999999998e+00 5.485678000000000054e+00 1.117979000000000056e+01 8.392383999999999844e+00
