-6.393170000000000242e-01 9.784584999999999866e+00 -3.218783999999999867e+00 -1.056166999999999945e+01 -2.983130000000000059e+00 2.771417000000000019e+00 2.196397999999999850e+00 4.662425999999999959e+00 8.474560999999999567e+00 -4.284911000000000136e+00 -5.316981000000000179e+00 4.398413999999999824e+00
1.702783999999999964e-01 1.220743000000000045e+01 -2.109621999999999886e+00 -1.399977999999999945e+01 -4.191607000000000305e+00 4.391360999999999848e+00 1.261299999999999921e-01 2.441809000000000118e+00 7.251718999999999582e+00 -5.079537000000000191e+00 -6.650691000000000130e+00 4.122499000000000358e+00
4.499254999999999782e-01 1.266657999999999973e+01 -2.921273999999999926e+00 -1.202943999999999924e+01 -5.261218999999999646e+00 2.214760000000000062e+00 1.148935999999999957e+00 2.197465999999999919e+00 8.079036999999999580e+00 -3.792876999999999832e+00 -4.005562000000000289e+00 2.921460000000000168e+00
4.343894999999999840e-01 1.289364999999999917e+01 -4.442245999999999917e+00 -1.301543999999999990e+01 -4.725499000000000116e+00 2.679447999999999830e-01 3.544497999999999927e+00 1.464841999999999977e+00 7.172683000000000142e+00 -3.504621000000000208e+00 -4.487752999999999659e+00 4.562172999999999590e+00
1.422847000000000001e-02 1.317645000000000088e+01 -4.106360999999999706e+00 -1.183264999999999922e+01 -5.005417999999999701e+00 -2.562822999999999851e+00 3.724244999999999806e+00 8.674709000000000447e-01 1.122578000000000031e+01 -1.610214999999999952e+00 -6.042965999999999838e+00 2.875474999999999781e+00
-1.024637999999999938e-01 1.297650999999999932e+01 -1.275274000000000019e+00 -1.139831000000000039e+01 -7.635050999999999810e+00 -1.844214000000000020e+00 9.127203999999999873e-01 4.993114000000000274e+00 1.064378999999999920e+01 -1.364711000000000007e+00 -5.370949000000000417e+00 -6.390006000000000297e-01
2.376009000000000038e-01 1.191637000000000057e+01 -1.904541999999999957e+00 -1.064155000000000051e+01 -8.272724999999999440e+00 -4.820369999999999933e-01 2.251275999999999833e+00 3.044010000000000105e+00 1.109747999999999912e+01 -3.526892999999999834e+00 -5.599021999999999721e+00 3.970309000000000199e-01
4.357705000000000051e-01 1.146371000000000073e+01 -1.452706999999999971e+00 -1.112207000000000079e+01 -7.772086999999999968e+00 2.035031999999999952e-01 2.081471000000000071e+00 4.102894000000000041e+00 9.374755999999999645e+00 -2.255593000000000181e+00 -7.352273000000000280e+00 -5.967603000000000213e-01
3.121733999999999898e-01 1.129649999999999999e+01 -2.104670000000000041e+00 -1.242841999999999913e+01 -5.384735000000000049e+00 -1.101863999999999955e+00 1.780833000000000110e+00 4.883421000000000234e+00 7.639032000000000266e+00 -3.119339000000000084e+00 -6.426841999999999722e+00 -1.966219999999999912e-01
-1.095382999999999996e+00 9.625932000000000599e+00 -3.621135999999999799e-01 -1.128223999999999982e+01 -3.134418000000000148e+00 -2.100709000000000160e+00 -1.963225999999999916e+00 4.744143000000000221e+00 8.836555000000000604e+00 -3.468523999999999941e+00 -9.024808000000000163e+00 1.743517999999999901e+00
-2.397295999999999871e+00 9.318652000000000157e+00 2.876656999999999798e+00 -1.120942999999999934e+01 -1.768076999999999899e+00 -4.875091000000000285e+00 -3.762681000000000164e+00 4.429555999999999827e+00 7.675641999999999854e+00 -3.287275999999999865e+00 -9.180141000000000773e+00 4.669334000000000096e+00
-3.338429000000000091e+00 9.696706000000000714e+00 5.674732999999999805e+00 -1.030247999999999919e+01 -1.768076999999999899e+00 -8.691985000000000738e+00 -5.667915999999999954e+00 5.946532000000000373e+00 6.939337000000000089e+00 -1.844200000000000061e+00 -7.560401999999999845e+00 9.405364999999999975e-01
-3.813483999999999874e+00 9.216324999999999434e+00 9.495317999999999259e+00 -7.932330000000000325e+00 -1.665756000000000014e+00 -1.095506999999999920e+01 -1.128261000000000003e+01 2.622751000000000055e+00 1.017845999999999940e+01 -2.002407999999999966e+00 -4.225188000000000166e+00 1.085776000000000074e+00
-4.124202999999999619e+00 8.567852999999999497e+00 1.053640000000000043e+01 -5.151970000000000383e+00 5.016072000000000308e-01 -1.550075000000000003e+01 -1.198887000000000036e+01 3.510107000000000088e-01 7.937729000000000035e+00 1.502753000000000005e+00 -3.764817999999999998e+00 5.182579999999999826e-02
-5.486877999999999922e+00 8.741839999999999833e+00 1.377970999999999968e+01 -1.768775999999999904e+00 1.804729999999999945e+00 -1.780283999999999978e+01 -1.428501999999999938e+01 1.382722999999999924e+00 2.142405000000000115e+00 2.432548000000000155e+00 -3.398540999999999812e+00 -1.498788000000000009e+00
-5.518295000000000172e+00 8.472898000000000707e+00 1.309844000000000008e+01 8.501627000000000489e-01 4.596978000000000009e+00 -1.567966000000000015e+01 -1.442937000000000047e+01 7.885727999999999627e-01 -3.795771000000000006e-01 -3.509476999999999736e-01 -4.398119000000000334e+00 -2.579349000000000114e+00
-6.481868999999999659e+00 8.727095999999999520e+00 1.525075000000000003e+01 3.563124999999999876e+00 8.108757000000000659e+00 -1.525273999999999930e+01 -1.440830000000000055e+01 1.654036000000000062e+00 -3.671736999999999806e+00 -4.270063000000000386e+00 -8.548247999999999180e+00 -2.262650999999999968e+00
-7.141629000000000005e+00 9.307446000000000552e+00 1.810412000000000177e+01 5.890006999999999771e+00 7.863189000000000206e+00 -1.693458000000000041e+01 -1.871665000000000134e+01 4.249017000000000266e+00 -3.943745999999999974e+00 -3.921390000000000153e+00 -5.585881999999999792e+00 -4.188641999999999754e+00
-7.296643000000000434e+00 9.556632000000000460e+00 1.734157000000000082e+01 6.560654999999999681e+00 6.355059999999999931e+00 -1.291841999999999935e+01 -1.422218999999999944e+01 5.383378000000000441e+00 -4.805962000000000067e+00 -6.491125000000000256e+00 -5.986652000000000307e+00 -4.605841999999999992e+00
-7.684006000000000114e+00 9.743005000000000138e+00 1.762133000000000038e+01 6.284824000000000410e+00 6.327652999999999750e+00 -1.098390000000000022e+01 -1.065826999999999991e+01 5.579214000000000340e+00 -5.110475000000000101e+00 -6.385652999999999579e+00 -6.768951000000000384e+00 -1.781984999999999930e+00
-7.905997000000000163e+00 1.034192999999999962e+01 1.784208999999999889e+01 7.696429000000000187e+00 7.831395999999999802e+00 -1.271407999999999916e+01 -1.030554000000000059e+01 4.553538999999999781e+00 -5.068732999999999933e+00 -5.559281999999999613e+00 -5.883644000000000318e+00 -2.277007999999999921e+00
-7.853175000000000239e+00 1.036994999999999933e+01 1.669991999999999877e+01 9.315220999999999307e+00 7.110038000000000302e+00 -1.011012000000000022e+01 -1.033933999999999997e+01 3.778245000000000076e+00 -4.542506999999999628e+00 -7.700472000000000428e+00 -4.484702999999999662e+00 -3.554205000000000059e+00
-8.399350000000000094e+00 1.169106999999999985e+01 1.868965000000000032e+01 7.631528000000000311e+00 5.429060999999999915e+00 -9.040053999999999590e+00 -1.098316999999999943e+01 6.063068000000000346e+00 -5.344846999999999682e+00 -7.406328000000000245e+00 -4.370900999999999925e+00 -2.477596999999999827e+00
-8.354122999999999521e+00 1.111927000000000021e+01 1.776988000000000056e+01 7.494235999999999898e+00 5.640645000000000131e+00 -8.631358999999999781e+00 -8.087735000000000340e+00 4.714355000000000295e+00 -4.809726000000000390e+00 -7.929081000000000046e+00 -3.853982999999999937e+00 -2.089319999999999844e+00
-8.629972000000000421e+00 1.178956999999999944e+01 1.756687000000000154e+01 7.053239999999999732e+00 6.102547999999999639e+00 -7.761396999999999657e+00 -9.901505999999999474e+00 6.594825000000000159e+00 -5.013988000000000334e+00 -5.899507999999999974e+00 -4.500892999999999589e+00 -2.217496999999999829e+00
-8.810188999999999382e+00 1.139353000000000016e+01 1.932222000000000151e+01 7.786709000000000103e+00 5.488991999999999649e+00 -6.320363999999999649e+00 -9.551557999999999993e+00 2.850992000000000193e+00 -4.284525999999999613e+00 -7.120886999999999745e+00 -4.029025999999999996e+00 -2.960844000000000253e-01
-9.611154000000000863e+00 1.238583999999999996e+01 2.011281999999999925e+01 7.293292000000000108e+00 5.753562999999999761e+00 -7.356517000000000195e+00 -8.140625999999999252e+00 3.972068999999999850e+00 -4.135006999999999877e+00 -7.318774999999999586e+00 -5.651582000000000328e+00 -9.022221000000000268e-01
-9.558331000000000799e+00 1.348934000000000033e+01 1.959992000000000090e+01 7.126462000000000074e+00 5.167779000000000345e+00 -6.929591000000000278e+00 -7.120603000000000016e+00 5.122732000000000063e+00 -6.217328000000000188e+00 -6.192884000000000277e+00 -4.323972000000000371e+00 -7.576062999999999548e-01
-9.296291999999999334e+00 1.260908000000000051e+01 1.950955000000000084e+01 6.905962999999999852e+00 3.886216999999999810e+00 -6.650203000000000308e+00 -6.156652000000000236e+00 3.729335999999999984e+00 -5.937448999999999977e+00 -4.588528000000000162e+00 -2.024706999999999812e+00 -1.661507000000000067e+00
-1.005652000000000079e+01 1.349198999999999948e+01 2.080564000000000036e+01 7.556225999999999665e+00 5.209437999999999569e+00 -6.692599000000000409e+00 -7.930258000000000251e+00 3.780257999999999896e+00 -5.290445000000000064e+00 -6.157043999999999961e+00 -3.526186000000000043e+00 -1.555177999999999949e+00
-9.963646999999999920e+00 1.356954999999999956e+01 2.026921000000000106e+01 5.752716000000000385e+00 6.008632999999999669e+00 -4.273494000000000348e+00 -6.934096000000000259e+00 3.311901000000000206e+00 -7.116838000000000442e+00 -6.253555999999999671e+00 -1.100448000000000093e+00 -1.970506000000000091e+00
-1.032062999999999953e+01 1.371669999999999945e+01 2.098058999999999941e+01 6.573135999999999868e+00 4.571763999999999939e+00 -5.511027000000000342e+00 -6.694698999999999955e+00 4.450085999999999764e+00 -5.783140000000000391e+00 -6.594038000000000288e+00 -1.284642999999999979e+00 -1.771789000000000058e+00
-9.744073000000000206e+00 1.359786000000000072e+01 2.043838999999999828e+01 7.151839999999999975e+00 3.755758999999999848e+00 -6.330962000000000423e+00 -6.956366000000000049e+00 4.090415000000000134e+00 -4.476130000000000386e+00 -6.002932000000000379e+00 -7.285392000000000534e-01 -1.538114999999999899e+00
-9.162682999999999467e+00 1.225491000000000064e+01 1.933665999999999840e+01 8.362085000000000434e+00 4.104744000000000170e+00 -4.904767999999999795e+00 -8.486200000000000188e+00 3.063534000000000201e+00 -5.466993999999999687e+00 -6.661622000000000376e+00 -2.231184999999999974e-01 -1.095528999999999975e+00
-8.650342000000000198e+00 1.234810000000000052e+01 1.921534000000000120e+01 8.467757999999999896e+00 4.329118000000000244e+00 -7.348461999999999605e+00 -1.067258999999999958e+01 5.576999999999999957e+00 -4.569194999999999673e+00 -7.629048000000000052e+00 -1.397272000000000070e+00 -2.935166000000000164e+00
-8.409361999999999782e+00 1.204494000000000042e+01 1.946664000000000172e+01 1.088700000000000045e+01 4.542163000000000395e+00 -9.395331000000000543e+00 -1.330715000000000003e+01 7.253739000000000159e-01 -2.406810999999999812e+00 -4.078318000000000332e+00 -1.936714999999999964e+00 -2.879192000000000196e+00
-7.737864000000000075e+00 1.219769999999999932e+01 1.856462000000000145e+01 1.021427000000000085e+01 4.934999999999999609e+00 -1.194712999999999958e+01 -1.591267999999999994e+01 4.558726000000000167e-01 -1.668452999999999964e+00 -5.703411000000000008e+00 -2.911656999999999940e+00 -9.109614000000000322e-01
-6.421796999999999755e+00 1.155217999999999989e+01 1.675233000000000061e+01 9.731671000000000404e+00 3.266448000000000018e+00 -1.486354000000000042e+01 -1.691401000000000110e+01 3.887735999999999859e+00 -2.322299999999999809e+00 -8.808443000000000467e+00 -5.148037999999999670e+00 -8.930666000000000437e-01
-6.320294999999999774e+00 1.261645000000000039e+01 1.825225000000000009e+01 5.857972000000000179e+00 1.551852000000000009e+00 -1.628040999999999983e+01 -1.629722999999999900e+01 1.870803999999999911e+00 -6.508839000000000041e+00 -7.894008999999999610e+00 -4.789738999999999969e+00 -7.563577999999999690e-01
-5.660535000000000316e+00 1.434983000000000075e+01 1.673292999999999964e+01 1.537036000000000069e+00 3.620915000000000106e+00 -1.710077000000000069e+01 -1.837106999999999957e+01 9.892395000000000493e-01 -7.159949000000000119e+00 -6.490612999999999744e+00 -1.842858000000000107e+00 -2.429530999999999885e+00
-4.122131000000000434e+00 1.417880000000000074e+01 1.299198999999999948e+01 -2.996077999999999797e+00 1.050116999999999967e+00 -1.485632999999999981e+01 -1.246448999999999963e+01 1.840009999999999923e+00 -9.243638000000000687e+00 -5.292017000000000415e+00 -2.006873999999999825e+00 -6.558551000000000242e-01
-3.712327000000000155e+00 1.506170999999999971e+01 1.231443999999999939e+01 -6.131314999999999849e+00 -6.557087000000000332e-01 -1.381381999999999977e+01 -1.019697000000000031e+01 2.506819000000000131e+00 -6.127341999999999622e+00 -5.572849999999999859e+00 -4.572694000000000258e+00 -1.668997999999999982e+00
-2.593049000000000159e+00 1.557807000000000031e+01 1.106292000000000009e+01 -8.320073999999999970e+00 -4.478102999999999945e+00 -9.890090000000000714e+00 -7.836806000000000161e+00 3.449368999999999907e+00 -5.685285999999999618e+00 -6.738421999999999912e+00 -6.557538000000000089e+00 6.394444000000000239e-01
-1.920860000000000012e+00 1.583492000000000033e+01 8.921756000000000242e+00 -9.898509000000000668e+00 -5.745414000000000243e+00 -8.999779000000000195e+00 -4.939783000000000257e+00 4.472629000000000410e+00 -7.592768000000000406e+00 -6.183924000000000198e+00 -6.319376000000000104e+00 7.191391000000000311e-01
-1.664690000000000003e+00 1.582429999999999914e+01 7.717687999999999882e+00 -9.544048000000000087e+00 -5.556852000000000125e+00 -9.751879999999999882e+00 -4.478883999999999865e+00 7.481220000000000425e+00 -8.051247999999999294e+00 -8.544249999999999901e+00 -3.781242999999999910e+00 5.949151999999999774e-01
-1.635343999999999909e+00 1.678300000000000125e+01 9.046371000000000606e+00 -9.428390999999999522e+00 -7.067904000000000408e+00 -9.412713999999999359e+00 -6.752759000000000178e+00 7.607014000000000387e+00 -5.796484000000000414e+00 -7.654647999999999897e+00 -4.459831000000000323e+00 -1.293620999999999910e+00
-2.041349999999999998e+00 1.656300999999999846e+01 9.476748999999999867e+00 -8.872567999999999344e+00 -6.663372999999999990e+00 -1.050229000000000035e+01 -6.527280000000000193e+00 1.025311999999999912e+01 -7.926363000000000270e+00 -9.072124000000000521e+00 -3.843893000000000004e+00 -6.371278999999999693e-01
-2.212936000000000014e+00 1.649016999999999911e+01 9.793653000000000830e+00 -9.524910000000000210e+00 -4.166026999999999703e+00 -1.168385999999999925e+01 -5.455162999999999762e+00 9.397517000000000564e+00 -8.625716000000000605e+00 -8.402426999999999424e+00 -6.007066000000000017e+00 1.020647000000000082e+00
-2.375199999999999978e+00 1.645980000000000132e+01 1.045262999999999920e+01 -1.066109999999999935e+01 -3.368292999999999981e+00 -1.030641999999999925e+01 -4.512287999999999855e+00 8.908630000000000493e+00 -1.008874999999999922e+01 -9.668350000000000222e+00 -5.519478000000000328e+00 -3.793163999999999980e-01
-2.458749000000000073e+00 1.657156000000000162e+01 9.284874999999999545e+00 -8.513113999999999848e+00 -2.895061999999999802e+00 -9.878220000000000667e+00 -4.967620000000000147e+00 7.328858000000000317e+00 -8.968550000000000466e+00 -1.190476999999999919e+01 -6.764024000000000036e+00 1.801989000000000063e+00
-3.109532999999999880e+00 1.519322999999999979e+01 1.067463000000000051e+01 -5.461083000000000354e+00 -8.694849999999999524e-01 -1.086561999999999983e+01 -9.203993999999999787e+00 5.801014000000000337e+00 -9.971045999999999410e+00 -7.933944999999999581e+00 -3.735018999999999867e+00 4.825518999999999781e-01
-4.492231999999999559e+00 1.502012999999999998e+01 1.224676999999999971e+01 -3.806929999999999925e+00 2.298789999999999889e+00 -1.158591999999999977e+01 -1.237461000000000055e+01 3.225354999999999972e+00 -8.186054000000000386e+00 -6.856182000000000443e+00 -2.456684000000000090e+00 -7.603113999999999706e-01
-5.014929999999999666e+00 1.454771000000000036e+01 1.312073000000000000e+01 -1.346500999999999948e+00 2.745346000000000064e+00 -1.111660000000000004e+01 -1.127665000000000006e+01 6.176941000000000237e-01 -7.607479999999999798e+00 -8.085753000000000412e+00 -4.634638999999999953e+00 -1.710406000000000093e+00
-6.362759999999999749e+00 1.345837000000000039e+01 1.552927999999999997e+01 1.430530999999999997e+00 6.718296999999999741e+00 -1.194458999999999982e+01 -1.454152000000000022e+01 8.045711000000000529e-03 -7.510994000000000170e+00 -9.461501000000000161e+00 -4.112794000000000061e+00 -3.866117000000000026e+00
-6.379331999999999780e+00 1.120478999999999914e+01 1.600462999999999880e+01 5.970302000000000220e+00 7.350856000000000279e+00 -1.185768000000000022e+01 -1.520602000000000054e+01 -1.491419999999999968e+00 -8.008478999999999459e+00 -8.091898000000000479e+00 -6.871724999999999639e+00 -2.254328000000000110e+00
-6.795695000000000263e+00 1.037937999999999938e+01 1.707830999999999833e+01 7.820407999999999582e+00 6.981772000000000311e+00 -1.304434000000000005e+01 -1.770577000000000112e+01 2.926066000000000056e+00 -4.536348000000000269e+00 -7.596791999999999767e+00 -5.601367999999999903e+00 -2.823218999999999923e+00
-7.343595999999999790e+00 1.061971999999999916e+01 1.925536999999999921e+01 9.100547000000000608e+00 5.905581999999999887e+00 -1.267464999999999975e+01 -1.868165000000000120e+01 3.023480999999999863e+00 9.445403999999999467e-01 -7.224054999999999893e+00 -7.351803999999999562e+00 -3.422781999999999769e-01
-7.282487999999999850e+00 9.740351000000000425e+00 1.832034000000000162e+01 9.822366999999999848e+00 5.602641000000000204e+00 -1.030259999999999998e+01 -1.601011000000000095e+01 3.227568999999999910e+00 -1.568380000000000052e-01 -4.821488000000000440e+00 -7.126077999999999690e+00 -3.110161999999999871e+00
-7.381226999999999983e+00 1.016499999999999915e+01 1.740181000000000111e+01 1.069978000000000051e+01 4.625116000000000227e+00 -1.186658000000000079e+01 -1.028445999999999927e+01 5.739224000000000103e+00 -1.207578000000000040e+00 -6.737910000000000288e+00 -6.979191000000000145e+00 -3.602479000000000209e+00
-7.844198999999999700e+00 1.055544000000000082e+01 1.816766000000000147e+01 7.831223999999999741e+00 5.960396000000000249e+00 -9.532693999999999335e+00 -1.057077999999999918e+01 8.344670000000000698e+00 -1.855266999999999999e+00 -8.373754999999999171e+00 -5.516897000000000162e+00 -5.038440999999999725e+00
-8.160095999999999350e+00 1.034134000000000064e+01 1.873132000000000019e+01 9.428381999999999152e+00 5.036954999999999849e+00 -7.950482000000000049e+00 -9.521732000000000085e+00 5.136217000000000255e+00 -5.761466999999999977e-02 -8.835067999999999699e+00 -5.684432000000000151e+00 -6.878994999999999971e-01
-8.760818999999999690e+00 1.078279999999999994e+01 2.007899000000000100e+01 7.324079000000000228e+00 3.347573999999999828e+00 -4.428663000000000238e+00 -8.378830000000000666e+00 3.262992999999999810e+00 -1.193891999999999953e+00 -7.887353000000000058e+00 -6.612678999999999974e+00 2.010193000000000119e-01
-8.663805999999999230e+00 1.144571999999999967e+01 1.984832000000000107e+01 8.990296999999999983e+00 5.428329999999999878e+00 -7.734263000000000332e+00 -8.904548999999999381e+00 5.829996999999999652e+00 -3.610834999999999795e+00 -8.616955000000000808e+00 -4.501597000000000293e+00 -1.065148999999999901e+00
-9.052550000000000097e+00 1.090282000000000018e+01 2.161935000000000073e+01 9.334357999999999933e+00 3.989999000000000073e+00 -6.044791000000000025e+00 -9.187291999999999348e+00 2.553916000000000075e+00 -2.164226999999999901e+00 -6.563061000000000256e+00 -4.566124000000000294e+00 -8.277293999999999485e-01
-8.934131999999999962e+00 1.187567999999999913e+01 2.115349000000000146e+01 8.813065999999999178e+00 3.767818000000000112e+00 -5.561903000000000041e+00 -9.362266999999999229e+00 2.917009000000000185e+00 -3.302216000000000040e+00 -5.920754999999999768e+00 -4.125230000000000175e+00 -1.335860999999999965e+00
-8.977978000000000236e+00 1.235134000000000043e+01 2.211574999999999847e+01 6.217010000000000147e+00 3.639552000000000120e+00 -4.743238999999999983e+00 -7.979568999999999690e+00 2.863068000000000168e+00 -3.207441000000000209e+00 -6.659316999999999709e+00 -3.476207000000000047e+00 -1.240143999999999913e+00
-8.960024999999999906e+00 1.173206000000000060e+01 2.120053000000000054e+01 7.049496000000000429e+00 4.017771999999999899e+00 -5.178219999999999601e+00 -8.981298999999999921e+00 3.316127999999999965e+00 -1.566492999999999913e+00 -6.086643999999999721e+00 -4.762520000000000309e+00 -1.744739000000000040e+00
-9.819680999999999216e+00 1.226404999999999923e+01 2.228822999999999865e+01 5.033807000000000365e+00 5.848208999999999769e+00 -4.078049000000000035e+00 -8.189937000000000467e+00 1.765136999999999956e+00 -4.466891999999999641e+00 -6.432756999999999614e+00 -3.206367999999999885e+00 4.251217999999999941e-01
-9.347732999999999848e+00 1.223160999999999987e+01 2.259936000000000078e+01 5.368714999999999904e+00 3.247812000000000143e+00 -4.702538999999999803e+00 -7.649105999999999739e+00 4.071094000000000435e+00 -4.489816000000000251e+00 -8.026873999999999398e+00 -3.504129999999999967e+00 2.207032000000000091e-02
-9.538652000000000797e+00 1.257723000000000013e+01 2.223459000000000074e+01 6.028546000000000404e+00 5.361456999999999695e+00 -6.550148000000000081e+00 -1.077439000000000036e+01 4.600032999999999817e+00 -1.392338999999999993e+00 -8.555771000000000015e+00 -6.531258000000000230e+00 -7.084994000000000014e-01
-9.025275999999999854e+00 1.113992000000000004e+01 1.925784000000000162e+01 9.176681000000000310e+00 6.345924000000000120e+00 -7.183965999999999852e+00 -1.257781999999999911e+01 3.413139999999999841e+00 -1.778624999999999901e+00 -8.399354000000000653e+00 -5.648766000000000176e+00 5.372770000000000046e-01
-9.178563999999999723e+00 1.009657999999999944e+01 1.758915000000000006e+01 8.819307000000000230e+00 7.043895000000000017e+00 -7.577823000000000420e+00 -1.235552999999999990e+01 4.719586999999999755e+00 -1.933961000000000041e+00 -1.039922999999999931e+01 -6.905981999999999843e+00 -1.785314999999999985e+00
-8.635151000000000465e+00 7.946512000000000242e+00 1.476013000000000019e+01 1.062739000000000011e+01 6.834138000000000268e+00 -9.244825999999999766e+00 -1.473756999999999984e+01 4.179578000000000237e+00 -9.400176000000000087e-01 -7.489784000000000219e+00 -7.316137999999999586e+00 -3.008826000000000001e+00
-1.027195000000000036e+01 2.608934999999999782e+00 1.868222000000000094e+01 1.326463999999999999e+01 5.015029000000000181e+00 -1.126838000000000051e+01 -1.452083999999999975e+01 6.995956999999999759e+00 -7.819445999999999897e-01 -9.422589000000000325e+00 -8.652663999999999689e+00 -2.266188000000000091e+00
-1.205857999999999919e+01 1.749910000000000077e+00 1.956237000000000137e+01 1.120026999999999973e+01 5.567923999999999651e+00 -9.177841000000000804e+00 -1.601886000000000010e+01 4.566017999999999688e+00 -1.888454999999999995e+00 -7.319798999999999722e+00 -8.378132000000000801e+00 -3.223773000000000000e+00
-1.149410999999999916e+01 3.178080000000000016e+00 1.678615999999999886e+01 8.965752000000000166e+00 4.324367999999999768e+00 -8.912442999999999671e+00 -1.321528999999999954e+01 3.513373000000000079e+00 -9.027233000000000063e-01 -7.570424000000000042e+00 -7.362598000000000198e+00 -2.464904999999999902e+00
-1.174234000000000044e+01 3.737788000000000110e+00 1.469988000000000028e+01 8.856749999999999901e+00 5.133793999999999969e+00 -8.136176000000000741e+00 -1.345588000000000051e+01 3.639569999999999972e+00 -3.918944999999999790e-01 -6.100468000000000224e+00 -7.070936999999999806e+00 -1.194574999999999942e+00
-1.085713999999999935e+01 5.902014000000000316e+00 1.574426000000000059e+01 8.003878999999999522e+00 4.239952999999999861e+00 -8.267602999999999369e+00 -1.315484000000000009e+01 4.501209000000000238e+00 -2.800116999999999745e-01 -5.814515000000000100e+00 -6.699028000000000205e+00 -3.104959000000000024e+00
-8.926536999999999722e+00 8.212801000000000684e+00 1.399592999999999954e+01 5.764363999999999599e+00 5.997303999999999746e+00 -7.661767000000000216e+00 -1.183378000000000085e+01 3.452992000000000061e+00 -3.194780999999999871e+00 -5.782515000000000072e+00 -7.322708999999999691e+00 -3.670313999999999854e+00
-8.360682000000000613e+00 1.261703999999999937e+01 1.320861999999999981e+01 2.202275000000000205e+00 6.927688999999999986e+00 -4.311225999999999559e+00 -1.169659000000000049e+01 3.496018000000000181e-01 -6.393876999999999811e+00 -3.522540999999999922e+00 -5.725024999999999586e+00 -3.092058000000000195e+00
-7.391239999999999810e+00 1.384645000000000081e+01 1.312567999999999913e+01 2.188130000000000130e+00 4.782981999999999623e+00 -3.008827000000000140e+00 -1.043359000000000059e+01 4.995483000000000007e-01 -7.712177999999999756e+00 -4.243183000000000149e+00 -2.400603999999999960e+00 -4.057343000000000366e+00
-7.403667999999999694e+00 1.506376999999999988e+01 1.459961000000000020e+01 4.083338000000000245e-01 6.941208999999999740e+00 -1.201494000000000062e+00 -1.205330000000000013e+01 -1.952375000000000083e-01 -9.152967999999999549e+00 -3.438060999999999812e+00 -1.411350000000000104e+00 -3.218779000000000057e+00
-7.011816999999999744e+00 1.609325000000000117e+01 1.598399999999999999e+01 1.795148000000000021e-01 6.461401000000000394e+00 -3.244547999999999988e+00 -9.763118000000000407e+00 9.127566999999999764e-01 -7.998556999999999917e+00 -4.706544000000000061e+00 -4.109742999999999924e+00 -1.483597999999999972e+00
-6.561964999999999826e+00 1.639521999999999835e+01 1.540961000000000070e+01 2.261105999999999949e-01 5.576694999999999958e+00 -1.977761000000000102e+00 -8.370081000000000770e+00 -1.047118000000000007e-02 -8.431718000000000046e+00 -6.330868999999999858e+00 -4.840421000000000085e+00 -2.419127000000000027e+00
-6.339283000000000001e+00 1.679981000000000080e+01 1.437555000000000049e+01 -3.792197999999999958e-01 5.706057000000000379e+00 -1.847606000000000082e+00 -7.226780999999999899e+00 2.604388999999999732e-01 -9.227214999999999279e+00 -8.567546999999999358e+00 -3.482778000000000151e+00 -2.043957999999999942e+00
-5.964004000000000083e+00 1.729611999999999838e+01 1.379250000000000043e+01 -9.487712999999999841e-01 5.746254000000000417e+00 -2.178293000000000035e+00 -6.853368999999999822e+00 3.361413999999999902e+00 -1.119663000000000075e+01 -1.024793999999999983e+01 -3.309610999999999859e+00 -2.259736999999999885e+00
-5.488603999999999594e+00 1.752789999999999893e+01 1.371326999999999963e+01 -1.061933000000000016e+00 4.410609000000000002e+00 -1.147650999999999977e+00 -7.679726999999999748e+00 3.337463000000000068e+00 -9.190262999999999849e+00 -1.248870999999999931e+01 -4.690718999999999639e+00 -1.607614000000000098e+00
-5.336351999999999762e+00 1.798823000000000150e+01 1.458806000000000047e+01 -6.350812000000000124e-01 2.437654000000000210e+00 -3.428122000000000114e+00 -7.554063000000000194e+00 5.182711000000000290e+00 -9.315830999999999307e+00 -1.258061000000000007e+01 -3.094913000000000025e+00 -4.021969000000000349e+00
-5.004228000000000343e+00 1.779626000000000019e+01 1.383788999999999980e+01 -5.013639000000000290e-02 2.291847000000000190e+00 -4.113237999999999950e+00 -7.813343999999999845e+00 3.123712999999999962e+00 -6.973135000000000083e+00 -1.088050999999999924e+01 -5.290466000000000335e+00 -5.232371999999999801e+00
-4.711807000000000301e+00 1.809381000000000128e+01 1.389896000000000065e+01 -2.313365000000000116e+00 1.031846000000000041e+00 -2.052801999999999794e+00 -4.948532000000000153e+00 5.987746999999999931e-01 -9.774995999999999796e+00 -1.102771000000000079e+01 -4.264606999999999815e+00 -3.895039999999999836e+00
-4.242276000000000380e+00 1.873136999999999830e+01 1.238086999999999982e+01 -1.753381999999999996e+00 2.520186999999999844e-01 -5.176524999999999821e+00 -6.326058999999999877e+00 3.959388000000000130e+00 -8.958285000000000053e+00 -9.489660999999999902e+00 -5.254800999999999611e+00 -7.044334000000000096e+00
-3.032198000000000171e+00 1.924889999999999901e+01 1.173715999999999937e+01 -3.265251999999999821e+00 -2.402827999999999964e+00 -6.683271000000000406e+00 -6.504612999999999978e+00 5.011429999999999829e+00 -3.415125000000000188e+00 -9.372669000000000139e+00 -8.346925000000000594e+00 -8.966995999999999967e+00
-1.333946000000000076e+00 1.857448000000000121e+01 9.439199999999999591e+00 -4.643158999999999814e+00 -3.236007999999999996e+00 -9.160458999999999463e+00 -6.623117999999999839e+00 6.552356999999999765e+00 -4.010806999999999789e+00 -6.695926000000000045e+00 -6.595315000000000261e+00 -8.347958000000000212e+00
-3.437888000000000055e-01 1.934385999999999939e+01 8.685316000000000258e+00 -6.016905999999999644e+00 -7.988056000000000267e+00 -9.912983999999999796e+00 -4.085986000000000118e+00 5.992220999999999798e+00 -3.421283999999999992e+00 -4.074221999999999788e+00 -5.184642000000000195e+00 -7.128606999999999694e+00
-6.810914999999999608e-01 1.952845999999999904e+01 8.049032999999999660e+00 -6.203289999999999971e+00 -9.161450000000000315e+00 -1.143499000000000088e+01 -4.100699999999999790e+00 6.107548999999999673e+00 -2.685662999999999911e+00 -5.613803000000000543e-01 -2.019779000000000213e+00 -6.899926999999999921e+00
-7.691575000000000495e-02 1.901445999999999970e+01 7.690040999999999904e+00 -5.089148999999999923e+00 -1.098750000000000071e+01 -1.520609999999999928e+01 -3.624690000000000190e+00 7.358444999999999681e+00 -4.904335000000000222e-01 -7.462128000000000094e-01 -1.737738000000000005e+00 -5.600465999999999944e+00
-7.070136999999999949e-02 1.861164000000000129e+01 8.235957000000000860e+00 -6.289824000000000304e+00 -1.072366000000000064e+01 -1.596414000000000044e+01 -5.539865999999999957e+00 6.980458999999999747e+00 -1.557938999999999963e+00 -8.342697999999999781e-02 -5.380091999999999652e-01 -1.637577999999999978e+00
-2.312394999999999867e-01 2.037481000000000009e+01 7.729654000000000025e+00 -5.785591000000000150e+00 -1.089907000000000004e+01 -1.676371999999999929e+01 -6.571420999999999957e+00 6.031266999999999712e+00 2.171311999999999964e-01 1.076511999999999913e+00 -1.604460999999999915e+00 -1.046213999999999977e+00
-3.969562999999999842e-01 2.057150000000000034e+01 8.665922000000000125e+00 -6.481201000000000434e+00 -1.304743000000000031e+01 -1.686674000000000007e+01 -6.163014000000000436e+00 6.464400999999999620e+00 2.713452000000000197e+00 -9.776302000000000603e-02 -2.831878000000000117e+00 -1.319007000000000041e+00
2.165410000000000112e-01 1.858774999999999977e+01 7.515083999999999875e+00 -5.322128000000000192e+00 -1.380643000000000065e+01 -1.408048999999999928e+01 -6.307765999999999984e+00 3.093522999999999801e+00 2.829098000000000113e+00 1.171745000000000037e+00 -2.531769999999999854e+00 -1.843452999999999897e-01
-5.240057999999999661e-01 1.992126000000000019e+01 9.041833000000000453e+00 -5.151138000000000439e+00 -1.504340999999999973e+01 -1.454006000000000043e+01 -7.042659999999999698e+00 5.317160000000000331e+00 3.322477999999999820e+00 -1.917153000000000052e-01 -9.197731999999999575e-01 -2.155489000000000210e+00
-5.561133999999999800e-01 1.919759000000000171e+01 6.781006999999999785e+00 -5.154466000000000214e+00 -1.205602000000000018e+01 -1.457610000000000028e+01 -5.897370999999999697e+00 2.699033000000000015e+00 1.276424999999999921e+00 4.459825000000000039e-01 -6.405482000000000120e-01 2.894534000000000273e-01
-6.810914999999999608e-01 1.920938999999999908e+01 5.682159999999999656e+00 -2.984844999999999970e+00 -1.229208999999999996e+01 -1.433231999999999928e+01 -6.412353999999999665e+00 3.196975999999999818e+00 2.449654999999999916e+00 5.176627000000000312e-01 -6.468834999999999447e-01 1.715635000000000021e+00
-1.549033000000000104e+00 1.848630999999999958e+01 7.881503999999999621e+00 -1.328195000000000014e+00 -1.363504000000000005e+01 -1.508441999999999972e+01 -8.335483999999999227e+00 3.585830000000000073e+00 5.664831999999999645e+00 -9.599735000000000351e-01 2.855872999999999884e-01 3.135020999999999988e-03
-1.583557000000000103e+00 1.800091000000000108e+01 6.174020999999999759e+00 -1.326947000000000099e+00 -1.356560999999999950e+01 -1.386257999999999946e+01 -8.329121000000000663e+00 3.456615000000000215e+00 3.181512000000000118e+00 1.320993000000000084e+00 1.563687000000000049e+00 6.964584000000000330e-01
-2.950375999999999888e+00 1.932114999999999938e+01 7.263377000000000194e+00 -2.466466000000000047e+00 -1.411485000000000056e+01 -1.554823000000000022e+01 -9.112927000000000888e+00 5.622084000000000081e+00 6.320388999999999591e+00 1.725729999999999986e+00 1.848073999999999995e+00 -1.091366999999999976e+00
-3.432679999999999954e+00 1.764852000000000132e+01 8.102676000000000656e+00 -1.519155000000000033e+00 -1.453655999999999970e+01 -1.689387999999999934e+01 -8.428141000000000105e+00 4.013730999999999938e+00 4.614091000000000165e+00 -3.686117999999999895e-01 3.427925000000000111e+00 2.862365000000000048e+00
-2.908256000000000174e+00 1.985668000000000077e+01 6.847440999999999889e+00 -2.706102000000000007e+00 -1.583930999999999933e+01 -1.152106000000000030e+01 -8.087735000000000340e+00 4.961266999999999761e-01 5.203613999999999962e+00 2.294820000000000082e+00 3.663037000000000099e+00 -1.871876000000000095e+00
-5.925682000000000116e+00 1.685319000000000145e+01 5.246418000000000248e+00 -1.685985000000000067e+00 -1.194126999999999938e+01 -1.205608999999999931e+01 -9.127641999999999811e+00 -2.475678000000000045e-01 4.744107999999999770e+00 3.216165999999999858e+00 3.659987000000000101e+00 -1.445727999999999902e+00
-7.669159999999999755e+00 1.508234999999999992e+01 4.140144000000000268e+00 -2.609582000000000068e+00 -1.230341999999999913e+01 -1.443280000000000030e+01 -1.087222000000000044e+01 5.554554999999999909e-02 4.499812999999999619e+00 4.196137000000000228e+00 4.132557000000000258e+00 1.123231000000000090e+00
-9.043919999999999959e+00 9.730914000000000286e+00 1.903664000000000023e+00 -1.373542999999999958e+00 -6.315483999999999654e+00 -6.862606000000000428e+00 -7.153609999999999580e+00 -2.936943999999999999e+00 1.625416999999999890e+00 2.981926000000000077e+00 2.602215999999999863e+00 2.506132000000000026e+00
-9.875609999999999999e+00 6.127607000000000248e+00 -6.336603000000000374e-02 -2.352718000000000032e-01 -5.538946000000000147e+00 -4.746207000000000065e+00 -7.132532999999999568e+00 -2.900112000000000023e+00 -1.055156000000000011e-01 1.230369000000000046e+00 4.413893999999999984e+00 3.988080000000000069e+00
-2.217524999999999835e+01 1.572089000000000070e+00 9.257685999999999346e-03 6.034786999999999679e+00 5.950895000000000046e+00 9.980824000000000140e+00 7.344230999999999732e+00 5.600951000000000235e+00 3.251310999999999840e+00 2.424868000000000023e+00 6.196945999999999621e+00 2.958915000000000184e+00
-2.076595999999999975e+01 1.245935999999999932e+00 -4.793019000000000029e-01 3.826058999999999877e+00 3.250735000000000152e+00 4.838637000000000299e+00 1.836905000000000010e+00 2.503195999999999977e+00 1.644236000000000031e+00 9.331519000000000341e-01 5.744318999999999953e+00 2.414785000000000181e+00
