-2.983940000000000037e+00 9.005992000000000886e+00 3.041215999999999919e-01 -1.159460999999999942e+01 -7.575537999999999883e+00 1.981397000000000075e+00 8.092921999999999727e+00 3.519997000000000043e+00 8.127197000000000671e+00 -5.781293999999999933e+00 -8.475550999999999391e+00 6.265976000000000212e+00
-9.183130999999999933e-01 8.069482999999999961e+00 5.707811000000000135e-02 -1.527971999999999930e+01 -1.043988000000000049e+01 1.633518999999999943e+00 6.471306000000000225e+00 3.638732000000000077e+00 1.045288000000000039e+01 -6.718113999999999919e+00 -1.002368000000000059e+01 8.650176999999999339e+00
1.025409999999999933e+00 1.362626000000000026e+01 -3.692215000000000025e+00 -1.737606999999999857e+01 -1.069463999999999970e+01 8.028640000000000221e-01 8.465156999999999599e+00 4.076693999999999818e+00 9.016923000000000243e+00 -5.599225999999999814e+00 -9.418739999999999668e+00 7.131667000000000201e+00
1.282186999999999966e+00 1.454964999999999975e+01 -2.942736000000000018e+00 -1.558830000000000027e+01 -1.092760999999999960e+01 1.469826000000000077e+00 6.461355000000000182e+00 2.035915999999999837e+00 1.045288000000000039e+01 -1.050294999999999979e+00 -8.309397000000000588e+00 5.305976000000000248e+00
1.399682000000000093e+00 1.442406000000000077e+01 -2.644461999999999868e+00 -1.507042000000000037e+01 -1.117661999999999978e+01 2.808419999999999916e+00 6.399070000000000036e+00 5.105231999999999826e-02 1.123048999999999964e+01 -1.930565000000000087e+00 -7.880269000000000190e+00 6.292187000000000197e+00
6.563255000000000061e-01 1.303511999999999915e+01 -1.452126000000000028e+00 -1.472016999999999953e+01 -1.012555000000000049e+01 2.223952999999999847e+00 6.103125000000000355e+00 -1.154346000000000094e+00 1.275242000000000075e+01 -1.861874999999999947e+00 -8.589209000000000316e+00 6.835020000000000095e+00
8.671938000000000146e-01 1.250136999999999965e+01 -1.463511000000000006e+00 -1.450711000000000084e+01 -8.951211999999999946e+00 1.352309999999999901e+00 4.689739000000000324e+00 6.783673000000000064e-01 1.330624000000000073e+01 -3.128623999999999850e+00 -8.821972999999999843e+00 7.071405999999999636e+00
2.555979999999999919e-01 1.141637000000000057e+01 5.849391000000000451e-01 -1.478384999999999927e+01 -9.431136000000000408e+00 2.268572999999999951e+00 2.963455000000000172e+00 1.087147000000000086e+00 1.190062999999999960e+01 -1.902978999999999976e+00 -7.367938999999999794e+00 5.372605000000000075e+00
-8.158617000000000230e-01 1.138626000000000005e+01 2.961262000000000061e+00 -1.578214999999999968e+01 -8.387876999999999583e+00 1.986585999999999963e+00 -1.330510000000000081e+00 4.601314000000000348e+00 1.186185000000000045e+01 -2.996211999999999875e+00 -6.676828000000000429e+00 4.160294999999999632e+00
-1.487371999999999916e+00 1.027937999999999974e+01 4.600249999999999950e+00 -1.420274999999999999e+01 -4.902260000000000062e+00 -1.524370000000000003e+00 -4.498559000000000196e+00 5.138630000000000031e+00 1.054981000000000080e+01 -1.952082000000000095e+00 -6.801382000000000261e+00 4.723949000000000176e+00
-2.625230999999999870e+00 1.029714000000000063e+01 8.048612999999999573e+00 -1.417277999999999949e+01 -6.343677999999999706e+00 -1.090883000000000047e+00 -3.555073000000000150e+00 5.485926000000000080e+00 8.050910999999999262e+00 -3.452484000000000108e+00 -5.666285000000000238e+00 5.285889000000000060e+00
-3.802254000000000023e+00 1.102544999999999931e+01 1.065945999999999927e+01 -1.229979999999999940e+01 -5.864574000000000176e+00 -4.982663999999999760e+00 -4.133695000000000341e+00 6.578157000000000032e+00 1.046509999999999962e+01 -3.632620999999999878e+00 -8.774677000000000504e+00 4.374881000000000242e+00
-4.857114000000000154e+00 1.041319999999999979e+01 1.262289999999999957e+01 -1.027978000000000058e+01 -2.881072000000000077e+00 -7.792672999999999739e+00 -9.174709999999999255e+00 6.582390000000000185e+00 9.133248000000000033e+00 -2.607524999999999871e+00 -8.529284000000000532e+00 2.468843000000000121e+00
-5.546781000000000184e+00 1.102749999999999986e+01 1.354997999999999969e+01 -8.468595000000000539e+00 5.277070000000000372e-01 -1.068673000000000073e+01 -1.081807000000000052e+01 5.055092000000000141e+00 5.235904999999999809e+00 -1.249465999999999966e+00 -7.599713000000000385e+00 3.655921000000000198e+00
-5.380264999999999631e+00 1.078739000000000026e+01 1.375489999999999924e+01 -5.079888000000000403e+00 -5.352763999999999855e-01 -1.010304000000000002e+01 -1.101671999999999940e+01 3.680613000000000135e+00 2.072341999999999906e+00 -6.825738999999999557e-01 -5.973087999999999731e+00 2.359344999999999803e+00
-6.113504999999999967e+00 1.087617999999999974e+01 1.559425000000000061e+01 -1.512310999999999961e+00 1.537684999999999969e+00 -1.150259999999999927e+01 -1.140995999999999988e+01 5.143085000000000129e+00 6.798009000000000412e-01 -5.303228999999999971e+00 -6.544597999999999693e+00 1.549260999999999999e+00
-6.990695999999999799e+00 1.104475000000000051e+01 1.704804999999999993e+01 1.010605999999999893e+00 2.873501999999999779e+00 -1.261004999999999932e+01 -1.033932000000000073e+01 3.780858999999999970e+00 6.782465000000000022e-02 -5.702122000000000135e+00 -8.323510999999999882e+00 7.107609000000000288e-01
-7.610591999999999580e+00 1.136205999999999960e+01 1.889423999999999992e+01 3.468904999999999905e+00 4.773888000000000353e+00 -1.147225000000000072e+01 -1.210872999999999955e+01 3.578139999999999876e+00 -7.818612999999999813e-01 -6.735494000000000092e+00 -8.424540999999999613e+00 -8.038300999999999918e-01
-7.418657999999999753e+00 1.143463999999999992e+01 1.941867999999999839e+01 4.328606999999999871e+00 4.349433999999999578e+00 -9.059668000000000276e+00 -1.120172999999999952e+01 3.270719999999999850e+00 -2.094323000000000157e+00 -9.625678999999999874e+00 -9.524969999999999715e+00 4.635956999999999995e-01
-7.807713999999999821e+00 1.112556000000000012e+01 1.927372000000000085e+01 6.104669999999999597e+00 5.694702000000000375e+00 -9.569423999999999708e+00 -1.131597999999999971e+01 1.249989999999999934e+00 -4.568357999999999919e+00 -7.094111999999999973e+00 -5.910439000000000220e+00 2.480304999999999871e-01
-8.391037999999999997e+00 1.128537000000000035e+01 2.009188999999999936e+01 5.548391999999999769e+00 7.404433000000000042e+00 -8.902461000000000624e+00 -1.127801999999999971e+01 2.089602999999999877e+00 -4.956954999999999778e+00 -7.932173999999999836e+00 -6.362349000000000032e+00 2.940829999999999833e-01
-8.931566000000000116e+00 1.290825000000000067e+01 1.967332000000000036e+01 4.493897999999999726e+00 7.187481000000000009e+00 -6.488322000000000145e+00 -9.985148999999999830e+00 1.938789000000000096e+00 -4.739475999999999800e+00 -7.965552999999999884e+00 -4.149356000000000044e+00 -2.073460999999999999e+00
-8.327232999999999663e+00 1.306085999999999991e+01 1.863961000000000112e+01 5.255269000000000190e+00 6.914647000000000432e+00 -7.136866000000000376e+00 -8.002724000000000615e+00 2.517317999999999945e+00 -7.727285000000000181e+00 -6.091911999999999772e+00 -4.048079000000000427e+00 -1.032132999999999967e+00
-9.368346000000000728e+00 1.313883000000000045e+01 1.968888000000000105e+01 6.265747000000000178e+00 7.324718999999999980e+00 -7.253604000000000163e+00 -8.892770000000000508e+00 3.640960000000000196e+00 -5.920437999999999867e+00 -7.979898000000000380e+00 -6.351949000000000289e+00 3.954966999999999788e-01
-9.514891000000000432e+00 1.346566999999999936e+01 2.035106999999999999e+01 7.696710999999999636e+00 5.499115999999999893e+00 -7.442459999999999631e+00 -7.252358000000000082e+00 -4.718841000000000008e-02 -5.929288999999999810e+00 -5.077575000000000394e+00 -4.125831999999999944e+00 1.295971999999999902e+00
-9.277825999999999240e+00 1.269746999999999915e+01 1.778008000000000166e+01 8.104086000000000567e+00 7.733558999999999628e+00 -6.974730000000000096e+00 -4.955191000000000123e+00 8.822001000000000426e-01 -5.045886000000000315e+00 -5.683915999999999968e+00 -4.570560000000000400e+00 -3.126842000000000232e-01
-9.166555999999999926e+00 1.371016000000000012e+01 1.828631000000000029e+01 7.831565999999999583e+00 7.577829999999999622e+00 -6.160419000000000089e+00 -6.858010000000000161e+00 1.697530999999999901e+00 -4.798481999999999914e+00 -7.221559000000000061e+00 -3.499349000000000043e+00 -6.527409000000000683e-02
-9.967752000000000834e+00 1.358919999999999995e+01 1.822369000000000128e+01 8.265632000000000090e+00 6.685779000000000138e+00 -3.801276999999999795e+00 -5.229759999999999742e+00 -1.623594999999999899e-01 -6.744413999999999909e+00 -4.120065000000000310e+00 -4.386328999999999922e+00 -1.393450000000000077e+00
-1.027380999999999922e+01 1.357555999999999941e+01 1.959628000000000014e+01 7.344121000000000343e+00 7.563860000000000028e+00 -4.044869000000000270e+00 -7.082456999999999780e+00 1.106305000000000094e+00 -6.736405999999999672e+00 -5.718674000000000035e+00 -1.474053000000000058e+00 -1.566146999999999956e+00
-9.345262999999999209e+00 1.321887000000000079e+01 1.828250999999999848e+01 8.169171999999999656e+00 6.350488999999999606e+00 -4.321149000000000129e+00 -6.555062999999999640e+00 1.290310999999999986e+00 -6.556437999999999988e+00 -6.468461999999999712e+00 -4.657384999999999997e-01 -4.746032000000000028e-01
-9.100415999999999173e+00 1.317357999999999940e+01 1.666666999999999987e+01 9.365544999999999121e+00 6.309400000000000119e+00 -4.567077000000000275e+00 -6.558379999999999654e+00 6.558677000000000534e-01 -6.272367000000000026e+00 -5.884190000000000254e+00 -3.800704999999999778e+00 2.414165000000000061e-01
-8.876839000000000368e+00 1.454321000000000019e+01 1.718200999999999823e+01 8.919304999999999595e+00 3.950867000000000129e+00 -5.674529999999999852e+00 -5.195116999999999763e+00 -4.755714999999999804e-01 -5.829822000000000060e+00 -3.713448000000000082e+00 -3.853943000000000119e+00 -1.242064999999999975e+00
-8.317895999999999290e+00 1.424287999999999954e+01 1.622268000000000043e+01 9.635723999999999734e+00 5.293257999999999797e+00 -5.260499000000000258e+00 -6.382950000000000124e+00 -1.331892000000000076e+00 -3.894004999999999939e+00 -5.604743000000000031e+00 -3.960916000000000103e+00 -2.128086999999999840e+00
-8.341238999999999848e+00 1.412373000000000012e+01 1.795045999999999964e+01 8.840638999999999470e+00 3.348495999999999917e+00 -8.510220999999999592e+00 -9.019550999999999874e+00 -1.042170000000000041e-01 -3.912548999999999833e+00 -3.249451000000000089e+00 -2.880790999999999880e+00 -2.292454999999999909e+00
-7.182890000000000441e+00 1.415229000000000070e+01 1.677975999999999956e+01 7.466332999999999664e+00 4.196991999999999834e+00 -9.437120000000000175e+00 -1.305810999999999922e+01 -9.095237000000000460e-01 -2.276397999999999922e+00 -3.271243999999999819e+00 -4.768657000000000146e+00 -2.682923000000000169e+00
-6.098721000000000281e+00 1.562537999999999982e+01 1.509484999999999921e+01 2.038876999999999828e+00 1.656843999999999983e+00 -6.600909999999999833e+00 -1.114497000000000071e+01 -9.959576999999999458e-01 -6.035499999999999865e+00 -6.854114000000000040e+00 -2.921152999999999889e+00 -2.295885000000000176e+00
-5.413982999999999990e+00 1.575998000000000054e+01 1.579917999999999978e+01 1.568756999999999957e+00 -2.673733999999999833e-01 -1.220354999999999990e+01 -1.041562000000000054e+01 -7.034631999999999552e-01 -7.900930999999999926e+00 -4.896060000000000301e+00 -1.096678000000000042e+00 -2.801483000000000168e+00
-4.107793000000000028e+00 1.686531000000000091e+01 1.245402999999999949e+01 -2.451616000000000017e+00 2.764869000000000007e-02 -1.077857000000000021e+01 -9.006652000000000768e+00 4.615141999999999856e-02 -1.094311000000000078e+01 -4.789852999999999916e+00 5.613953000000000415e-01 5.373288000000000508e-01
-3.253426000000000151e+00 1.680458000000000141e+01 1.069475000000000087e+01 -6.902307999999999666e+00 -1.542378000000000027e+00 -7.209502999999999773e+00 -5.568457000000000434e+00 1.787530000000000063e+00 -1.373746000000000045e+01 -7.359488999999999947e+00 1.739826000000000095e+00 3.702954000000000079e+00
-2.894457000000000058e+00 1.816186000000000078e+01 1.030616000000000021e+01 -8.811820000000000874e+00 -5.923742999999999981e+00 -7.274875999999999898e+00 -7.817408999999999608e-01 4.912074999999999747e+00 -1.431446000000000041e+01 -9.907607999999999748e+00 -1.504758000000000040e+00 5.144057000000000102e+00
-2.427589999999999915e+00 1.846631000000000000e+01 8.883096000000000103e+00 -9.914075000000000415e+00 -5.598315000000000374e+00 -9.513389999999999347e+00 4.296800000000000064e-01 4.768612000000000073e+00 -1.023376999999999981e+01 -8.495480999999999838e+00 -5.441196999999999839e+00 3.419290000000000163e+00
-1.658037999999999901e+00 1.749943000000000026e+01 8.436823999999999657e+00 -9.263680000000000803e+00 -6.926736000000000004e+00 -8.192954000000000292e+00 -2.125839000000000034e+00 5.238430000000000142e+00 -6.619659000000000404e+00 -6.918112999999999957e+00 -5.102698000000000178e+00 -9.074999000000000260e-02
-2.221909999999999830e+00 1.918226999999999904e+01 9.533528999999999698e+00 -1.080561999999999934e+01 -7.192585000000000228e+00 -9.194565000000000765e+00 -2.663552999999999837e+00 5.893145999999999773e+00 -7.281368999999999758e+00 -5.333021999999999707e+00 -2.452157999999999838e+00 -9.446824999999999806e-01
-2.019082000000000043e+00 1.977237999999999829e+01 9.487612000000000378e+00 -9.627038999999999902e+00 -6.132888999999999591e+00 -1.253819999999999979e+01 -4.380622999999999934e+00 7.679299999999999571e+00 -5.372946999999999917e+00 -1.963667999999999969e+00 -5.126223000000000418e+00 -3.869511000000000145e+00
-1.751411000000000051e+00 1.911921999999999855e+01 9.422340999999999411e+00 -9.658879999999999910e+00 -6.961661999999999573e+00 -1.046388999999999925e+01 -3.590085000000000193e+00 6.546078999999999759e+00 -5.430687999999999960e+00 -3.129176000000000180e+00 -4.598046000000000078e+00 -3.711021999999999821e+00
-1.395035999999999943e+00 1.846424999999999983e+01 8.242528000000000077e+00 -8.772019000000000233e+00 -7.301472000000000406e+00 -8.980026999999999759e+00 -3.252493999999999996e+00 5.797132000000000396e+00 -6.060367000000000282e+00 -4.545166000000000039e+00 -3.532283000000000062e+00 -3.521911999999999932e+00
-1.618354000000000070e+00 1.886468999999999951e+01 8.095288999999999291e+00 -9.620015000000000427e+00 -6.159186000000000050e+00 -8.843574000000000268e+00 -1.887388000000000066e+00 5.522904999999999731e+00 -8.043388000000000204e+00 -7.267076000000000313e+00 -2.876085999999999920e+00 -6.436258999999999730e-01
-1.837782000000000027e+00 1.903428999999999860e+01 9.379839000000000482e+00 -1.017675999999999981e+01 -8.444578999999999169e+00 -7.075643999999999600e+00 3.226967999999999837e+00 3.714695999999999998e+00 -1.373746000000000045e+01 -7.789831000000000394e+00 -2.711913000000000018e+00 9.978546999999999834e-01
-2.465977000000000086e+00 1.700247999999999848e+01 9.104333999999999705e+00 -9.756275000000000475e+00 -3.671631999999999785e+00 -4.785765999999999742e+00 -1.403114999999999890e+00 2.429101999999999872e+00 -1.384451999999999927e+01 -7.513970999999999734e+00 -5.014297000000000004e+00 2.938187000000000104e+00
-3.024143000000000026e+00 1.684035000000000082e+01 1.032512999999999970e+01 -7.887031999999999599e+00 -2.230214999999999836e+00 -3.645366999999999802e+00 -6.770664000000000016e+00 -2.439494999999999969e+00 -9.533288999999999902e+00 -6.604185000000000194e+00 -2.900352999999999959e+00 3.428598000000000035e+00
-3.452363000000000071e+00 1.529340000000000011e+01 1.260317000000000043e+01 -5.249393999999999672e+00 2.240561000000000080e-01 -5.794380999999999560e+00 -8.770410999999999291e+00 -3.340815000000000090e+00 -9.325082999999999345e+00 -5.531088999999999700e+00 -1.857866999999999935e+00 3.447214999999999918e+00
-5.098069999999999879e+00 1.481317999999999913e+01 1.780246999999999957e+01 -5.804987999999999815e-01 -2.525812000000000057e-01 -7.566720000000000113e+00 -1.351143000000000072e+01 -3.191783000000000037e+00 -7.370720000000000383e+00 -5.219918999999999976e+00 -2.748224000000000222e-01 5.304699999999999971e-01
-5.562343000000000259e+00 1.421739999999999959e+01 1.836524000000000001e+01 2.981459000000000081e+00 1.283752000000000004e+00 -8.626699999999999591e+00 -1.568734000000000073e+01 -1.880570000000000075e+00 -5.936033000000000115e+00 -4.766681000000000168e+00 -2.717855999999999828e+00 -1.468407999999999936e+00
-5.917421000000000042e+00 1.319185000000000052e+01 1.857736999999999838e+01 5.716023999999999994e+00 3.177400000000000224e-01 -8.300093999999999639e+00 -1.422236000000000011e+01 -1.425899999999999945e+00 -2.088422000000000001e+00 -6.424875000000000114e+00 -5.273062000000000360e+00 -2.014914999999999790e+00
-6.867236000000000118e+00 1.373897999999999975e+01 1.971998999999999924e+01 5.526853000000000016e+00 1.046666000000000096e+00 -7.331687999999999761e+00 -1.216585000000000072e+01 -1.790572000000000052e+00 -2.783427999999999791e+00 -7.531626000000000154e+00 -5.787867000000000317e+00 -8.741337999999999608e-01
-6.961647000000000141e+00 1.293913000000000046e+01 2.000763999999999854e+01 6.187081000000000053e+00 1.277177999999999924e+00 -6.941784000000000177e+00 -1.195762000000000036e+01 3.292897000000000185e-01 -3.739745999999999793e+00 -6.747907999999999795e+00 -5.718532999999999866e+00 -1.987478999999999996e+00
-6.857638999999999818e+00 1.231067000000000000e+01 1.994882000000000133e+01 5.844324000000000296e+00 1.195821000000000023e+00 -6.536573999999999884e+00 -1.162776999999999994e+01 1.689956999999999931e+00 -3.677789999999999893e+00 -7.969966999999999580e+00 -4.724827999999999584e+00 -1.380467000000000111e+00
-7.241767000000000287e+00 1.231479000000000035e+01 2.031122999999999834e+01 7.884477999999999653e+00 7.475353999999999610e-01 -7.593958999999999904e+00 -8.835276999999999603e+00 9.704161999999999511e-01 -4.603341000000000349e+00 -9.418784000000000489e+00 -2.599740999999999858e+00 -6.972722999999999560e-01
-7.601513999999999882e+00 1.259093000000000018e+01 2.113015000000000043e+01 8.890273999999999788e+00 1.072141999999999928e+00 -8.967316000000000287e+00 -9.537731000000000847e+00 1.666690000000000116e-01 -1.274140000000000050e+00 -7.963345999999999592e+00 -5.122755999999999865e+00 -1.826102000000000003e-01
-7.463789000000000229e+00 1.164334999999999987e+01 2.117682999999999893e+01 9.395981000000000805e+00 1.800246000000000013e+00 -7.720555000000000057e+00 -1.050479999999999947e+01 -3.194110000000000005e-01 -1.195745999999999976e+00 -6.957284999999999719e+00 -5.248052000000000383e+00 -8.879030000000000256e-02
-7.724714999999999776e+00 1.158416000000000068e+01 1.971050999999999931e+01 8.751673000000000258e+00 3.701042999999999861e+00 -8.149891000000000219e+00 -9.215619000000000227e+00 2.753798000000000079e-01 -8.160005000000000175e-01 -7.688037999999999705e+00 -6.250175999999999732e+00 6.027333000000000274e-01
-7.716414999999999580e+00 1.142692000000000085e+01 2.044783999999999935e+01 8.282488999999999990e+00 2.135536000000000101e+00 -7.441680999999999990e+00 -7.899530000000000385e+00 7.278217999999999632e-01 -2.737909000000000148e+00 -7.015215999999999674e+00 -6.172918000000000127e+00 6.742618000000000222e-01
-7.957111000000000267e+00 1.172056000000000076e+01 2.064934999999999832e+01 7.964548999999999879e+00 3.961961000000000066e+00 -6.382740000000000080e+00 -1.203059999999999974e+01 2.290439999999999976e-01 6.932878999999999570e-01 -6.792872000000000021e+00 -6.470559999999999867e+00 2.960426999999999920e-01
-7.697480999999999796e+00 1.089959999999999951e+01 1.954999000000000109e+01 9.358052999999999955e+00 5.584582000000000157e+00 -9.017122999999999777e+00 -1.220640000000000036e+01 2.074899999999999967e+00 7.071965000000000057e-01 -6.864872000000000085e+00 -8.258387000000000810e+00 -5.395176999999999889e-01
-8.197806999999999178e+00 1.173883000000000010e+01 1.814780000000000015e+01 9.815531000000000006e+00 5.965069999999999872e+00 -8.343935000000000102e+00 -1.221486999999999945e+01 2.224378000000000188e+00 3.287152999999999881e-01 -7.034525999999999613e+00 -8.612733000000000416e+00 -9.549708000000000085e-01
-8.139449000000000822e+00 1.110136999999999929e+01 1.741691000000000145e+01 9.009209000000000245e+00 7.512908999999999615e+00 -5.722521999999999665e+00 -1.382469000000000037e+01 3.324083999999999928e-01 2.927084999999999937e+00 -8.849133000000000138e+00 -9.289977999999999625e+00 1.179564000000000029e-01
-8.080052000000000234e+00 1.032956000000000074e+01 1.708523999999999887e+01 1.040645999999999916e+01 7.132010000000000183e+00 -7.309897000000000311e+00 -1.439337000000000089e+01 3.747666000000000164e+00 1.502512999999999987e+00 -1.118318000000000012e+01 -7.244623999999999953e+00 6.840602000000000071e-01
-9.134394000000000347e+00 7.267826000000000342e+00 1.813982999999999990e+01 1.331006000000000000e+01 7.439358999999999611e+00 -1.108702000000000076e+01 -1.199079000000000050e+01 5.408401999999999710e+00 -8.113643000000000383e-01 -8.307895999999999503e+00 -9.226091000000000264e+00 -1.666336000000000039e+00
-1.111131999999999920e+01 5.285946000000000033e+00 2.090322000000000102e+01 9.654921999999999116e+00 7.732738000000000334e+00 -8.086593999999999838e+00 -1.129129000000000005e+01 5.711143999999999998e+00 -2.285670999999999786e+00 -7.718106999999999829e+00 -1.046543999999999919e+01 -3.375180999999999987e+00
-1.033787000000000056e+01 6.664589000000000318e+00 1.939780999999999977e+01 9.213832999999999274e+00 6.842741000000000184e+00 -9.317529000000000394e+00 -1.156695999999999991e+01 5.384788999999999604e+00 -1.404374000000000011e+00 -6.376599999999999824e+00 -9.780267999999999518e+00 -2.785315999999999903e+00
-7.699556000000000289e+00 1.149099999999999966e+01 1.333328999999999986e+01 9.943830000000000169e+00 5.651557999999999637e+00 -7.664520999999999695e+00 -8.945840999999999710e+00 3.821401999999999965e+00 9.335265000000000368e-01 -5.951775999999999733e+00 -7.391710999999999920e+00 -4.953952000000000133e+00
-8.450953000000000159e+00 1.255799000000000021e+01 1.387898999999999994e+01 9.553781000000000745e+00 4.533103999999999800e+00 -7.372676000000000229e+00 -1.059398999999999980e+01 1.747876999999999903e+00 -1.117351999999999901e+00 -5.254953000000000429e+00 -5.768056999999999768e+00 -2.484748999999999874e+00
-8.950760000000000716e+00 1.294632999999999967e+01 1.344333999999999918e+01 7.187257999999999925e+00 7.172277000000000236e+00 -4.086895000000000167e+00 -1.145786999999999978e+01 -3.339033000000000140e+00 -6.214203000000000365e+00 -5.888327999999999562e+00 -5.777466999999999686e+00 -1.032430000000000014e-01
-8.820555999999999841e+00 1.127069999999999972e+01 1.507967000000000013e+01 7.073006000000000348e+00 2.195937999999999946e+00 -5.259462000000000081e+00 -1.479139999999999944e+01 -1.957202000000000108e+00 -5.050099999999999589e+00 -9.728298999999999808e+00 -5.971849999999999881e+00 -2.246893000000000029e+00
-1.058582999999999963e+01 1.254768999999999934e+01 9.207554000000000016e+00 7.065514000000000294e+00 3.846089000000000091e+00 -1.277144999999999975e+00 -6.203834999999999766e+00 -2.083511999999999809e+00 -4.707866000000000106e+00 -4.485856000000000066e+00 -2.142135999999999818e+00 -1.648698999999999915e+00
-9.035833000000000226e+00 1.226280000000000037e+01 1.313519999999999932e+01 3.379001000000000143e+00 4.388468999999999731e+00 -6.472793999999999492e-01 -7.534297999999999718e+00 -2.255933999999999884e+00 -8.555476000000000525e+00 -5.475365000000000038e+00 -3.197994000000000003e+00 -2.330668999999999880e+00
-8.580379000000000644e+00 1.545167000000000002e+01 1.390252000000000088e+01 4.543065000000000353e+00 9.070608999999999256e+00 -3.405360999999999978e-03 -9.010336999999999819e+00 -2.165490000000000137e+00 -9.850236000000000658e+00 -5.026265000000000427e+00 -3.691751000000000005e+00 -3.627734999999999932e+00
-6.246044000000000374e+00 1.847299999999999898e+01 1.152543999999999969e+01 -1.485588000000000013e-02 4.676505999999999830e+00 9.813431999999999711e-01 -6.901867000000000196e+00 -1.023357999999999990e+00 -1.029531000000000063e+01 -6.717011000000000287e+00 -1.942304999999999948e+00 -3.863631999999999955e+00
-5.549892999999999965e+00 1.747806999999999888e+01 1.164762999999999948e+01 -4.299319999999999808e+00 3.984970999999999819e+00 -5.321350999999999859e-02 -2.228295999999999832e+00 3.074683999999999973e+00 -1.354612000000000016e+01 -6.696321000000000190e+00 -3.964382000000000073e+00 -3.522647000000000084e+00
-4.414108999999999838e+00 1.572162999999999933e+01 9.894797000000000509e+00 -3.386236999999999941e+00 3.713780999999999999e+00 -1.155996999999999941e+00 -2.766747000000000067e+00 3.187180999999999820e+00 -1.203894000000000020e+01 -8.228723999999999705e+00 -3.146240999999999843e+00 -3.892293000000000003e+00
-4.773077999999999932e+00 1.796163999999999916e+01 1.237054999999999971e+01 -3.751002000000000169e+00 1.699576999999999893e+00 -1.890927000000000024e+00 -1.232475999999999905e+00 2.421082000000000178e+00 -1.040657999999999994e+01 -8.981545000000000556e+00 -2.590330999999999939e+00 -2.626581999999999972e+00
-4.298170999999999964e+00 1.860373999999999839e+01 1.288019000000000069e+01 -3.304294000000000064e+00 7.389065999999999690e-01 -1.882106000000000057e+00 -3.383697999999999873e+00 4.080703999999999887e+00 -8.296692999999999429e+00 -9.254922999999999789e+00 -3.811847999999999903e+00 -4.957870999999999917e+00
-4.096639999999999837e+00 1.916913999999999874e+01 1.183623000000000047e+01 -3.201747999999999816e+00 1.294024999999999981e+00 -6.247101000000000459e-01 -4.222883999999999638e+00 2.705557000000000212e+00 -7.894187999999999761e+00 -8.070655999999999608e+00 -3.852209999999999912e+00 -5.182254999999999612e+00
-3.855944000000000038e+00 2.025749000000000066e+01 1.207568999999999981e+01 -3.678424000000000138e+00 4.751124999999999932e-01 -1.730347000000000079e+00 -4.644872999999999585e+00 2.649418999999999969e+00 -9.238680999999999699e+00 -5.048886000000000429e+00 -2.605188000000000059e+00 -5.917137000000000313e+00
-3.858019000000000087e+00 2.080925999999999831e+01 1.340160000000000018e+01 -1.978216999999999892e+00 -2.081881999999999788e+00 -5.519397999999999804e+00 -4.631973999999999592e+00 4.759923999999999822e+00 -5.556708000000000425e+00 -6.719769999999999577e+00 -3.965621000000000063e+00 -7.254621000000000208e+00
-3.370401999999999898e+00 1.967227000000000103e+01 1.226656999999999975e+01 -1.549303000000000097e+00 -1.761795999999999918e+00 -5.097067000000000014e+00 -3.917724999999999902e+00 3.586828000000000127e+00 -7.404016999999999626e+00 -4.290547000000000111e+00 -4.090422000000000224e+00 -6.637321000000000026e+00
-3.226710999999999885e+00 2.034189999999999898e+01 1.323956000000000088e+01 -2.220769000000000215e+00 -3.360996000000000095e+00 -9.723257999999999512e+00 -3.905562999999999896e+00 6.592414999999999914e+00 -5.682306999999999775e+00 -3.975239000000000189e+00 -3.642722000000000016e+00 -7.403067000000000064e+00
-2.046056000000000097e+00 2.092532999999999888e+01 1.082870999999999917e+01 -3.166628999999999916e+00 -3.530695000000000139e+00 -1.062965999999999944e+01 -4.948557000000000095e+00 6.675284000000000439e+00 -7.169546999999999448e-01 -4.211098999999999926e+00 -5.874286999999999814e+00 -7.027053000000000438e+00
-1.370915000000000106e+00 2.084117000000000175e+01 1.071143999999999963e+01 -5.218490000000000073e+00 -5.459022000000000041e+00 -9.868790999999999869e+00 -5.161946999999999619e+00 6.170046000000000141e+00 2.191327999999999887e-01 -2.525082000000000160e-01 -6.753591000000000122e+00 -6.988349000000000366e+00
-1.412389000000000006e-01 2.094333999999999918e+01 8.642124000000000805e+00 -5.710149000000000363e+00 -6.665817999999999799e+00 -1.001199000000000083e+01 -5.516860000000000319e+00 7.400839999999999641e+00 -1.443991999999999942e+00 -1.046708999999999889e+00 -3.216317999999999788e+00 -5.484536000000000300e+00
5.821703999999999768e-02 2.205407999999999902e+01 9.456873999999999114e+00 -8.194670999999999594e+00 -1.028168999999999933e+01 -1.090048999999999957e+01 -2.180753000000000164e+00 5.426891999999999605e+00 -6.667996999999999952e-01 5.038998999999999562e-01 -1.386395000000000044e+00 -5.024255000000000138e+00
1.531466999999999967e-01 2.215136000000000038e+01 8.975690000000000168e+00 -7.548020000000000174e+00 -1.086679999999999957e+01 -1.144190000000000040e+01 -2.648073999999999817e+00 4.500844999999999985e+00 1.398961999999999983e-01 2.211472999999999800e+00 -2.187450999999999812e+00 -3.078043999999999780e+00
7.198712999999999917e-01 2.076653999999999911e+01 8.537387000000000725e+00 -8.447523999999999589e+00 -1.051301999999999914e+01 -9.259938000000000002e+00 -5.608259999999999579e+00 3.188518000000000185e+00 1.778286000000000033e-01 3.683737999999999957e+00 -7.921036000000000188e-01 -3.031501000000000001e+00
5.964108999999999661e-01 2.198304999999999865e+01 8.504372000000000043e+00 -8.728472999999999260e+00 -1.192280000000000051e+01 -1.167614999999999981e+01 -4.121164000000000271e+00 3.650316000000000116e+00 6.089936000000000238e-01 9.245864000000000305e-01 -1.424528999999999934e+00 2.639528999999999903e-01
8.059823999999999877e-01 2.025285999999999831e+01 7.903270000000000017e+00 -7.623408000000000406e+00 -1.270185000000000031e+01 -1.227022000000000013e+01 -6.025826000000000349e+00 4.356714000000000198e+00 1.936628000000000016e+00 2.787469000000000197e+00 -6.564071000000000211e-01 -2.863458000000000059e+00
1.547029000000000043e-01 1.942264000000000124e+01 9.207554000000000016e+00 -6.605438000000000365e+00 -1.607037000000000049e+01 -1.332267000000000046e+01 -2.426575999999999844e+00 5.374540999999999791e+00 3.164794999999999803e+00 2.552712000000000092e+00 -3.721217999999999915e+00 -1.842462999999999962e+00
-5.201544999999999780e-02 1.795495000000000019e+01 9.488371000000000777e+00 -7.384134000000000420e+00 -1.671177000000000135e+01 -1.038424999999999976e+01 -4.207036000000000442e+00 2.319053999999999949e+00 6.483037999999999634e+00 3.107190999999999814e+00 -3.780647000000000091e+00 -6.928630000000000067e-01
-6.049934999999999619e-01 1.744668000000000063e+01 9.974489000000000161e+00 -8.087910000000000821e+00 -1.785692999999999842e+01 -9.494970000000000354e+00 -3.506793000000000049e+00 2.961072000000000148e+00 7.282568000000000374e+00 1.551892000000000049e+00 -1.765007999999999910e+00 -1.189204999999999984e-01
-1.298032000000000075e+00 1.762784999999999869e+01 9.695188999999999169e+00 -7.314833000000000141e+00 -1.456648999999999994e+01 -1.079673000000000016e+01 -3.653843999999999870e+00 3.625589000000000173e+00 5.638830999999999705e+00 3.711876000000000175e+00 -1.981181999999999999e+00 6.411921000000000426e-01
-1.060448000000000057e+00 1.995201000000000136e+01 8.684246999999999161e+00 -5.071460000000000079e+00 -1.402904000000000018e+01 -1.134825000000000017e+01 -6.395113000000000270e+00 5.104769000000000112e+00 6.651626000000000261e+00 3.181948999999999916e+00 -6.831502000000000407e-01 -2.109469999999999956e+00
-1.674377999999999922e+00 1.939948000000000050e+01 6.210396000000000249e+00 -4.410294999999999632e+00 -1.425380000000000003e+01 -1.295560000000000045e+01 -5.562191000000000329e+00 4.433792000000000399e+00 6.507482999999999684e+00 4.144700000000000273e+00 9.382753000000000343e-01 -2.736568999999999807e+00
-3.093395000000000117e+00 1.889943999999999846e+01 5.053732000000000113e+00 -4.731512000000000384e+00 -1.396740999999999921e+01 -1.419223999999999997e+01 -7.171645999999999965e+00 4.133277999999999786e+00 8.026464999999999961e+00 5.632689000000000057e+00 7.441400000000000237e-01 -1.699651000000000023e+00
-3.448732000000000131e+00 1.809751999999999938e+01 6.587982000000000227e+00 -3.919102999999999781e+00 -1.528842999999999996e+01 -1.192337999999999987e+01 -5.022267000000000259e+00 1.507732999999999990e+00 6.877956000000000181e+00 4.603455000000000297e+00 -1.165921999999999931e-01 -1.794256999999999935e-01
-8.071752999999999290e+00 1.431211000000000055e+01 3.979035999999999795e+00 -4.739472000000000129e+00 -1.263158999999999921e+01 -1.105563000000000073e+01 -7.109728999999999743e+00 -1.880570000000000075e+00 6.305597999999999814e+00 6.895024000000000264e+00 5.064143999999999757e+00 3.981397999999999882e-02
-1.344461000000000084e+01 8.925698000000000576e+00 -6.388937999999999562e-01 -2.631890999999999980e+00 -9.826828000000000785e+00 -1.172596000000000060e+01 -9.727902000000000271e+00 -3.305394999999999861e+00 1.331395000000000106e+00 3.556842000000000059e+00 5.762189000000000227e+00 1.271721000000000101e+00
-1.368194000000000088e+01 8.638234000000000634e+00 1.226266000000000078e+00 -2.572890999999999817e+00 -9.968996999999999886e+00 -1.133943000000000012e+01 -1.145161000000000051e+01 -6.919584000000000401e+00 -1.070858999999999978e-01 1.826097000000000081e+00 2.065695999999999977e+00 9.150580000000000380e-01
-1.559791000000000061e+01 7.135804000000000258e+00 1.142020000000000035e+00 -2.634952999999999879e-01 -5.330822999999999645e+00 -5.368158000000000207e+00 -7.779752000000000223e+00 -6.894633999999999929e+00 -4.052056000000000324e+00 -2.684489999999999821e+00 -1.928685999999999900e+00 5.444326999999999916e-01
