-2.039200999999999908e+01 2.718643999999999838e+00 -3.282846999999999849e+00 2.009968000000000199e+00 3.119545000000000012e+00 1.937427999999999928e+00 2.287221999999999866e+00 1.820238000000000023e+00 4.885153999999999996e+00 8.109928000000000026e+00 6.380434000000000161e+00 6.224903000000000297e+00
-4.460556000000000409e+00 1.287946999999999953e+01 -2.003045999999999882e+00 -7.407576999999999856e+00 -5.746139000000000330e+00 1.397170999999999941e+00 5.550896999999999970e+00 3.613188000000000066e+00 5.202797999999999590e+00 -1.003737000000000101e+00 -3.675548000000000037e+00 2.776679999999999815e+00
-2.075309999999999988e+00 1.143507999999999925e+01 -4.079992999999999981e+00 -1.052172000000000018e+01 -4.307902999999999594e+00 -1.504947000000000035e+00 7.815620000000000012e+00 2.861571999999999782e+00 9.084217000000000652e+00 -2.334487999999999897e+00 -7.395307999999999993e+00 4.118145000000000167e+00
-2.868249000000000049e+00 1.209224999999999994e+01 -2.840066000000000201e+00 -1.150036000000000058e+01 -1.549396999999999913e+00 -3.165820000000000078e+00 5.598775999999999975e+00 1.907392999999999894e+00 9.613355000000000317e+00 -2.462385999999999964e+00 -7.947757000000000183e+00 4.444897000000000098e+00
-3.100792000000000215e+00 1.157624999999999993e+01 -9.829487000000000085e-01 -1.021973999999999982e+01 -1.233357000000000037e+00 -1.123493999999999993e+00 3.304301999999999850e+00 -9.332892000000000410e-01 8.898250000000000881e+00 -1.443159000000000081e+00 -9.489371000000000222e+00 5.239752000000000187e+00
-2.914925000000000210e+00 1.264927999999999919e+01 -1.771346000000000032e-01 -1.009356000000000009e+01 -1.822510000000000074e+00 -1.460031999999999996e+00 6.047816000000000081e+00 -2.083368000000000109e+00 8.476074000000000552e+00 -2.239173000000000080e+00 -8.854438999999999282e+00 4.669844999999999580e+00
-3.182125999999999788e+00 1.449389000000000038e+01 -4.129149999999999765e-01 -1.026789999999999914e+01 -1.685953000000000035e+00 -2.726942000000000199e+00 7.709171000000000440e+00 -3.573806999999999956e+00 9.382818999999999576e+00 -1.608816999999999942e+00 -1.045007999999999981e+01 5.024789000000000172e+00
-2.839459999999999873e+00 1.488228999999999935e+01 -5.894034999999999691e-01 -1.115793000000000035e+01 -2.745617000000000196e+00 -8.851267999999999914e-01 7.866287999999999947e+00 -3.782767000000000213e+00 7.374043000000000347e+00 -8.143255000000000354e-01 -8.385431999999999775e+00 6.921477999999999575e+00
-2.573656999999999861e+00 1.282557000000000080e+01 -5.803884000000000265e-01 -1.055591000000000079e+01 -1.538918999999999926e+00 -1.363787000000000083e+00 4.365542999999999729e+00 -2.626291000000000153e+00 9.558659000000000461e+00 1.457087000000000021e+00 -1.197442999999999991e+01 5.818861000000000061e+00
-2.629836000000000062e+00 1.312634000000000079e+01 -8.220631999999999939e-01 -1.053856999999999999e+01 -1.198879999999999946e+00 -1.852713000000000054e+00 5.064204000000000150e+00 -5.431523999999999575e+00 1.245675999999999917e+01 6.939604999999999801e-01 -1.033755000000000024e+01 6.373889000000000138e+00
-3.445415000000000116e+00 1.364199999999999946e+01 8.866509000000000196e-01 -1.118441999999999936e+01 -1.219776000000000055e-01 -4.157147000000000148e+00 4.483613000000000071e+00 -3.044744000000000117e+00 1.193978000000000073e+01 -9.821157999999999832e-01 -8.701301000000000840e+00 5.642661999999999622e+00
-4.446579999999999977e+00 1.312529999999999930e+01 1.346769000000000105e+00 -1.125040000000000084e+01 2.105513000000000190e+00 -4.381399000000000044e+00 1.183216000000000045e+00 -2.983442000000000149e+00 1.294862000000000002e+01 -2.390877999999999892e-01 -1.066076999999999941e+01 7.725143000000000093e+00
-5.134706999999999688e+00 1.267118999999999929e+01 3.424409999999999954e+00 -1.089448999999999934e+01 3.913533000000000150e+00 -6.059917000000000442e+00 -3.104512000000000160e+00 6.746893999999999947e-01 1.106786999999999921e+01 -1.157215000000000105e+00 -7.399784000000000361e+00 6.529923000000000144e+00
-5.991931000000000118e+00 1.223724999999999952e+01 7.487808000000000241e+00 -1.009548000000000023e+01 1.798261000000000109e+00 -7.821526999999999674e+00 -4.634314999999999962e+00 4.621472999999999942e+00 7.833897999999999584e+00 -1.301860999999999935e+00 -4.800906999999999591e+00 4.873256999999999728e+00
-6.872912000000000354e+00 1.148340999999999923e+01 8.764141999999999655e+00 -8.434867000000000559e+00 2.643963999999999981e+00 -6.031363999999999947e+00 -8.464171000000000333e+00 4.256325999999999610e+00 7.909663000000000110e+00 -7.525079999999999547e-01 -5.862644999999999662e+00 3.763592000000000048e+00
-7.358403000000000027e+00 1.054945000000000022e+01 1.071313999999999922e+01 -5.450283999999999907e+00 2.577376000000000111e+00 -6.740371999999999808e+00 -1.015945999999999927e+01 4.012984000000000329e+00 6.480668999999999791e+00 -3.414922999999999931e+00 -4.989213000000000342e+00 4.798470000000000013e+00
-7.750259999999999927e+00 1.068679999999999986e+01 1.082582999999999984e+01 -1.340162000000000075e+00 4.438800999999999775e+00 -8.752541000000000793e+00 -1.130855999999999995e+01 2.076106999999999925e+00 6.009873999999999938e+00 -2.514154000000000000e+00 -4.677820999999999785e+00 1.725748000000000060e+00
-8.959094000000000335e+00 9.994160000000000821e+00 1.352101000000000042e+01 9.369248999999999494e-01 4.411084999999999923e+00 -7.639944999999999986e+00 -8.719834999999999781e+00 -1.174392999999999965e-01 1.643075000000000063e+00 -1.956579000000000068e+00 -6.071731999999999907e+00 2.012366000000000099e+00
-8.932821000000000566e+00 1.068576000000000015e+01 1.368640000000000079e+01 2.587428000000000061e+00 7.388283000000000378e+00 -7.669139000000000372e+00 -1.015991999999999962e+01 2.376219999999999999e+00 2.263373000000000079e+00 -5.004820999999999742e+00 -9.376836000000000837e+00 6.041408999999999807e-01
-8.868536999999999892e+00 1.097226999999999997e+01 1.438057000000000052e+01 4.629484999999999850e+00 5.627584999999999837e+00 -5.370479999999999698e+00 -9.198626000000000857e+00 3.281357999999999997e+00 6.236962999999999813e-01 -8.684941000000000244e+00 -9.350619999999999266e+00 -1.659434000000000076e+00
-8.651085999999999387e+00 1.178453000000000017e+01 1.370130999999999943e+01 6.878637999999999586e+00 5.454524000000000150e+00 -5.336472999999999800e+00 -8.026752000000000109e+00 1.187761000000000067e+00 -1.685302000000000078e+00 -6.890710999999999586e+00 -7.314103000000000243e+00 -2.118532000000000082e+00
-9.144961000000000340e+00 1.323795999999999928e+01 1.494158999999999970e+01 5.662554000000000087e+00 6.535482000000000014e+00 -5.012768000000000335e+00 -7.925416000000000238e+00 1.325822999999999974e+00 -2.230646000000000129e+00 -8.346009999999999707e+00 -4.278830000000000133e+00 -1.506140999999999952e+00
-9.332784999999999442e+00 1.266527999999999921e+01 1.492043999999999926e+01 8.234391000000000460e+00 4.233966999999999814e+00 -5.901754000000000389e+00 -5.310200000000000031e+00 7.493178999999999812e-01 -8.215044000000000235e-01 -9.062849999999999184e+00 -4.787158999999999942e+00 -1.623019999999999907e+00
-9.510825000000000529e+00 1.228487999999999936e+01 1.295236000000000054e+01 7.583726000000000411e+00 6.187331000000000358e+00 -4.310177000000000369e+00 -6.159005999999999759e+00 -8.290758000000000294e-01 -1.045557000000000070e+00 -8.514105999999999952e+00 -4.142636000000000429e+00 1.491548000000000040e-01
-9.825540999999999414e+00 1.205677999999999983e+01 1.391316999999999915e+01 9.444694999999999396e+00 6.811637000000000164e+00 -5.275197000000000358e+00 -6.187362000000000251e+00 -1.419601000000000057e-01 -3.656804000000000165e+00 -6.793264999999999887e+00 -3.999087999999999976e+00 -2.358162999999999787e+00
-1.018385999999999925e+01 1.314546999999999954e+01 1.576854999999999940e+01 7.693052999999999919e+00 5.954442000000000235e+00 -5.036188000000000109e+00 -6.879979999999999762e+00 7.034745999999999500e-01 -1.363607000000000014e+00 -6.478087000000000373e+00 -2.272685000000000066e+00 -1.538836000000000093e+00
-1.076577999999999946e+01 1.222577000000000069e+01 1.504594999999999949e+01 9.388346999999999554e+00 8.272182000000000812e+00 -2.503010999999999875e+00 -7.615828999999999738e+00 -8.065807999999999311e-02 4.579864000000000157e-01 -4.794397000000000020e+00 -3.920120999999999967e+00 -7.130476999999999510e-01
-1.108496000000000059e+01 1.298135000000000083e+01 1.485768000000000022e+01 7.619366000000000305e+00 1.018566000000000038e+01 -2.824469999999999814e+00 -8.714722999999999331e+00 5.363599999999999479e-01 -4.190802999999999834e+00 -4.079690000000000261e+00 -3.139083999999999985e+00 -2.191752000000000145e+00
-1.046978999999999971e+01 1.366877000000000031e+01 1.366421000000000063e+01 8.127954000000000789e+00 6.563875000000000348e+00 -4.426313000000000386e+00 -4.982948999999999629e+00 -1.112130999999999981e+00 -3.001256999999999842e+00 -5.717700999999999922e+00 -4.007719999999999949e+00 -1.059377000000000013e+00
-1.056146000000000029e+01 1.246881999999999913e+01 1.427031000000000027e+01 1.215765000000000029e+01 7.330483000000000082e+00 -6.838542000000000343e+00 -6.740527000000000157e+00 -2.371220999999999801e+00 -2.816100000000000048e+00 -3.577231999999999967e+00 -2.431258000000000141e+00 -2.551787000000000027e+00
-1.084179999999999922e+01 1.287251999999999974e+01 1.392113999999999940e+01 9.768342000000000525e+00 7.985210000000000363e+00 -4.970419999999999838e+00 -5.542156999999999556e+00 7.098714000000000413e-01 -2.861073000000000199e+00 -3.394216000000000122e+00 -3.989497000000000071e+00 -4.357243999999999673e+00
-1.121101999999999954e+01 1.271118000000000059e+01 1.392843000000000053e+01 9.691765000000000185e+00 6.870449999999999946e+00 -1.435329000000000077e+00 -3.126824000000000048e+00 5.211677999999999589e-01 -2.116391000000000133e+00 -5.388514999999999944e+00 -4.615159000000000233e+00 -2.407499000000000056e+00
-1.079232999999999976e+01 1.171255000000000024e+01 1.404457999999999984e+01 1.075807000000000002e+01 7.807755000000000223e+00 -1.070880000000000054e+00 -6.580155000000000420e+00 -1.296837000000000018e+00 -3.617909000000000042e+00 -4.340663000000000160e+00 -2.447242999999999835e+00 -3.819834999999999869e+00
-1.120822000000000074e+01 1.254392999999999958e+01 1.459900999999999982e+01 9.408573999999999771e+00 7.616778000000000048e+00 -9.865051999999999710e-01 -6.100901000000000352e+00 -2.171323000000000114e+00 -4.207818999999999754e+00 -5.065419999999999590e+00 -1.179615000000000080e+00 -2.114615999999999829e+00
-1.129822000000000060e+01 1.346640999999999977e+01 1.434346999999999994e+01 8.806070999999999316e+00 7.232797999999999838e+00 -2.669194000000000067e+00 -2.809800000000000075e+00 -3.058069999999999844e+00 -3.787265000000000104e+00 -4.369288000000000061e+00 -3.553100999999999843e+00 -1.556259999999999977e+00
-1.149024000000000001e+01 1.259852000000000061e+01 1.574116000000000071e+01 1.228335000000000043e+01 6.382362999999999786e+00 -2.484081999999999901e+00 -5.292070999999999970e+00 -3.201996999999999982e+00 -2.940078000000000191e+00 -6.190316000000000152e+00 -5.013829999999999565e+00 -2.752899999999999792e-01
-1.051534999999999975e+01 1.209224999999999994e+01 1.540551999999999921e+01 1.297542999999999935e+01 6.411431999999999576e+00 -6.044518000000000058e+00 -6.786546999999999663e+00 -2.257413000000000114e+00 -1.608727000000000018e+00 -5.303250000000000242e+00 -6.706985000000000419e+00 -1.294359999999999955e-01
-1.097064999999999912e+01 1.116316999999999915e+01 1.620508999999999844e+01 1.272354999999999947e+01 7.535318000000000183e+00 -6.469280999999999615e+00 -8.514839000000000269e+00 -2.359227000000000185e+00 -2.537351000000000134e+00 -6.422055000000000291e+00 -5.694799999999999862e+00 9.945205000000000295e-01
-1.012152999999999992e+01 1.015062999999999960e+01 1.573456999999999972e+01 1.223855999999999966e+01 5.878051000000000137e+00 -6.095849000000000295e+00 -1.198025999999999947e+01 -1.418107999999999924e+00 -2.352193000000000200e+00 -6.016739000000000281e+00 -7.322095000000000020e+00 -4.708713999999999955e-01
-9.940974999999999895e+00 1.155781999999999954e+01 1.592008000000000045e+01 1.039973999999999954e+01 7.064468999999999888e+00 -1.046507000000000076e+01 -1.466194999999999915e+01 -1.329620000000000024e+00 -6.432345999999999897e-01 -5.896454000000000306e+00 -6.872271999999999714e+00 -1.939983000000000013e+00
-8.834996000000000294e+00 1.081024000000000029e+01 1.476544999999999952e+01 8.163593000000000544e+00 7.099622000000000099e+00 -1.382338999999999984e+01 -1.884507999999999939e+01 -6.150516999999999790e-01 2.136963999999999864e+00 -3.940828999999999915e+00 -8.415803999999999618e+00 -3.691209999999999880e+00
-7.607435999999999865e+00 1.264719999999999978e+01 1.267497999999999969e+01 2.970794999999999852e+00 6.963403999999999705e+00 -1.393310999999999922e+01 -1.663568000000000069e+01 -5.294953999999999494e-01 -2.470095000000000152e+00 8.559649999999999759e-01 -4.815933000000000241e+00 -2.785740000000000105e+00
-7.842774000000000356e+00 1.367295000000000016e+01 1.237678000000000011e+01 -1.982639000000000040e+00 3.737429000000000112e+00 -1.144515999999999956e+01 -1.254086000000000034e+01 1.813307999999999920e+00 -3.446527000000000118e+00 -9.778525000000000134e-01 -5.041324999999999612e+00 1.567901999999999907e-01
-7.289925000000000210e+00 1.510690999999999917e+01 1.116042999999999985e+01 -4.809732999999999592e+00 7.358936000000000366e-01 -1.188404000000000060e+01 -8.814199000000000339e+00 3.760845999999999911e+00 -1.174396999999999913e+00 -4.026093999999999618e+00 -7.182704000000000200e+00 2.844418999999999809e+00
-6.179196000000000133e+00 1.584961999999999982e+01 9.905943000000000609e+00 -7.948432999999999637e+00 -1.599423000000000039e+00 -1.039930000000000021e+01 -3.974235999999999880e+00 4.995148999999999617e+00 -3.181553000000000075e+00 -4.276105000000000267e+00 -8.808082000000000633e+00 1.795641000000000043e+00
-5.579949000000000048e+00 1.698977000000000004e+01 9.646238000000000312e+00 -8.663634999999999309e+00 -4.581015999999999977e+00 -8.888567000000000107e+00 -3.518688000000000038e+00 6.232649999999999579e+00 -4.038058000000000369e+00 -3.960014000000000145e+00 -6.928219999999999601e+00 -4.315202000000000204e-01
-5.398833999999999911e+00 1.781140999999999863e+01 1.036433000000000071e+01 -8.956459000000000614e+00 -7.344928999999999597e+00 -9.588912999999999798e+00 -3.980744000000000060e+00 7.988019999999999676e+00 4.918141000000000179e-02 -5.580667000000000044e+00 -7.655547000000000324e+00 -1.204447999999999963e+00
-5.237283999999999828e+00 1.649810000000000088e+01 9.797415000000000873e+00 -7.882451999999999792e+00 -7.271918999999999578e+00 -1.005762999999999963e+01 -2.857679000000000080e+00 7.853955000000000020e+00 -8.843039000000000316e-01 -3.343665999999999805e+00 -8.971130000000000493e+00 -3.295544000000000029e+00
-4.856606000000000201e+00 1.709825000000000017e+01 8.779398999999999731e+00 -8.005746000000000251e+00 -8.082129999999999370e+00 -8.482732999999999635e+00 -1.547282000000000046e+00 6.063670000000000115e+00 -6.440449000000000312e-01 -1.998297999999999908e+00 -9.501839999999999620e+00 -4.910900999999999961e+00
-5.064553000000000083e+00 1.766188999999999965e+01 8.640356999999999843e+00 -7.780831000000000053e+00 -8.364708000000000254e+00 -7.711486999999999981e+00 -1.879180999999999990e+00 5.800603999999999871e+00 6.212653000000000203e-01 -3.786437999999999970e+00 -9.473065999999999320e+00 -5.104916000000000231e+00
-5.613209999999999589e+00 1.738372000000000028e+01 8.387933999999999557e+00 -8.042830000000000368e+00 -4.317028999999999783e+00 -8.802588000000000079e+00 -2.661049999999999915e+00 5.505555000000000199e+00 -2.506963999999999970e+00 -3.886014999999999997e+00 -9.069919999999999760e+00 -1.560958999999999985e+00
-6.412297999999999831e+00 1.666431000000000040e+01 9.938537000000000177e+00 -1.012341999999999942e+01 -2.370425000000000004e+00 -6.817688999999999666e+00 -3.319269999999999943e+00 4.859485000000000277e+00 -6.439837999999999951e+00 -3.926212000000000035e+00 -8.179543000000000674e+00 -3.708292999999999728e-01
-6.579997999999999791e+00 1.546261999999999937e+01 1.058346000000000053e+01 -9.405326000000000519e+00 -1.801155000000000117e-01 -5.156494999999999607e+00 -5.828037000000000134e+00 4.667049999999999699e+00 -6.335307000000000244e+00 -4.672284999999999577e+00 -7.044912000000000063e+00 1.055995000000000017e+00
-6.893036000000000385e+00 1.464410999999999952e+01 1.076411000000000051e+01 -5.810533999999999644e+00 1.538391000000000064e-01 -5.599864000000000175e+00 -6.426292000000000115e+00 3.666761000000000159e+00 -3.074996000000000063e+00 -7.806706000000000145e+00 -7.224266000000000076e+00 3.529834999999999834e+00
-7.586195000000000022e+00 1.394937999999999967e+01 1.253247000000000000e+01 -2.076073000000000057e+00 1.352424999999999988e+00 -8.235703000000000884e+00 -8.936453000000000202e+00 2.076639999999999819e+00 -3.366305000000000103e+00 -5.571836000000000233e+00 -5.705989999999999895e+00 1.541717999999999922e+00
-8.652205000000000368e+00 1.380472999999999928e+01 1.490690999999999988e+01 7.351273000000000390e-01 2.842715000000000103e+00 -8.883755000000000734e+00 -1.463080000000000069e+01 1.740011999999999892e+00 -7.562737999999999960e-01 -3.845209999999999795e+00 -8.358897000000000688e+00 -1.076605999999999952e+00
-9.137693999999999761e+00 1.213015000000000043e+01 1.472209999999999930e+01 4.230224999999999902e+00 8.187340999999999980e+00 -1.159690999999999939e+01 -1.539081999999999972e+01 1.418948999999999905e-01 -1.116460000000000008e+00 -3.567182999999999993e+00 -1.322958999999999996e+01 -1.869307999999999970e+00
-8.729625999999999664e+00 1.082310000000000016e+01 1.371934000000000076e+01 7.587096999999999980e+00 8.551716000000000761e+00 -1.002907000000000082e+01 -1.576315999999999917e+01 -3.647795999999999816e-01 1.666574000000000000e+00 -6.697340999999999767e+00 -1.344730999999999987e+01 -1.774550999999999989e+00
-9.224339000000000510e+00 1.058283999999999914e+01 1.487674999999999947e+01 9.326218000000000785e+00 9.134109000000000478e+00 -9.776590999999999809e+00 -1.589377999999999957e+01 -3.919656999999999725e-01 3.488573000000000146e+00 -7.921814000000000355e+00 -1.376892999999999923e+01 7.906662999999999886e-02
-9.824144000000000432e+00 1.064751000000000047e+01 1.599184999999999945e+01 1.057456999999999958e+01 8.741001999999999938e+00 -9.056675999999999505e+00 -1.532342000000000048e+01 -1.235535000000000050e+00 4.283898999999999901e+00 -6.684550999999999910e+00 -1.384342999999999968e+01 -3.530134999999999801e-01
-9.601103999999999417e+00 9.640188999999999453e+00 1.713192000000000093e+01 1.054086000000000034e+01 7.308512999999999593e+00 -8.867392999999999859e+00 -1.265986000000000011e+01 1.867146999999999890e+00 2.543337999999999877e+00 -8.403259999999999508e+00 -1.457107000000000063e+01 -7.794160999999999451e-01
-1.036358000000000068e+01 1.065342000000000056e+01 1.836975999999999942e+01 1.193177000000000021e+01 8.396568999999999505e+00 -8.840123999999999427e+00 -1.508634999999999948e+01 -5.926631999999999456e-01 3.631998999999999977e+00 -7.526853000000000016e+00 -1.011791000000000018e+01 1.266259000000000023e+00
-1.006647000000000070e+01 1.048129999999999917e+01 1.727650999999999826e+01 1.216582999999999970e+01 8.312405000000000044e+00 -6.014039999999999608e+00 -1.403997999999999990e+01 -3.084189999999999987e+00 3.285182999999999964e+00 -6.741191999999999851e+00 -9.466673000000000116e+00 1.842823000000000100e+00
-1.073390999999999984e+01 9.585599000000000203e+00 1.864299000000000106e+01 1.219280000000000008e+01 5.702961000000000169e+00 -7.081722000000000072e+00 -1.035422999999999938e+01 -8.647907999999999706e-01 1.016699999999999937e+00 -7.636783999999999573e+00 -7.936247999999999969e+00 2.205206000000000000e+00
-1.044156000000000084e+01 1.060230999999999923e+01 1.632506000000000057e+01 1.050473000000000035e+01 6.257975000000000065e+00 -3.328475000000000072e+00 -9.104262000000000299e+00 -3.562879000000000129e+00 -1.868028999999999940e+00 -6.620296999999999876e+00 -6.142386000000000124e+00 1.608673000000000020e+00
-1.042115000000000080e+01 1.139891000000000076e+01 1.708336999999999861e+01 1.071376000000000062e+01 8.078839000000000325e+00 -6.788173999999999708e+00 -1.134620999999999924e+01 -6.387730000000000352e-01 1.172280999999999906e+00 -7.623993999999999716e+00 -6.430119999999999614e+00 2.936825999999999937e+00
-1.096841000000000044e+01 1.112491999999999948e+01 1.824008999999999858e+01 1.074409999999999954e+01 5.789153999999999911e+00 -5.697392999999999930e+00 -6.919957000000000136e+00 7.876982999999999624e-01 -3.818867000000000012e+00 -8.476345000000000240e+00 -7.406496999999999886e+00 2.767869999999999830e+00
-1.102346999999999966e+01 1.222647000000000084e+01 1.861732999999999905e+01 9.863220999999999350e+00 4.779177999999999926e+00 -3.573259000000000185e+00 -7.410833000000000226e+00 -1.757935000000000025e+00 -2.840003999999999973e+00 -5.755461999999999634e+00 -6.108818000000000303e+00 1.645871000000000084e+00
-1.142315999999999931e+01 1.064090000000000025e+01 1.704523000000000010e+01 9.641194999999999737e+00 8.646359000000000350e+00 -3.508453999999999962e+00 -1.019293000000000049e+01 1.467084999999999972e+00 5.884475000000000122e-01 -9.010776999999999148e+00 -1.040499999999999936e+01 2.029790000000000205e+00
-1.172724999999999973e+01 1.074103999999999992e+01 1.712498000000000076e+01 1.041563999999999979e+01 8.618641999999999470e+00 -2.831528000000000045e+00 -9.864748000000000516e+00 9.071040000000000214e-01 1.688452999999999982e+00 -9.426446000000000325e+00 -1.356624000000000052e+01 2.527455999999999925e+00
-1.229156000000000049e+01 7.664492000000000083e+00 1.540343999999999980e+01 1.346138000000000012e+01 1.255410000000000004e+01 -4.505233999999999739e+00 -9.926572999999999425e+00 1.795983000000000107e+00 2.467978000000000005e+00 -1.066066000000000003e+01 -1.371682000000000023e+01 1.438688999999999940e-01
-1.198494999999999955e+01 6.272950999999999944e+00 1.581051000000000073e+01 1.433167000000000080e+01 9.414319000000000770e+00 -6.395493000000000094e+00 -1.225079999999999991e+01 3.870922999999999892e+00 3.445219999999999949e+00 -9.561956999999999596e+00 -1.180466999999999977e+01 -1.235967999999999956e+00
-1.096199000000000012e+01 1.195420999999999978e+01 1.508582999999999963e+01 9.258309000000000566e+00 1.091576000000000057e+01 -7.894032000000000160e+00 -1.165858000000000061e+01 1.756537000000000015e+00 -2.811237999999999904e+00 -7.479347999999999885e+00 -9.436939999999999884e+00 -4.505104999999999804e-01
-1.116239000000000026e+01 5.813276000000000110e+00 1.184558000000000000e+01 1.341948000000000008e+01 6.168739999999999668e+00 -1.436781000000000041e+01 -1.350168999999999997e+01 4.227807999999999566e+00 5.515780000000000127e-01 -1.136837000000000053e+01 -1.289550000000000018e+01 -2.535928999999999878e+00
-1.070148999999999972e+01 3.205786999999999942e+00 1.016668999999999912e+01 1.669784999999999897e+01 4.475306999999999924e+00 -1.650028999999999968e+01 -1.793120000000000047e+01 2.351433000000000106e+00 2.734166999999999792e+00 -1.090215000000000067e+01 -1.232803000000000004e+01 -3.256780000000000008e+00
-1.578307000000000038e+01 3.588617999999999864e+00 6.234357000000000149e+00 7.371332999999999913e+00 1.688069999999999959e+00 -6.421800000000000175e+00 -1.169576999999999956e+01 -9.398298000000000485e+00 -8.808801000000000769e+00 -2.780609000000000108e+00 -4.655761000000000038e+00 -1.455629999999999979e+00
-1.933158999999999850e+01 -4.975516999999999967e+00 5.134858000000000366e+00 5.920219999999999594e+00 8.179565999999999448e+00 -4.417009000000000185e+00 -5.186086000000000418e+00 -9.434013000000000204e+00 -1.148081999999999958e+01 6.347977000000000203e+00 -1.889679000000000109e+00 -1.194268000000000107e+00
-1.727615000000000123e+01 3.223173000000000066e+00 -8.967726000000000516e-03 6.569440000000000168e+00 3.067492000000000107e+00 -3.329436999999999980e+00 -7.813387999999999778e+00 -7.489939999999999820e+00 -4.642554999999999765e+00 3.382815000000000127e-01 2.431125999999999898e+00 1.146052000000000071e+00
-1.777365999999999957e+01 3.525682000000000205e+00 4.903239000000000125e+00 7.096328999999999887e+00 3.221685000000000243e-01 -1.132393000000000011e-01 -7.080327999999999733e+00 -9.478790000000000049e+00 -2.273998000000000186e+00 1.965939000000000103e+00 -1.431861999999999968e+00 -3.160458000000000212e+00
-1.017464000000000013e+01 7.817484999999999573e+00 1.731298999999999921e+00 -3.070130999999999943e+00 -4.226104000000000305e+00 -1.630706999999999907e+00 -1.907537000000000038e+00 -2.046854000000000173e+00 4.298079000000000427e+00 1.134905000000000053e+00 -8.824066999999999439e+00 -3.486231000000000080e+00
-4.824462999999999724e+00 4.723201000000000427e+00 7.514239999999999808e-01 -9.022921999999999443e+00 2.843112999999999890e-01 -4.728760000000000185e-01 -5.107992000000000310e+00 -1.199019999999999975e+00 9.565545999999999438e+00 2.716276000000000135e+00 -1.015499999999999936e+01 2.699348000000000081e+00
-4.268259999999999721e+00 8.039673000000000513e+00 6.689007999999999621e-01 -1.193960000000000043e+01 -5.277318000000000175e+00 3.038154000000000021e+00 3.028000000000000136e-01 -5.920340999999999632e+00 1.202081000000000088e+01 5.046764999999999723e+00 -8.749256000000000810e+00 2.420952999999999911e+00
-2.496793999999999958e+00 1.107901999999999987e+01 -3.058856000000000019e+00 -1.486445999999999934e+01 -4.567156999999999911e+00 4.524180999999999564e+00 3.581165000000000043e-01 -6.190870000000000317e+00 1.129556999999999967e+01 4.672509999999999941e+00 -8.428912000000000404e+00 2.060331000000000135e+00
-2.622288999999999870e+00 1.177688000000000024e+01 -1.495770999999999962e+00 -1.379479000000000077e+01 -6.107471999999999568e+00 4.245390999999999693e+00 2.786000000000000032e+00 -8.259413000000000338e+00 1.017004000000000019e+01 3.424284000000000106e+00 -7.849607999999999919e+00 -1.112288000000000027e-01
-3.100792000000000215e+00 1.360444999999999993e+01 4.476834000000000091e-01 -1.312823000000000029e+01 -6.920726000000000155e+00 1.091720000000000017e-02 5.056301999999999630e+00 -3.328066000000000191e+00 6.021624000000000088e+00 6.555910000000000348e-01 -8.056775999999999271e+00 3.390833000000000208e+00
-3.412434000000000189e+00 1.454396000000000022e+01 1.349196999999999980e+00 -1.310270000000000046e+01 -8.310964000000000240e+00 1.281676000000000037e+00 6.028756999999999699e+00 -3.186805000000000110e+00 6.276062999999999725e+00 -1.541214000000000084e+00 -7.430794999999999817e+00 2.094592000000000009e+00
-3.294764999999999944e+00 1.517540999999999940e+01 1.009049000000000085e+00 -1.240531999999999968e+01 -7.871888000000000218e+00 -1.489546999999999954e+00 3.377282999999999813e+00 -1.297369999999999912e+00 7.634965000000000224e+00 -7.503762999999999961e-01 -6.086438000000000237e+00 1.401345000000000063e+00
-3.288895000000000124e+00 1.404881999999999920e+01 1.953556999999999988e+00 -1.255029000000000039e+01 -7.960447000000000273e+00 -3.708559000000000161e-01 3.009126000000000190e+00 -4.413643999999999679e+00 9.775012999999999508e+00 -2.600995999999999864e-01 -8.044627000000000194e+00 3.127317000000000125e+00
-2.711450000000000138e+00 1.340834000000000081e+01 2.280876000000000126e+00 -1.253487999999999936e+01 -8.124719999999999942e+00 -1.349671000000000065e+00 1.136730999999999936e+00 -3.030618000000000034e+00 1.252887999999999913e+01 -1.126154000000000099e+00 -9.986192000000000846e+00 2.347535999999999845e+00
-3.518642999999999965e+00 1.329810999999999943e+01 4.469471999999999667e+00 -1.210960999999999999e+01 -9.109683000000000419e+00 -3.631968000000000085e+00 -2.122478999999999894e-01 6.424391999999999880e-01 1.087866000000000000e+01 -1.142293000000000003e+00 -9.129704000000000264e+00 2.644922000000000217e+00
-3.298677000000000081e+00 1.285270000000000046e+01 3.826970999999999901e+00 -1.122583999999999982e+01 -8.933578999999999937e+00 -3.811625999999999959e+00 1.677346000000000004e+00 -2.606301000000000201e+00 9.065986000000000544e+00 -5.834996000000000071e-01 -9.898272999999999655e+00 4.357579999999999565e+00
-3.217343000000000064e+00 1.261520999999999937e+01 5.735751999999999740e+00 -1.255846999999999980e+01 -8.817641999999999314e+00 -1.435329000000000077e+00 -2.463490999999999875e+00 -5.276296999999999793e-01 6.284167000000000058e+00 -3.862566999999999862e+00 -5.769611000000000267e+00 5.430830000000000268e+00
-3.607803000000000093e+00 1.299074000000000062e+01 6.621315000000000062e+00 -1.143581999999999965e+01 -9.597094999999999487e+00 -4.566189999999999749e+00 2.832764999999999866e-01 1.100338999999999956e+00 3.647999000000000103e-01 -4.756941999999999560e+00 -2.853267999999999915e+00 6.000738000000000127e+00
-3.874725000000000197e+00 1.299699999999999989e+01 6.978453000000000017e+00 -9.526692999999999856e+00 -8.565148000000000650e+00 -5.454533999999999772e+00 -3.107949999999999879e-01 -2.352458000000000049e-01 -2.750058999999999809e+00 -4.192667000000000144e+00 -2.623400000000000176e+00 6.478825999999999752e+00
-3.787520999999999916e+00 1.381794000000000011e+01 7.872683999999999571e+00 -8.087621000000000393e+00 -8.942705999999999378e+00 -4.143993000000000038e+00 -1.923340999999999967e+00 3.980307000000000150e-01 -3.770248000000000044e+00 -6.790218999999999561e+00 -3.147396000000000083e+00 6.759765999999999941e+00
-4.404097000000000151e+00 1.438227999999999973e+01 9.387572999999999723e+00 -6.205942000000000291e+00 -8.320090000000000430e+00 -6.375923000000000229e+00 -2.391904999999999948e+00 8.847154000000000407e-01 -2.978974000000000011e+00 -8.240342000000000056e+00 -4.197625000000000384e+00 4.755008000000000123e+00
-4.548598000000000141e+00 1.523243000000000080e+01 9.396587999999999496e+00 -7.427323000000000341e+00 -2.885890999999999984e+00 -5.687127000000000265e+00 -4.571096999999999966e+00 2.743498999999999910e+00 -7.885443999999999676e+00 -6.409874000000000294e+00 -6.793624000000000329e+00 2.659997000000000167e+00
-5.069024999999999892e+00 1.549843000000000082e+01 9.766901999999999973e+00 -7.515940999999999761e+00 -9.605823000000000000e-01 -6.087507999999999697e+00 -2.770753000000000021e+00 3.547089000000000159e+00 -1.260757000000000083e+01 -9.523284000000000304e+00 -4.689329999999999998e+00 1.812869000000000064e+00
-5.598956000000000266e+00 1.594036999999999971e+01 1.098290000000000077e+01 -6.385104000000000113e+00 2.451019999999999865e-01 -7.499106000000000272e+00 -4.458139000000000074e+00 3.325601999999999947e+00 -1.244955999999999996e+01 -8.754979999999999762e+00 -3.703681000000000001e+00 1.738227999999999995e-01
-5.774480999999999753e+00 1.619142000000000081e+01 1.083970000000000056e+01 -3.983760000000000190e+00 1.594778999999999947e+00 -7.542416000000000231e+00 -3.775746999999999964e+00 2.039058999999999955e+00 -1.281906000000000034e+01 -8.215066999999999453e+00 -5.313392999999999589e+00 8.543441000000000507e-01
-5.865318000000000254e+00 1.773629999999999995e+01 1.154704000000000086e+01 -4.430219000000000129e+00 -8.321382000000000501e-01 -7.142676999999999943e+00 -2.187373000000000012e+00 3.023463000000000123e-01 -1.032004000000000055e+01 -7.432756000000000363e+00 -6.990561999999999721e+00 2.583984999999999754e-01
-5.727805000000000035e+00 1.739103000000000065e+01 9.738122999999999863e+00 -2.295691000000000148e+00 9.038848999999999911e-01 -7.058944000000000329e+00 -4.978765000000000107e+00 -3.104712999999999834e+00 -9.419779999999999376e+00 -4.550478000000000023e+00 -6.316305999999999976e+00 4.598029000000000005e-02
-5.735909999999999620e+00 1.628286999999999907e+01 1.083520000000000039e+01 -2.164209000000000049e+00 1.079989000000000088e+00 -8.160952999999999236e+00 -3.201198999999999906e+00 -1.955327000000000037e-01 -1.142248000000000019e+01 -7.187617999999999618e+00 -6.840939999999999799e+00 5.297456000000000387e-01
-5.387933999999999557e+00 1.563890999999999920e+01 9.114691999999999794e+00 -8.363901000000000252e-01 2.098076999999999970e+00 -6.449068999999999718e+00 -2.297540999999999833e+00 -2.047387000000000068e+00 -1.266834000000000060e+01 -5.590715999999999575e+00 -5.959515999999999813e+00 -6.936657000000000517e-01
-5.347965000000000302e+00 1.630790999999999968e+01 9.876818000000000097e+00 -1.083941000000000043e+00 2.008166000000000118e+00 -6.169636999999999816e+00 -4.347042000000000073e+00 -7.528479999999999617e-01 -1.095735999999999954e+01 -7.384642000000000372e+00 -6.429801000000000322e+00 -7.059997000000000078e-01
-5.344890999999999615e+00 1.693240000000000123e+01 9.795681000000000083e+00 -5.064821999999999935e-01 3.792923000000000266e-01 -5.555912000000000184e+00 -3.713458000000000148e+00 -2.079902999999999835e+00 -7.034206000000000181e+00 -1.012105999999999995e+01 -7.508162999999999698e+00 5.734038999999999664e-01
-5.548086999999999769e+00 1.733399999999999963e+01 1.052903000000000056e+01 -2.209480999999999806e+00 -6.881456000000000239e-01 -3.998663000000000078e+00 -3.251866999999999841e+00 -2.584712000000000121e+00 -9.094438000000000244e+00 -7.607245999999999952e+00 -5.478679999999999772e+00 4.326401000000000274e-01
-5.331475000000000186e+00 1.703322999999999965e+01 9.803656000000000148e+00 -3.305240000000000261e-02 -7.432414000000000520e-01 -6.537614999999999732e+00 -3.438734999999999875e+00 -2.329642999999999908e+00 -8.925485999999999365e+00 -6.862695000000000434e+00 -4.329982000000000220e+00 2.157190999999999970e-01
-5.609855999999999732e+00 1.739276999999999873e+01 1.026759000000000022e+01 -7.415114999999999901e-01 -1.665950999999999960e-01 -5.604356000000000115e+00 -3.752969999999999917e+00 -5.463508000000000031e+00 -6.362858000000000125e+00 -7.436410000000000409e+00 -5.947366999999999848e+00 2.352627000000000024e+00
-5.593645000000000422e+00 1.737641999999999953e+01 1.046870000000000012e+01 -2.896268000000000065e+00 1.940623999999999960e-01 -3.240571000000000090e+00 -5.024320000000000341e+00 -3.960275999999999907e+00 -5.917589000000000432e+00 -8.666059999999999874e+00 -6.025693999999999662e+00 2.301528999999999936e+00
-5.673581999999999681e+00 1.720465000000000089e+01 8.679192000000000462e+00 -6.678241000000000316e-01 1.589032999999999918e+00 -3.605020000000000113e+00 -5.148899000000000115e+00 -3.360316000000000081e+00 -6.477922999999999654e+00 -1.019688000000000017e+01 -4.072300000000000253e+00 1.329690999999999956e+00
-5.432653000000000176e+00 1.651061999999999941e+01 9.860867999999999967e+00 -1.667741000000000015e-02 -2.101707000000000214e+00 -2.563966000000000189e+00 -6.091604000000000241e+00 -1.251260000000000039e+00 -5.303772999999999627e+00 -1.184646000000000043e+01 -4.606207000000000384e+00 1.511371999999999938e+00
-5.083000000000000185e+00 1.499356000000000044e+01 1.022320999999999991e+01 8.011087999999999543e-01 -5.847143999999999675e-01 -4.238635000000000375e+00 -8.666843000000000075e+00 -3.319802999999999837e+00 -2.009024000000000143e+00 -8.644743999999999318e+00 -7.512640000000000207e+00 9.062249999999999472e-01
-4.456082999999999572e+00 1.405646999999999913e+01 1.019754999999999967e+01 2.416453000000000184e+00 4.370920999999999834e-01 -7.709882999999999598e+00 -9.747607000000000355e+00 -5.094096999999999653e+00 -1.043935999999999975e+00 -7.433974000000000082e+00 -5.774086999999999748e+00 2.400005000000000166e+00
-5.299890999999999686e+00 1.182902999999999949e+01 1.181334000000000017e+01 4.075143999999999878e+00 1.110071999999999948e+00 -1.225169999999999959e+01 -1.436537000000000042e+01 -7.235295999999999950e-01 3.731667999999999985e+00 -5.619036999999999615e+00 -9.271333000000000268e+00 9.530157999999999685e-01
-5.548644999999999605e+00 1.102477999999999980e+01 1.332718999999999987e+01 1.796130000000000004e+00 -5.897845000000000448e-01 -1.034924999999999962e+01 -1.525136999999999965e+01 -3.343951000000000007e-01 4.699995999999999619e+00 -7.220560000000000311e-01 -8.423158000000000811e+00 1.218490000000000073e+00
-6.250467999999999691e+00 1.047887000000000057e+01 1.424361000000000033e+01 -1.119099000000000066e+00 1.126972000000000085e+00 -1.149649999999999928e+01 -1.785774999999999935e+01 -8.850470999999999755e-01 7.960713000000000150e+00 5.149029000000000522e-01 -9.102529999999999788e+00 2.598914000000000168e+00
-5.864480000000000359e+00 1.169481999999999999e+01 1.329147000000000034e+01 1.302953999999999946e+00 -7.709582999999999853e-01 -1.632704999999999984e+01 -1.870330999999999833e+01 1.449494000000000060e+00 1.127410000000000068e+01 -2.023267999999999844e+00 -1.050347000000000008e+01 4.146336999999999939e+00
-6.109320999999999557e+00 1.158389999999999986e+01 1.328870000000000040e+01 6.127964999999999662e-01 -9.426076999999999373e-02 -1.297128999999999976e+01 -1.998348999999999975e+01 -1.837626999999999899e+00 1.373259999999999970e+01 -3.590685000000000127e-01 -9.463796000000000319e+00 5.151455999999999591e+00
-5.765816000000000052e+00 1.190030999999999928e+01 1.172943000000000069e+01 -5.376195000000000279e-02 2.297841000000000022e+00 -1.505660999999999916e+01 -1.964694000000000074e+01 -2.094828999999999830e+00 1.145763999999999960e+01 1.968679999999999986e+00 -1.080048000000000030e+01 4.276919999999999611e+00
-5.928764000000000145e+00 1.216109999999999935e+01 1.163025999999999982e+01 -4.795116999999999852e-01 8.826504000000000294e-02 -1.276211999999999946e+01 -1.552515999999999963e+01 -5.026931000000000260e+00 1.081099999999999994e+01 2.664506999999999959e+00 -8.680839999999999890e+00 6.003086999999999840e+00
-6.613817000000000057e+00 1.199662999999999968e+01 1.211396000000000051e+01 4.995369000000000372e-03 2.694328000000000056e+00 -1.291258000000000017e+01 -1.814131000000000071e+01 -3.337927000000000088e+00 1.194139999999999979e+01 1.722931999999999908e+00 -7.968857999999999997e+00 5.276361999999999775e+00
-6.275623000000000395e+00 1.119028999999999918e+01 1.094476000000000049e+01 -7.569232999999999656e-01 2.797083000000000208e+00 -9.725581000000000031e+00 -1.644416000000000011e+01 -2.389612000000000069e+00 1.082396999999999920e+01 3.034193999999999836e+00 -8.933085999999999416e+00 2.644334999999999880e+00
-6.777324000000000126e+00 8.871052000000000604e+00 9.881672000000000011e+00 6.200206999999999802e-01 2.811618000000000173e+00 -1.152280000000000015e+01 -1.755421000000000120e+01 -2.238754999999999828e+00 1.038194000000000017e+01 2.556097999999999981e+00 -1.066779999999999973e+01 4.662209999999999965e+00
-7.342750999999999806e+00 7.993426999999999616e+00 1.012472999999999956e+01 1.547784000000000104e-01 4.414463999999999722e+00 -1.163028000000000084e+01 -1.859592999999999918e+01 -4.217743999999999716e+00 1.114039999999999964e+01 3.477879000000000165e+00 -9.994184000000000623e+00 5.075299000000000227e+00
-6.693754000000000204e+00 1.058874999999999922e+01 9.378904000000000352e+00 1.042084999999999956e-01 5.543818000000000357e-01 -1.090972000000000008e+01 -1.617036999999999836e+01 -5.567720999999999698e+00 9.022634000000000043e+00 3.430679000000000034e+00 -1.054439999999999955e+01 5.268335000000000434e+00
-9.907154999999999490e+00 1.116177000000000064e+01 6.476032000000000011e+00 1.463332999999999995e+00 -5.864044000000000478e-01 -1.024723000000000006e+01 -1.582451999999999970e+01 -6.866525000000000212e+00 3.628756999999999788e+00 4.669768999999999615e+00 -1.570294000000000079e+00 4.750308999999999671e+00
-1.439926999999999957e+01 7.135970999999999620e+00 2.706666999999999934e+00 3.144177000000000000e+00 8.413530000000000175e-01 -6.087829000000000157e+00 -1.277281999999999940e+01 -9.098451000000000732e+00 -4.531136000000000053e+00 -2.454772999999999872e+00 -1.212544999999999984e+00 1.196954000000000073e+00
-1.029313999999999929e+01 8.537248999999999199e+00 9.151445999999999970e+00 4.262493000000000087e+00 5.549504999999999910e+00 -8.208755000000000024e+00 -2.259684000000000026e+01 -9.374843999999999511e+00 5.126628000000000185e+00 -9.580587000000000408e-01 -4.243342000000000169e+00 5.445121999999999574e+00
