-5.448921999999999599e+00 3.908354999999999801e+00 -9.121033000000000612e+00 -6.722286999999999679e+00 -3.913302999999999976e+00 -3.704965999999999815e-02 5.476198000000000121e+00 1.024779000000000018e+01 7.345787999999999762e+00 -5.010661999999999949e+00 -2.702126999999999946e+00 2.244528999999999996e+00
-9.266419000000000183e-01 1.188372999999999990e+01 -2.739365999999999968e+00 -9.162269999999999470e+00 -4.227657999999999916e+00 -9.227246999999999533e-01 5.885824000000000389e+00 5.455212999999999646e+00 7.994328999999999574e+00 -5.808385000000000353e+00 -3.606790999999999858e+00 4.216750000000000220e+00
6.175187000000000037e-02 1.396335999999999977e+01 -4.371026999999999774e+00 -1.241573999999999955e+01 -5.897452000000000361e+00 -3.244652000000000092e-01 6.300518000000000285e+00 2.523689000000000071e+00 9.922952000000000439e+00 -8.016218000000000288e+00 -6.874839999999999840e+00 4.981667999999999985e+00
3.279623999999999873e-01 1.334652999999999956e+01 -5.162955000000000183e+00 -1.437002000000000024e+01 -7.313451999999999842e+00 -2.019673000000000052e+00 1.067422999999999966e+01 3.829431000000000029e+00 7.466427000000000369e+00 -5.406283000000000172e+00 -4.630136000000000251e+00 5.931898999999999589e+00
4.373958000000000013e-01 1.255668999999999969e+01 -1.755692999999999948e+00 -1.146293000000000006e+01 -9.140774000000000399e+00 -2.392434999999999867e+00 6.540382000000000140e+00 5.182762000000000313e+00 1.111316000000000059e+01 -6.117818999999999896e+00 -5.402362000000000108e+00 4.853227000000000402e+00
-5.267441000000000484e-01 1.388408000000000087e+01 -9.777957000000000454e-01 -1.201543999999999990e+01 -8.076235999999999748e+00 -2.304159999999999986e+00 6.534048000000000300e+00 2.316079000000000221e+00 1.387452000000000041e+01 -5.975576000000000221e+00 -6.464095000000000368e+00 4.210834000000000188e+00
-1.235151000000000110e+00 1.467478999999999978e+01 -3.621272999999999853e-02 -1.174347999999999992e+01 -8.102840000000000487e+00 -2.761430999999999969e+00 6.759553000000000367e+00 -1.001516000000000073e+00 1.614280000000000115e+01 -4.311439000000000021e+00 -8.425691999999999737e+00 4.519053000000000431e+00
-1.139779999999999960e-02 1.201190000000000069e+01 -2.979439000000000171e+00 -1.316194999999999915e+01 -4.801059000000000410e+00 -1.094254000000000060e+00 7.005328999999999695e+00 -3.168193000000000259e-01 1.228312999999999988e+01 -4.516216000000000008e+00 -6.394357000000000291e+00 3.955670000000000019e+00
-6.930285999999999946e-01 1.242099999999999937e+01 -9.668832000000000537e-01 -1.364288999999999952e+01 -4.704442000000000235e+00 -2.043101000000000056e+00 5.206774000000000235e+00 1.753330999999999973e+00 1.261306000000000083e+01 -5.621429000000000009e+00 -6.864923000000000108e+00 5.889720999999999762e+00
-1.713049000000000044e+00 1.123912999999999940e+01 2.017393999999999910e+00 -1.285182999999999964e+01 -6.887426999999999744e+00 -1.809236000000000066e+00 3.963537000000000088e+00 1.668107000000000062e-01 1.706622000000000128e+01 -6.444748999999999839e+00 -1.024845000000000006e+01 6.558451999999999948e+00
-2.554368000000000194e+00 1.095703999999999922e+01 4.087110000000000021e+00 -1.464912999999999954e+01 -5.847394000000000425e+00 -6.583191000000000459e-01 2.152456000000000091e-01 1.604910999999999976e+00 1.680024999999999835e+01 -7.720716999999999608e+00 -7.423140000000000072e+00 7.367646999999999835e+00
-3.360759999999999970e+00 9.763597999999999999e+00 7.013708000000000276e+00 -1.400693000000000055e+01 -4.083083000000000240e+00 -2.785696000000000172e+00 -1.861601999999999979e+00 2.303288999999999920e+00 1.581165000000000020e+01 -7.547693999999999903e+00 -6.832294000000000089e+00 7.147980999999999696e+00
-4.587811999999999557e+00 8.436780999999999864e+00 1.022818000000000005e+01 -1.295584000000000024e+01 -4.259880999999999807e-01 -3.707349999999999923e+00 -9.859448999999999685e+00 5.313633000000000273e+00 1.446678999999999959e+01 -8.071949000000000041e+00 -4.673320999999999614e+00 5.266793999999999976e+00
-5.808654999999999902e+00 8.137914000000000314e+00 1.250835000000000008e+01 -1.142714999999999925e+01 1.404117000000000004e-01 -6.409558999999999784e+00 -1.111661999999999928e+01 5.745807000000000109e+00 1.247744999999999926e+01 -6.521863999999999884e+00 -3.050492999999999899e+00 2.970323000000000047e+00
-6.095239000000000296e+00 8.630625000000000213e+00 1.539805999999999919e+01 -7.364964999999999762e+00 -1.326364999999999905e-01 -1.166419999999999924e+01 -1.362842999999999982e+01 7.249640000000000306e+00 1.067633999999999972e+01 -7.192249999999999588e+00 -2.388630000000000031e+00 5.408211999999999797e+00
-6.623973000000000333e+00 8.410742000000000829e+00 1.646695000000000064e+01 -4.570960000000000356e+00 -8.310094999999999565e-01 -1.262266999999999939e+01 -1.059381999999999913e+01 8.495003000000000526e+00 5.129329000000000249e+00 -1.068448000000000064e+01 -1.669186000000000059e+00 5.320612999999999815e+00
-6.947034999999999627e+00 8.204746000000000095e+00 1.706504999999999939e+01 -1.617121000000000031e+00 5.069261999999999935e-01 -1.344852000000000025e+01 -1.037634000000000079e+01 6.809139000000000053e+00 5.237014000000000280e+00 -8.071624999999999162e+00 -6.162113999999999869e+00 2.951810000000000045e+00
-7.107305000000000206e+00 8.257113000000000369e+00 1.839273000000000025e+01 1.235092999999999996e+00 3.901823999999999959e+00 -1.227375999999999934e+01 -1.414616999999999969e+01 7.549158000000000257e+00 1.954226999999999936e+00 -9.067645000000000621e+00 -6.666587999999999958e+00 6.120166000000000217e-01
-7.394663999999999682e+00 8.949165000000000703e+00 1.842079000000000022e+01 4.177004000000000161e+00 4.001591999999999594e+00 -1.144331000000000031e+01 -1.176061999999999941e+01 6.911457000000000406e+00 -1.238283000000000023e+00 -1.066018000000000043e+01 -9.396573999999999316e+00 -8.317468999999999557e-01
-8.058249999999999247e+00 8.918207999999999913e+00 1.953644999999999854e+01 4.101619000000000348e+00 4.319098000000000326e+00 -1.161860000000000070e+01 -7.956586999999999854e+00 4.638156999999999641e+00 -5.978873000000000104e+00 -1.004066000000000081e+01 -9.575075000000000003e+00 1.687062000000000062e+00
-8.182235999999999621e+00 1.019902000000000086e+01 1.963934000000000069e+01 6.514407000000000281e+00 2.122460999999999931e+00 -1.295191999999999943e+01 -9.769921999999999329e+00 4.626558000000000170e+00 -2.548322000000000198e+00 -8.431604000000000099e+00 -8.637781999999999627e+00 4.625828000000000162e-01
-7.836472999999999800e+00 9.936033000000000115e+00 1.945330999999999833e+01 6.433296000000000348e+00 1.645677000000000056e+00 -1.282808999999999955e+01 -9.001345999999999847e+00 4.799070000000000391e+00 -4.686965000000000159e-01 -6.760339000000000098e+00 -8.471436999999999884e+00 -3.285806000000000143e-02
-8.402461000000000624e+00 1.017356000000000016e+01 2.081215999999999866e+01 6.668516000000000332e+00 1.269711000000000034e+00 -1.301593000000000089e+01 -8.215032000000000778e+00 4.683367999999999753e+00 -1.584414999999999907e+00 -7.809173000000000364e+00 -6.965370000000000061e+00 6.770956999999999670e-01
-8.935463999999999629e+00 1.071691000000000038e+01 1.991890000000000072e+01 5.382681999999999967e+00 2.255834000000000117e+00 -1.098562000000000083e+01 -6.189703999999999873e+00 3.217309000000000196e+00 -4.018673999999999857e+00 -7.986733000000000082e+00 -7.783661999999999637e+00 1.961883000000000044e+00
-9.859633000000000536e+00 1.055893999999999977e+01 2.200421000000000049e+01 8.619452000000000780e+00 4.865193999999999797e+00 -1.462327999999999939e+01 -7.723480000000000345e+00 2.384488999999999859e+00 -5.221430999999999933e+00 -5.776632000000000211e+00 -6.601969000000000420e+00 3.370340000000000114e+00
-9.594006000000000256e+00 1.027482999999999969e+01 2.041826999999999970e+01 8.904291999999999874e+00 5.596123000000000403e+00 -1.039028000000000063e+01 -8.766126999999999114e+00 5.555588999999999666e-01 -2.156038999999999817e+00 -7.806905000000000427e+00 -6.791348000000000162e+00 3.466527000000000136e+00
-9.697618000000000293e+00 1.044350000000000023e+01 2.092023999999999972e+01 7.750619999999999621e+00 3.873469000000000051e+00 -9.758974999999999511e+00 -7.583700999999999581e+00 1.473444999999999894e+00 -3.552710999999999952e+00 -5.109162000000000425e+00 -7.864276000000000266e+00 3.448014999999999830e+00
-9.821991999999999834e+00 1.110083000000000020e+01 2.160823999999999856e+01 7.253462999999999994e+00 1.824557999999999902e+00 -9.584516999999999953e+00 -4.572737000000000052e+00 1.403250000000000108e+00 -4.199633999999999645e+00 -5.567966000000000193e+00 -4.933396000000000114e+00 9.904678000000000093e-01
-9.961499999999999133e+00 1.105194000000000010e+01 2.304764000000000124e+01 8.149490999999999374e+00 2.727717999999999865e+00 -1.117430000000000057e+01 -4.411842000000000041e+00 1.651607999999999965e+00 -5.253413000000000110e+00 -6.065977000000000174e+00 -5.123414000000000357e+00 2.659622000000000153e+00
-9.751364999999999839e+00 1.024386999999999937e+01 2.230767000000000166e+01 8.775947999999999638e+00 2.374505000000000088e+00 -8.893380999999999759e+00 -4.902127000000000123e+00 3.302375000000000060e+00 -5.125080999999999776e+00 -7.314403999999999684e+00 -5.029684999999999739e+00 2.571260000000000101e+00
-9.998559999999999448e+00 1.027887999999999913e+01 2.213360000000000127e+01 8.643309000000000353e+00 3.355728000000000044e+00 -8.094725999999999644e+00 -5.053308000000000355e+00 1.620378000000000096e+00 -4.467228000000000421e+00 -5.731594000000000300e+00 -2.952925000000000022e+00 3.025096000000000007e+00
-1.023391999999999946e+01 1.169654000000000060e+01 2.171113000000000071e+01 9.027865000000000251e+00 2.896796999999999844e+00 -8.407660999999999163e+00 -5.198154999999999859e+00 3.928616999999999804e-01 -1.685623000000000093e+00 -5.616569000000000145e+00 -5.295517000000000252e+00 2.089751000000000136e+00
-1.037458999999999953e+01 1.094575999999999993e+01 2.115668000000000148e+01 9.453932000000000002e+00 3.899023999999999823e+00 -8.309765000000000512e+00 -3.673669999999999991e+00 2.848925999999999958e-01 -3.024404999999999788e+00 -8.973356000000000776e+00 -6.821736999999999718e+00 4.233162000000000091e+00
-1.047025000000000006e+01 1.127674000000000021e+01 2.092648000000000152e+01 8.555996000000000379e+00 3.700188999999999950e+00 -8.328172999999999604e+00 -3.945206000000000213e+00 1.647287000000000057e-01 -3.487938000000000205e+00 -7.400267000000000372e+00 -6.401715000000000266e+00 3.348200999999999983e+00
-1.061500000000000021e+01 1.069781000000000049e+01 2.129281999999999897e+01 9.630466000000000193e+00 3.993190999999999935e+00 -7.434967000000000326e+00 -4.878478000000000314e+00 9.353839000000000459e-01 -3.305359000000000158e+00 -8.566071000000000879e+00 -5.957379999999999676e+00 1.869512999999999980e+00
-1.009984000000000037e+01 1.019960000000000022e+01 2.123047000000000040e+01 1.063146000000000058e+01 2.978711999999999804e+00 -8.962410999999999461e+00 -4.788950999999999958e+00 7.801225999999999994e-01 -2.439017000000000213e+00 -8.442944999999999922e+00 -6.293910000000000338e+00 3.458320000000000061e+00
-9.869142000000000081e+00 9.327016000000000417e+00 2.125437000000000154e+01 1.016244999999999976e+01 3.112785000000000135e+00 -8.349090999999999596e+00 -5.753896000000000122e+00 1.632870000000000044e+00 -2.235790999999999862e+00 -8.839862999999999360e+00 -9.228628999999999749e+00 4.015787000000000440e+00
-9.853424999999999656e+00 9.362890999999999408e+00 2.247655999999999921e+01 9.683904000000000067e+00 2.604846000000000217e+00 -1.025097000000000058e+01 -6.399162999999999712e+00 1.974465999999999999e-01 -1.345158999999999994e+00 -9.203405999999999310e+00 -8.756463000000000108e+00 3.957768999999999870e+00
-9.228256999999999266e+00 9.574963000000000335e+00 2.154120999999999952e+01 8.242528999999999328e+00 3.381632999999999889e+00 -1.134290000000000020e+01 -8.422800999999999760e+00 -2.397835000000000105e-01 6.644299999999999651e-01 -9.956739999999999924e+00 -1.075805000000000078e+01 3.483893999999999824e+00
-8.171371000000000606e+00 8.539488999999999663e+00 1.907968999999999937e+01 9.386658999999999864e+00 3.912675999999999821e+00 -1.379409000000000063e+01 -1.123950999999999922e+01 -1.609630999999999978e-01 1.665985999999999967e+00 -1.100946000000000069e+01 -1.054307999999999979e+01 3.531797000000000075e+00
-7.767398000000000025e+00 1.006999000000000066e+01 1.965596999999999994e+01 6.270598999999999812e+00 3.282564999999999955e+00 -1.791370999999999825e+01 -1.428129999999999988e+01 1.494860000000000078e+00 3.361425000000000107e+00 -1.144525999999999932e+01 -9.897849000000000785e+00 7.851154999999999662e-01
-6.935393000000000363e+00 1.024098000000000042e+01 1.725056000000000012e+01 1.247020000000000017e+00 1.248356999999999939e+00 -1.757357999999999976e+01 -1.204524999999999935e+01 2.807144999999999779e+00 -8.329588999999999743e-02 -1.247822000000000031e+01 -4.568395999999999901e+00 2.022572999999999954e+00
-5.891893999999999743e+00 1.124114999999999931e+01 1.645863999999999905e+01 -6.886891999999999570e+00 -6.545784000000000047e-01 -1.322009000000000079e+01 -1.103301000000000087e+01 7.390922999999999909e+00 -4.776114999999999888e+00 -1.311101999999999990e+01 -8.550524000000000457e-01 4.077048999999999701e+00
-4.789216999999999835e+00 1.284051000000000009e+01 1.491738999999999926e+01 -1.177926000000000073e+01 -2.694738000000000078e+00 -1.049194999999999922e+01 -7.694764000000000159e+00 9.051802000000000348e+00 -7.542336999999999847e+00 -1.377946000000000026e+01 -5.716252000000000555e-01 8.067866999999999678e+00
-3.892405000000000115e+00 1.356987999999999950e+01 1.269333999999999918e+01 -1.401504000000000083e+01 -5.217281999999999975e+00 -8.644873999999999725e+00 -3.761085000000000012e+00 9.892948999999999771e+00 -7.802239000000000146e+00 -1.240564000000000000e+01 -4.331992999999999761e+00 7.873966000000000243e+00
-2.761204999999999909e+00 1.411843000000000004e+01 1.108610999999999969e+01 -1.567779999999999951e+01 -6.311575000000000379e+00 -7.936166000000000054e+00 -2.983217999999999925e+00 1.137565999999999988e+01 -7.148435000000000095e+00 -1.118896999999999942e+01 -5.734093999999999802e+00 6.479440999999999562e+00
-3.004519000000000162e+00 1.487645000000000017e+01 1.253121999999999936e+01 -1.437430999999999948e+01 -9.183481000000000449e+00 -1.055512000000000050e+01 -2.568945999999999952e+00 1.395800000000000018e+01 -4.915783000000000236e+00 -1.296585999999999927e+01 -3.375506000000000117e+00 4.699976000000000376e+00
-3.000445000000000029e+00 1.469938999999999929e+01 1.196636999999999951e+01 -1.374308000000000085e+01 -9.210435999999999623e+00 -1.138472999999999935e+01 -3.394533000000000023e+00 1.447197000000000067e+01 -3.887103000000000197e+00 -9.491132000000000346e+00 -2.593043000000000209e+00 -1.949872000000000064e-02
-2.533605999999999803e+00 1.697111999999999910e+01 1.074469999999999992e+01 -1.541680999999999990e+01 -1.092154000000000025e+01 -1.113705999999999996e+01 -1.258142000000000094e+00 1.499128999999999934e+01 -3.572547999999999835e+00 -8.442296999999999940e+00 -4.600385000000000169e+00 -1.113820000000000032e+00
-2.401082999999999856e+00 1.644311000000000078e+01 1.132670000000000066e+01 -1.453843999999999959e+01 -1.202283000000000079e+01 -1.100528000000000084e+01 -1.479846999999999912e+00 1.475779999999999959e+01 -3.234917999999999960e+00 -7.860368000000000244e+00 -5.237617000000000189e+00 -2.138482000000000216e+00
-2.727249000000000034e+00 1.620065999999999917e+01 1.226671999999999940e+01 -1.404604999999999926e+01 -1.093379000000000012e+01 -1.314437000000000033e+01 -1.354848000000000052e+00 1.553292000000000073e+01 -3.719907000000000075e+00 -6.534176999999999680e+00 -5.318870000000000431e+00 -4.253648000000000096e+00
-2.550680999999999976e+00 1.452579000000000065e+01 1.152519999999999989e+01 -1.387476999999999983e+01 -8.797012999999999749e+00 -1.034384999999999977e+01 -3.571474999999999955e+00 1.461205999999999960e+01 -3.400090000000000057e+00 -9.039780000000000371e+00 -4.426362000000000130e+00 -2.167300000000000004e+00
-3.734075999999999951e+00 1.537031999999999954e+01 1.352632000000000012e+01 -1.459617000000000075e+01 -8.813815999999999207e+00 -1.024427999999999983e+01 -9.553565000000000529e-01 1.484346000000000032e+01 -7.408337000000000394e+00 -9.214746999999999133e+00 -4.537046000000000134e+00 3.599067000000000238e-01
-4.369721000000000188e+00 1.502139999999999986e+01 1.384590000000000032e+01 -1.471687999999999974e+01 -5.811687000000000047e+00 -7.777605999999999575e+00 -3.242084999999999884e+00 1.382207000000000008e+01 -9.153570000000000206e+00 -1.296358999999999995e+01 -3.544090999999999880e+00 4.994645000000000223e+00
-4.812111999999999945e+00 1.352271999999999963e+01 1.381523999999999930e+01 -1.363763999999999932e+01 -3.733721000000000068e+00 -5.624709000000000181e+00 -4.144106999999999985e+00 1.191848000000000063e+01 -9.464076999999999629e+00 -1.561694999999999922e+01 -2.566171999999999898e+00 8.253370999999999569e+00
-5.307084999999999830e+00 1.312231000000000058e+01 1.465860999999999947e+01 -1.101397000000000048e+01 -3.184473999999999805e+00 -3.191927000000000181e+00 -6.413521000000000249e+00 5.469787000000000177e+00 -6.018142000000000102e+00 -1.521613999999999933e+01 1.055361999999999911e+00 7.765373000000000303e+00
-6.369599000000000011e+00 1.234548000000000023e+01 1.629026999999999958e+01 -7.792939999999999756e+00 -7.168894000000000100e-01 -7.795176999999999801e+00 -6.915630000000000166e+00 5.226187000000000360e+00 -4.535239999999999938e+00 -1.332000999999999991e+01 -1.553703000000000056e+00 5.101328999999999780e+00
-7.393887999999999572e+00 1.157183999999999990e+01 1.849768999999999863e+01 -4.142985000000000362e+00 1.442990999999999913e+00 -1.042961000000000027e+01 -8.564692000000000860e+00 4.073030000000000150e+00 -4.120199999999999974e-01 -1.386045999999999978e+01 -7.237281000000000297e+00 5.246946000000000332e+00
-7.844039999999999679e+00 1.090119999999999933e+01 1.814226000000000028e+01 8.739139000000000213e-01 3.823061000000000043e+00 -1.439611000000000018e+01 -9.584535000000000693e+00 3.892783999999999800e+00 1.334427999999999948e+00 -1.149937000000000076e+01 -1.019182999999999950e+01 2.239756999999999998e+00
-8.047383999999999205e+00 9.205213000000000534e+00 1.863540000000000063e+01 6.669469999999999565e+00 3.902524000000000104e+00 -1.423881000000000085e+01 -1.106046000000000085e+01 1.172142999999999935e+00 2.498321999999999932e+00 -1.121002999999999972e+01 -1.167295000000000016e+01 3.179301000000000155e+00
-8.556521000000000043e+00 8.685306000000000637e+00 1.942576999999999998e+01 8.343201000000000533e+00 4.668459000000000358e+00 -1.396227000000000018e+01 -8.843828999999999496e+00 7.542457000000000189e-01 1.580565999999999915e+00 -1.316480999999999923e+01 -1.346564000000000050e+01 3.829901000000000000e+00
-8.857269000000000503e+00 8.843562999999999619e+00 2.122318999999999889e+01 1.019680999999999926e+01 3.317571000000000048e+00 -1.428232000000000035e+01 -9.099740000000000606e+00 2.982334999999999958e+00 -8.362844999999999862e-01 -1.270307999999999993e+01 -1.164415999999999940e+01 1.675038999999999945e+00
-8.709417999999999438e+00 8.249302000000000135e+00 2.136244999999999905e+01 9.956338000000000577e+00 4.359354999999999869e+00 -1.399071999999999960e+01 -8.180825999999999709e+00 2.035895000000000010e+00 -2.129725000000000090e+00 -1.157259999999999955e+01 -1.099637000000000064e+01 4.410650999999999655e+00
-9.738170999999999466e+00 8.785410000000000608e+00 2.238718000000000075e+01 1.275558999999999976e+01 4.394711000000000034e+00 -1.274399999999999977e+01 -9.321445000000000647e+00 1.397441000000000100e-01 -4.664381999999999806e+00 -1.100168999999999997e+01 -7.500555000000000305e+00 6.726778999999999620e+00
-9.920946999999999960e+00 9.042904999999999305e+00 2.300294999999999845e+01 1.176938999999999957e+01 2.611847000000000030e+00 -1.257540000000000013e+01 -5.862426000000000137e+00 -2.742859999999999743e-01 -2.294087000000000209e+00 -1.189142999999999972e+01 -9.311801000000000883e+00 6.238972999999999658e+00
-9.728856999999999644e+00 9.220257000000000147e+00 2.279613000000000156e+01 1.151746999999999943e+01 4.160519999999999996e+00 -1.241432999999999964e+01 -6.552456000000000280e+00 1.822335999999999956e+00 -2.710659999999999847e+00 -1.153761000000000081e+01 -9.520372999999999308e+00 5.428823999999999650e+00
-9.432183000000000206e+00 8.862080000000000624e+00 2.265895000000000081e+01 1.018679000000000023e+01 3.819560000000000066e+00 -1.022377999999999965e+01 -6.106090000000000018e+00 1.007066000000000017e+00 -3.842570999999999959e+00 -1.048682999999999943e+01 -7.297420999999999935e+00 7.104657999999999696e+00
-9.614767000000000507e+00 9.099899999999999878e+00 2.297593000000000174e+01 1.022017999999999915e+01 3.204502000000000184e+00 -9.462355999999999767e+00 -5.222227000000000174e+00 1.917812999999999990e+00 -3.230465000000000142e+00 -9.757471000000000672e+00 -7.312776999999999639e+00 4.445958000000000077e+00
-9.671229000000000298e+00 8.752428000000000097e+00 2.272234999999999872e+01 9.072238000000000469e+00 4.579544000000000281e+00 -9.719647999999999399e+00 -3.826541000000000192e+00 4.232158000000000087e+00 -3.898033999999999999e+00 -1.118022000000000027e+01 -1.015792000000000073e+01 5.259541999999999717e+00
-1.046462000000000003e+01 1.014550000000000018e+01 2.418667999999999907e+01 9.580368999999999247e+00 4.856092000000000297e+00 -1.142866000000000071e+01 -4.533040999999999876e+00 2.018940999999999875e+00 -4.239307000000000158e+00 -9.260756999999999906e+00 -7.207211000000000034e+00 5.597342000000000262e+00
-9.974306000000000338e+00 1.033703000000000038e+01 2.293227999999999867e+01 8.858966000000000562e+00 4.818285999999999625e+00 -9.210919000000000523e+00 -5.562173999999999729e+00 2.411696000000000117e-01 -3.783061000000000007e+00 -9.557230000000000558e+00 -7.085651000000000366e+00 5.042548000000000030e+00
-9.849545000000000883e+00 9.521727999999999525e+00 2.351426999999999978e+01 9.195334000000000785e+00 3.688286999999999871e+00 -9.710027000000000186e+00 -4.870032000000000139e+00 3.490353999999999957e+00 -5.490240000000000009e+00 -1.210106999999999999e+01 -9.193759999999999266e+00 5.799450000000000216e+00
-1.067534000000000027e+01 1.040212999999999965e+01 2.493288000000000082e+01 9.747360000000000468e+00 3.728193999999999786e+00 -1.319707999999999970e+01 -5.103561000000000014e+00 2.638498999999999928e+00 -4.682598999999999734e+00 -9.267238000000000753e+00 -9.666565000000000296e+00 5.981137000000000370e+00
-1.044637999999999955e+01 1.072124999999999950e+01 2.392062999999999917e+01 1.059137999999999913e+01 4.168220999999999954e+00 -1.373468000000000089e+01 -7.471792999999999907e+00 1.560891000000000028e+00 -2.003416999999999781e+00 -1.065109999999999957e+01 -9.335153999999999286e+00 5.526728999999999559e+00
-9.528617000000000559e+00 9.663204999999999600e+00 2.266363000000000127e+01 8.902383999999999631e+00 4.128663999999999668e+00 -1.107597999999999949e+01 -9.602693999999999619e+00 8.696506999999999987e-01 -7.901337000000000499e-01 -1.238199000000000005e+01 -9.008860999999999564e+00 4.732611000000000345e+00
-9.656871999999999900e+00 9.100478999999999985e+00 2.271507000000000076e+01 9.631420000000000314e+00 5.016071000000000168e+00 -1.398443999999999932e+01 -1.094938999999999929e+01 1.802408000000000010e+00 -5.124184000000000516e-01 -1.278214000000000006e+01 -1.232105999999999923e+01 5.960716999999999821e+00
-9.189063000000000869e+00 6.084903999999999868e+00 1.894510000000000005e+01 1.111143999999999998e+01 7.283070000000000377e+00 -1.665108999999999995e+01 -1.464573999999999998e+01 4.534055000000000391e+00 1.407297999999999938e+00 -1.146566999999999936e+01 -1.340102000000000082e+01 2.288424000000000014e+00
-1.227823000000000064e+01 2.403315999999999786e+00 2.340982999999999947e+01 8.239665999999999713e+00 6.917256000000000071e+00 -2.522042000000000073e+01 -1.485562000000000005e+01 1.033136999999999972e+01 5.717551000000000272e+00 -9.853054999999999453e+00 -1.387447000000000052e+01 -1.771389999999999909e-01
-1.052865000000000073e+01 5.307214000000000098e+00 1.835063999999999851e+01 8.507806999999999675e+00 6.418768000000000029e+00 -2.119828000000000046e+01 -1.700046000000000035e+01 6.499806000000000417e+00 4.119271000000000349e+00 -7.286214000000000190e+00 -6.481048999999999616e+00 2.339189000000000185e+00
-9.116495000000000459e+00 4.726261000000000045e+00 1.590107000000000070e+01 1.924050999999999956e+00 3.505205000000000126e+00 -2.122337999999999880e+01 -1.522175000000000011e+01 4.816023999999999639e+00 6.078256999999999799e+00 -4.695719999999999672e+00 -6.031276000000000082e+00 3.143803000000000125e+00
-8.660327999999999804e+00 3.069907999999999859e+00 9.510044999999999860e+00 3.061024000000000189e+00 2.160968000000000000e+00 -1.172194000000000003e+01 -1.563771000000000022e+01 -3.959213000000000093e+00 7.599704000000000459e-01 3.683612999999999804e+00 2.899237999999999982e+00 2.184984000000000037e+00
-9.407735999999999876e+00 2.948393999999999959e+00 1.004371000000000080e+01 -5.940767000000000131e+00 6.718053000000000496e-01 -9.076206000000000884e+00 -1.008327000000000062e+01 9.864098999999999506e+00 4.348002000000000145e+00 -2.831665999999999794e+00 -6.887067999999999524e-01 6.789760000000000240e+00
-1.010488999999999926e+01 2.516729999999999912e+00 8.649005999999999972e+00 -5.945060999999999929e+00 -1.013392000000000071e+00 -9.174521000000000370e+00 -1.111408999999999914e+01 9.325739999999999696e+00 5.049577000000000204e+00 -2.466826000000000185e+00 2.198347000000000051e+00 7.875492999999999633e+00
-7.491679999999999673e+00 7.059331000000000245e+00 8.718118000000000478e+00 -8.382657999999999276e+00 -2.040823000000000054e+00 -3.512811000000000128e+00 -4.670287000000000077e+00 5.501612999999999865e+00 5.282759999999999678e+00 -7.645546000000000397e+00 -5.116056000000000381e+00 6.885373999999999661e+00
-4.794067000000000078e+00 8.339280000000000470e+00 4.860850000000000115e+00 -1.226830999999999960e+01 -2.813058999999999976e+00 -4.606831999999999816e+00 -1.563461999999999907e+00 7.247260999999999953e+00 6.483088999999999658e+00 -5.531029000000000195e+00 -3.391821000000000197e+00 5.345996000000000414e+00
-1.919303999999999899e+00 8.134152000000000271e+00 -1.366484000000000032e+00 -1.431466999999999956e+01 -8.464121999999999479e-01 -2.366077999999999903e+00 -4.324849000000000387e+00 4.595327000000000162e+00 9.534311999999999898e+00 -5.321068000000000353e+00 -3.798728000000000105e+00 2.703136000000000205e+00
-1.163165999999999922e+00 6.239400999999999975e+00 -3.776043000000000038e+00 -1.527749000000000024e+01 -2.380049999999999943e-01 -1.242772999999999906e+00 -2.185925000000000118e+00 2.852653000000000105e+00 1.018568999999999924e+01 -5.999553999999999832e+00 -5.459942999999999991e+00 3.667298999999999864e+00
-1.711497000000000046e+00 1.116361000000000026e+01 1.176620999999999917e+00 -1.851188000000000144e+01 -6.997696000000000360e+00 2.196591999999999878e+00 1.899359000000000020e+00 1.228059999999999929e+00 1.067918000000000056e+01 -6.909709000000000323e+00 -8.081485000000000696e+00 1.985357000000000038e+00
-1.611183000000000032e+00 1.243257000000000012e+01 2.407122000000000206e+00 -1.682239999999999824e+01 -9.056409000000000376e+00 2.311211999999999989e-01 4.003655000000000186e+00 1.319669999999999899e+00 9.835912999999999684e+00 -7.818894000000000233e+00 -7.273429000000000144e+00 3.055823000000000178e+00
-1.962766999999999928e+00 1.236111000000000004e+01 2.442976999999999954e+00 -1.607952999999999832e+01 -7.078560000000000407e+00 -1.596289999999999987e+00 2.486349000000000142e+00 1.585577999999999932e+00 1.128318999999999939e+01 -5.798988999999999727e+00 -9.165290000000000603e+00 1.380941999999999892e+00
-1.503301999999999916e+00 1.273663999999999952e+01 2.183678000000000008e+00 -1.614919000000000082e+01 -8.524665000000000603e+00 2.365598999999999896e-01 -6.389151999999999332e-02 1.651906000000000097e+00 1.435870000000000068e+01 -8.186973999999999307e+00 -7.996392000000000166e+00 2.133837000000000206e+00
-1.254553999999999947e+00 1.396364999999999945e+01 2.808802000000000021e+00 -1.621265000000000001e+01 -1.004707999999999934e+01 -1.763215999999999894e+00 3.740565000000000140e+00 2.490079000000000153e+00 1.169086000000000070e+01 -6.752887000000000306e+00 -7.943929999999999936e+00 7.820620000000000349e-01
-7.128198000000000034e-01 1.470054000000000016e+01 1.364209999999999923e+00 -1.622027999999999892e+01 -9.790487999999999857e+00 -3.353425999999999907e-01 4.398501000000000438e+00 2.676413000000000264e-01 1.137711000000000006e+01 -5.129251000000000005e+00 -8.555248999999999882e+00 1.566828000000000110e+00
-4.664003999999999928e-01 1.543801999999999985e+01 1.694180000000000019e+00 -1.669406000000000034e+01 -9.338558000000000803e+00 -1.477473999999999954e+00 2.912866999999999873e+00 7.548405999999999727e-01 1.306282999999999994e+01 -4.676603000000000065e+00 -9.223190000000000666e+00 2.635286000000000017e-01
-5.451770000000000227e-01 1.569754000000000005e+01 1.868257999999999974e+00 -1.390816000000000052e+01 -1.081546999999999947e+01 -4.705564999999999998e+00 1.124868999999999897e+00 1.977003000000000066e+00 1.574768000000000079e+01 -3.467058000000000195e+00 -9.024535000000000196e+00 -2.706544000000000172e-01
-5.288783999999999708e-01 1.716351999999999833e+01 3.011461000000000165e+00 -1.467727999999999966e+01 -1.154989999999999917e+01 -5.688718999999999859e+00 -5.629021000000000025e-02 3.672086999999999879e+00 1.274827999999999939e+01 4.045888000000000262e-01 -6.290071000000000190e+00 -3.118103000000000069e+00
-3.459072000000000258e-01 1.658864000000000161e+01 2.883109999999999840e+00 -1.310421999999999976e+01 -1.319553999999999938e+01 -8.280478999999999701e+00 3.704670000000000130e+00 3.704804999999999904e+00 1.061683000000000021e+01 1.813429000000000013e-01 -7.366198999999999941e+00 1.509001000000000037e+00
-2.302646999999999888e-01 1.774793999999999983e+01 2.891424000000000216e+00 -1.577561000000000035e+01 -1.289344000000000001e+01 -7.574699999999999989e+00 3.605853000000000197e+00 3.709267000000000092e+00 1.168438000000000088e+01 7.532282000000000144e-01 -8.883141999999999427e+00 2.997895999999999894e-01
2.255139999999999922e-01 1.824990999999999985e+01 3.225030999999999981e+00 -1.220055999999999941e+01 -1.402203000000000088e+01 -9.318020000000000636e+00 6.489426000000000361e-01 5.970667999999999864e+00 1.226854999999999940e+01 1.086962999999999901e+00 -6.828134999999999621e+00 -3.262766000000000055e+00
5.825932000000000333e-02 1.899721999999999866e+01 5.535859000000000307e+00 -1.217670000000000030e+01 -1.565787000000000084e+01 -1.176083999999999996e+01 1.410762999999999989e+00 8.279659000000000546e+00 1.054922999999999966e+01 5.137815999999999494e-01 -4.222589000000000148e+00 -3.482622999999999802e+00
2.617978000000000249e-01 1.977954000000000079e+01 4.429031000000000162e+00 -1.351645000000000074e+01 -1.419811999999999941e+01 -9.338938000000000628e+00 -1.163969999999999949e+00 9.892652000000000001e+00 7.896359999999999602e+00 9.385643000000000180e-01 -1.633356999999999948e+00 -3.391970000000000152e+00
2.616037999999999974e-01 2.018777000000000044e+01 4.631689999999999863e+00 -1.191428999999999938e+01 -1.430382999999999960e+01 -1.128223999999999982e+01 -1.126386000000000109e+00 7.553619999999999557e+00 7.881785999999999959e+00 1.379249999999999921e-01 -3.022734999999999728e-01 6.143068000000000417e-01
-5.748636999999999775e-01 2.136356999999999928e+01 5.880378000000000327e+00 -1.052777999999999992e+01 -1.530955999999999939e+01 -1.457685000000000031e+01 -7.788370999999999489e-01 8.399229000000000056e+00 9.933476999999999890e+00 1.761236999999999941e+00 -2.427337000000000078e+00 -1.259246000000000087e+00
-4.696989999999999776e-01 2.069465999999999894e+01 6.620861999999999803e+00 -8.848326000000000136e+00 -1.530221000000000053e+01 -1.582649999999999935e+01 -4.823859999999999815e-01 6.251744999999999663e+00 6.845009000000000121e+00 4.442454999999999821e+00 1.503781999999999897e-01 -1.281193000000000026e+00
-1.020102999999999982e-01 2.030148000000000152e+01 6.047700999999999993e+00 -7.313913000000000331e+00 -1.537886999999999915e+01 -1.514498000000000033e+01 -1.106959999999999944e+00 6.764821000000000417e+00 5.270210999999999757e+00 3.789890000000000203e+00 2.447865000000000180e+00 -1.395319999999999894e+00
-1.999959000000000042e-01 1.952696999999999861e+01 5.477140000000000342e+00 -7.623562999999999867e+00 -1.264559000000000033e+01 -1.468102000000000018e+01 -4.310490999999999850e+00 6.653283000000000058e+00 6.328847999999999807e+00 3.735456000000000110e+00 4.229041999999999746e+00 8.213766000000000123e-01
-2.871157999999999766e-01 2.001070999999999955e+01 5.929223999999999606e+00 -7.690360000000000085e+00 -1.434933999999999976e+01 -1.452664000000000044e+01 -5.401278999999999719e+00 6.441805999999999699e+00 8.857431999999999306e+00 3.428290000000000060e+00 1.897966000000000042e+00 -1.260008999999999935e+00
-2.187547999999999923e-02 1.985679000000000016e+01 5.206927999999999557e+00 -7.223260999999999932e+00 -1.181489000000000011e+01 -1.564493000000000045e+01 -5.828219999999999956e+00 3.285420999999999925e+00 7.543345000000000411e+00 5.617007000000000083e+00 3.417787999999999826e+00 -3.263820000000000054e-01
-2.778023000000000020e-01 1.877184000000000097e+01 4.931001000000000190e+00 -7.040047000000000388e+00 -1.233929000000000009e+01 -1.180392999999999937e+01 -6.776695000000000135e+00 4.206876000000000282e+00 6.308606000000000158e+00 2.792898000000000103e+00 4.532301999999999609e+00 6.133524999999999672e-01
-2.232857999999999787e+00 1.746209999999999951e+01 6.818843000000000210e+00 -5.452198000000000100e+00 -9.776135000000000019e+00 -1.716650999999999883e+01 -9.025415999999999883e+00 8.066399000000000541e+00 5.545901999999999887e+00 1.438517999999999963e+00 4.626991000000000298e+00 2.029634000000000160e+00
-2.733652000000000193e+00 1.709002999999999872e+01 7.578553000000000317e+00 -1.560821000000000014e+00 -9.833546000000000120e+00 -1.705229999999999890e+01 -8.535553999999999419e+00 8.176747000000000654e+00 2.894248000000000154e+00 1.818586999999999954e+00 5.400497999999999799e+00 3.263656000000000112e+00
-2.971728000000000147e+00 1.681372999999999962e+01 7.407593000000000316e+00 -6.519104000000000010e-01 -9.651163999999999632e+00 -1.384135999999999989e+01 -8.511060999999999765e+00 4.616147999999999918e+00 9.664350999999999914e-01 -7.271931000000000367e-01 5.009585999999999650e+00 3.190561000000000202e+00
-3.456224000000000185e+00 1.558469999999999978e+01 7.224680000000000213e+00 -3.118135000000000101e+00 -1.422856999999999950e+01 -1.626159000000000177e+01 -9.908856999999999360e+00 5.463243000000000293e+00 3.067921000000000120e+00 -7.187687000000000381e-01 7.089545000000000208e+00 4.808187000000000211e+00
-4.717812999999999590e+00 1.620818999999999832e+01 6.067967000000000333e+00 -2.472593999999999959e+00 -1.171407999999999916e+01 -1.524079000000000050e+01 -9.063423000000000229e+00 5.376392000000000060e+00 6.368521000000000321e+00 4.015080000000000204e+00 6.156410000000000160e+00 -9.178193000000000046e-01
