-3.860294000000000225e-01 2.352600999999999942e+00 -4.403913000000000189e+00 -7.903717000000000326e+00 -2.998261999999999983e+00 -5.214966999999999686e+00 6.165753999999999735e+00 5.510951999999999629e+00 8.489017000000000479e+00 -8.535942000000000363e+00 -4.017046999999999812e+00 6.844021999999999828e+00
-3.834435999999999956e-01 8.701314999999999245e+00 -3.271364999999999856e+00 -1.185863999999999940e+01 -4.099766999999999939e+00 -4.145621000000000222e+00 4.423720999999999570e+00 5.298907999999999952e+00 1.133796000000000070e+01 -8.372101999999999933e+00 -6.282218000000000302e+00 7.690484999999999793e+00
-1.088348000000000093e+00 1.101434000000000069e+01 -2.454292999999999836e+00 -1.201024999999999920e+01 -3.456325000000000092e+00 -4.773443999999999576e+00 5.557169000000000025e+00 4.709836000000000134e+00 9.738486999999999227e+00 -8.843825999999999965e+00 -4.733520999999999646e+00 7.052247999999999628e+00
-1.679680999999999980e+00 1.034293000000000085e+01 -1.507867999999999986e+00 -1.229180000000000028e+01 -8.974166000000000087e-01 -4.469123999999999874e+00 5.397778999999999883e+00 3.809280999999999917e+00 1.182582000000000022e+01 -1.097766000000000020e+01 -1.024911999999999956e+01 9.376507000000000147e+00
-1.276110999999999995e+00 9.614808999999999273e+00 -2.730840000000000156e+00 -1.284642999999999979e+01 6.235138999999999543e-01 -1.039347999999999939e+00 3.410620999999999903e+00 1.218820999999999932e+00 1.280354999999999954e+01 -1.133399000000000001e+01 -1.011833999999999989e+01 9.176721999999999824e+00
-1.839398000000000089e+00 9.345976999999999535e+00 -1.198881000000000085e+00 -1.208793000000000006e+01 -6.072731999999999575e-01 -1.956209000000000087e+00 1.920152000000000081e+00 2.504807000000000006e+00 1.304365999999999914e+01 -1.011912000000000056e+01 -6.730465999999999838e+00 6.101415000000000255e+00
-1.158361999999999892e+00 9.567194999999999894e+00 -3.371522000000000130e+00 -1.301687000000000083e+01 -2.959543000000000035e-01 -1.484447999999999990e+00 1.973684999999999912e+00 2.963907999999999987e+00 1.347124999999999950e+01 -9.402551000000000769e+00 -5.829518000000000200e+00 6.705630000000000202e+00
-1.526327999999999907e+00 8.969077000000000410e+00 -2.876008000000000120e+00 -1.131343000000000032e+01 -9.843480999999999481e-01 -4.804980999999999725e+00 5.796659000000000006e+00 2.705925999999999831e+00 8.232927999999999358e+00 -5.910328999999999944e+00 -5.003416999999999781e+00 8.361209999999999809e+00
-1.496890999999999972e+00 8.798683000000000476e+00 -2.372787999999999897e+00 -1.236571999999999960e+01 -1.100999999999999979e+00 -2.216311000000000142e+00 3.268536999999999804e+00 7.910920999999999648e-01 1.092102000000000039e+01 -4.866857000000000433e+00 -4.057114999999999583e+00 5.670124999999999638e+00
-1.677095000000000002e+00 8.907821000000000211e+00 3.841716000000000020e-01 -1.185393999999999970e+01 -4.508790000000000298e+00 -9.857013000000000025e-01 3.077246000000000148e-01 1.485206000000000026e+00 1.243257999999999974e+01 -4.080214999999999925e+00 -3.183711999999999875e+00 3.921943000000000179e+00
-1.704542999999999919e+00 8.779424000000000561e+00 5.187958999999999765e-01 -1.215902999999999956e+01 -2.965199000000000140e+00 -2.201354999999999951e+00 -9.118597000000000508e-01 2.931694999999999940e+00 1.235998000000000019e+01 -3.479814999999999880e+00 -4.008977999999999930e+00 1.741449000000000025e+00
-2.740816999999999837e+00 8.840412000000000603e+00 6.526092000000000004e-01 -1.131625000000000014e+01 5.324959000000000220e-01 -5.258860000000000312e+00 -4.465962000000000209e+00 5.178461000000000425e+00 1.280389000000000088e+01 -4.039581000000000088e+00 -5.155058000000000362e+00 2.424707999999999863e+00
-4.213479999999999670e+00 7.300178999999999974e+00 3.250614999999999810e+00 -1.062650000000000006e+01 9.745835999999999943e-01 -5.938377000000000017e+00 -6.091670999999999836e+00 5.884618999999999822e+00 1.270831000000000088e+01 -6.652950999999999837e+00 -3.398515000000000175e+00 6.321152999999999800e+00
-4.722864999999999647e+00 5.585806999999999967e+00 4.421685000000000088e+00 -9.351974000000000231e+00 1.187454000000000010e+00 -6.079807999999999879e+00 -6.569442999999999699e+00 5.678458000000000006e+00 7.416044000000000302e+00 -6.690979999999999706e+00 9.534726999999999508e-01 8.841103999999999630e+00
-5.622691999999999801e+00 5.549694999999999823e+00 5.122785999999999618e+00 -1.071641999999999939e+01 4.587443999999999633e+00 -6.766479000000000354e+00 -7.068948999999999927e+00 3.139816999999999858e+00 4.143176000000000414e+00 -2.747872999999999788e+00 1.641008999999999940e+00 7.013366000000000433e+00
-6.416506000000000043e+00 5.733196000000000403e+00 8.261722000000000676e+00 -8.988497000000000625e+00 5.242030999999999885e+00 -5.271539999999999893e+00 -1.257479000000000013e+01 -8.962927000000000533e-01 7.211240000000000094e+00 -1.832295000000000007e+00 -2.340915999999999997e+00 7.136153000000000191e+00
-6.622367999999999810e+00 4.739722000000000435e+00 9.304655000000000342e+00 -8.037430999999999770e+00 7.040845000000000020e+00 -4.519517999999999702e+00 -1.694517000000000095e+01 -6.937729000000000257e-01 9.556328999999999851e+00 -2.660353000000000190e+00 -4.222668999999999784e+00 4.538180999999999798e+00
-6.965671000000000390e+00 4.622560000000000002e+00 8.148182999999999510e+00 -2.545262999999999831e+00 8.631617999999999569e+00 -8.211997999999999465e+00 -1.691255999999999915e+01 2.882115999999999900e+00 1.107554000000000016e+01 -6.966826000000000185e+00 -9.381558000000000064e+00 4.117891000000000190e+00
-7.283116999999999841e+00 4.920816000000000301e+00 9.586472999999999800e+00 -3.474534000000000233e-01 1.119833000000000034e+01 -8.063415000000000887e+00 -1.820943000000000112e+01 3.135895999999999795e+00 6.687407000000000323e+00 -7.876674000000000397e+00 -9.426354999999999151e+00 4.413091999999999793e+00
-6.989937000000000289e+00 6.180447000000000024e+00 1.000737999999999950e+01 1.122932000000000041e+00 1.070905999999999914e+01 -8.521845000000000780e+00 -1.619811999999999941e+01 4.493591000000000335e+00 4.888130000000000308e+00 -9.647138999999999243e+00 -1.093191999999999986e+01 4.232491999999999699e+00
-8.439327999999999719e+00 5.188577999999999690e+00 1.189901000000000053e+01 5.793040999999999663e+00 1.164376000000000033e+01 -1.120415000000000028e+01 -1.203423000000000087e+01 4.860255000000000436e+00 2.353556000000000203e+00 -5.820465000000000444e+00 -1.041106000000000087e+01 9.064959999999999685e-01
-9.015145999999999660e+00 3.548836999999999797e+00 1.379631999999999969e+01 8.658950000000000813e+00 9.216362999999999417e+00 -1.225170999999999921e+01 -8.274848000000000425e+00 5.637560999999999822e+00 1.114408000000000065e+00 -7.254133000000000386e+00 -1.004349999999999987e+01 -6.733407999999999755e-03
-1.030640999999999963e+01 5.087731999999999921e+00 1.424114999999999931e+01 8.653769999999999740e+00 8.530941000000000329e+00 -8.894116000000000355e+00 -7.123689999999999856e+00 4.073985999999999663e+00 -9.253061000000000202e-01 -9.440319999999999823e+00 -7.109154000000000195e+00 2.957552999999999876e+00
-1.100416000000000061e+01 4.305845999999999840e+00 1.794736999999999938e+01 8.247448999999999586e+00 6.245459000000000316e+00 -8.862254000000000076e+00 -6.910363000000000255e+00 6.517667999999999573e+00 6.948098999999999803e-01 -8.677642000000000522e+00 -6.071031999999999762e+00 3.215917000000000137e+00
-1.134685999999999950e+01 5.420227999999999824e+00 1.776530999999999949e+01 1.179510999999999932e+01 8.024212000000000344e+00 -8.156401999999999930e+00 -5.698024000000000200e+00 4.179866999999999777e+00 4.842857999999999885e-02 -5.776704999999999757e+00 -6.137809999999999988e+00 2.732955000000000023e+00
-1.046513000000000027e+01 6.491543000000000063e+00 1.642150000000000176e+01 1.065288999999999930e+01 4.571468999999999561e+00 -6.490120000000000111e+00 -4.696998999999999924e+00 2.834776999999999880e+00 1.815071000000000101e+00 -7.397916000000000381e+00 -5.920225000000000293e+00 2.719396999999999842e+00
-1.098823999999999934e+01 6.484855999999999732e+00 1.764446999999999832e+01 9.480537999999999244e+00 4.578898999999999830e+00 -6.528484999999999872e+00 -3.476608999999999838e+00 4.690788999999999653e+00 -1.062840999999999925e+00 -7.733932000000000251e+00 -4.966967000000000354e+00 1.646033000000000079e+00
-1.131325000000000003e+01 5.789638000000000062e+00 1.758689000000000036e+01 1.017500000000000071e+01 3.899420999999999804e+00 -6.853938000000000308e+00 -2.968649999999999789e+00 5.911788999999999739e+00 1.645567000000000002e+00 -8.455455000000000609e+00 -7.438870999999999789e+00 9.880982999999999850e-01
-1.210407999999999973e+01 6.534876999999999825e+00 2.031952000000000069e+01 8.685316000000000258e+00 3.922826000000000146e+00 -6.633500999999999870e+00 -4.207151999999999781e+00 4.584627000000000230e+00 1.483389000000000069e+00 -5.551130999999999815e+00 -7.571593000000000018e+00 1.353390000000000093e+00
-1.282926999999999929e+01 6.465863999999999834e+00 2.130932999999999922e+01 7.765795999999999921e+00 6.119519000000000375e+00 -5.239027000000000100e+00 -3.604203000000000046e+00 5.078742000000000090e+00 -4.953841999999999968e-01 -6.384919000000000011e+00 -6.944713000000000136e+00 -3.037248000000000170e-01
-1.220711000000000013e+01 5.882190999999999725e+00 2.035925999999999902e+01 8.399055000000000604e+00 4.145728000000000080e+00 -4.620957999999999899e+00 -1.857339000000000073e+00 1.684363999999999972e+00 5.829170000000000185e-01 -4.051301999999999737e+00 -7.118336000000000219e+00 2.267386999999999819e+00
-1.224211000000000027e+01 6.836611000000000438e+00 2.011718000000000117e+01 1.066937000000000069e+01 4.195138000000000034e+00 -4.418078000000000394e+00 -3.074508999999999936e+00 2.727774999999999839e+00 -5.519781999999999987e-03 -3.727789000000000019e+00 -6.410487999999999964e+00 -5.234626999999999475e-01
-1.291499999999999915e+01 6.832599000000000089e+00 2.216978999999999900e+01 1.052247000000000021e+01 5.593842999999999677e+00 -5.718916000000000111e+00 -4.375398999999999816e+00 1.914614999999999956e+00 9.086052999999999491e-01 -3.960656000000000176e+00 -6.372090000000000032e+00 1.426575999999999955e-01
-1.218502999999999936e+01 6.192484000000000322e+00 2.135434000000000054e+01 1.088735999999999926e+01 4.623851000000000155e+00 -4.498709999999999987e+00 -4.773876999999999704e+00 1.681842999999999977e+00 -8.744137999999999911e-02 -6.554750000000000298e+00 -6.879603999999999608e+00 1.816400000000000015e+00
-1.220093999999999923e+01 5.975278999999999563e+00 2.162034999999999840e+01 1.212327999999999939e+01 5.985407000000000366e+00 -6.969357999999999720e+00 -6.090061999999999642e+00 2.251867999999999981e+00 2.012233999999999898e-02 -6.231759000000000270e+00 -8.212384999999999380e+00 2.242828999999999962e+00
-1.235369999999999990e+01 5.976884000000000086e+00 2.019949000000000083e+01 1.336436999999999919e+01 6.275178999999999618e+00 -6.909860000000000113e+00 -4.021598000000000006e+00 2.824116999999999877e-01 -1.100471999999999895e+00 -7.498459999999999681e+00 -8.650617000000000445e+00 3.773320000000000007e+00
-1.164978999999999942e+01 5.469981999999999900e+00 1.998781999999999925e+01 1.396091000000000015e+01 5.299985000000000390e+00 -6.183199000000000112e+00 -5.303973000000000049e+00 1.076243999999999978e+00 1.470008999999999899e-01 -9.241054999999999353e+00 -8.497583000000000553e+00 3.445120000000000182e+00
-1.092440000000000033e+01 5.003471000000000224e+00 1.934592999999999918e+01 1.459228000000000058e+01 6.534487000000000378e+00 -9.275816999999999979e+00 -7.201774999999999594e+00 1.927780000000000049e+00 1.544662999999999897e+00 -9.160567000000000348e+00 -8.522624999999999673e+00 1.680822000000000038e+00
-1.058547000000000082e+01 5.489508999999999972e+00 2.003972999999999871e+01 1.530369999999999919e+01 7.190932000000000102e+00 -1.219838999999999984e+01 -1.232604000000000077e+01 2.512929999999999886e+00 2.554696999999999996e+00 -9.263716000000000506e+00 -1.060304000000000002e+01 2.319315000000000015e+00
-9.379134000000000526e+00 5.844742000000000104e+00 1.633674999999999855e+01 1.384272999999999954e+01 8.389770999999999646e+00 -1.286913000000000018e+01 -1.635952999999999946e+01 3.487995000000000179e+00 6.143595000000000361e+00 -1.207323000000000057e+01 -1.154266999999999932e+01 1.463130999999999959e+00
-8.182149000000000783e+00 6.667822000000000138e+00 1.342286000000000001e+01 1.316474000000000011e+01 8.545057999999999154e+00 -1.334479999999999933e+01 -1.706832999999999956e+01 3.863326000000000260e-01 4.289036000000000293e+00 -7.303622999999999976e+00 -1.116592999999999947e+01 -6.731095000000000272e-01
-7.208130999999999844e+00 9.665364999999999540e+00 1.221368000000000009e+01 7.987554000000000265e+00 8.996432999999999680e+00 -1.642441000000000173e+01 -1.346632999999999925e+01 -2.215052000000000021e+00 -2.463499999999999801e+00 -4.452697999999999823e+00 -5.786112000000000144e+00 -8.416860000000000452e-01
-5.834323000000000370e+00 1.112776000000000032e+01 1.131104000000000021e+01 2.810973999999999973e-01 5.296269999999999811e+00 -1.177768000000000015e+01 -1.058361000000000018e+01 -2.807485999999999926e+00 -3.845511000000000124e+00 -5.884281999999999790e+00 -4.851218000000000252e+00 2.420103000000000115e+00
-4.724853999999999665e+00 1.283036000000000065e+01 1.015010999999999974e+01 -7.119793999999999734e+00 1.533322999999999992e+00 -5.924396999999999913e+00 -8.660043999999999187e+00 2.005650999999999851e+00 -8.352529999999999788e+00 -8.604708000000000467e+00 -2.487270999999999788e+00 5.466758999999999702e+00
-3.939592999999999900e+00 1.363418000000000063e+01 9.650135999999999825e+00 -9.837863999999999720e+00 -1.596584000000000003e+00 -7.960999000000000159e+00 -5.817567000000000377e+00 7.213743000000000016e+00 -5.321765000000000079e+00 -1.137827000000000055e+01 -7.480050999999999561e+00 6.213459000000000287e+00
-3.129866999999999955e+00 1.357559999999999967e+01 8.248340999999999923e+00 -8.799696000000000851e+00 -6.344012000000000207e+00 -7.135499000000000258e+00 -5.753167000000000364e+00 8.634181999999999135e+00 -1.664598000000000022e+00 -1.284346000000000032e+01 -4.988391000000000020e+00 2.640096999999999916e+00
-3.808317999999999870e+00 1.569896999999999920e+01 8.738177999999999557e+00 -1.035200999999999993e+01 -6.401966999999999963e+00 -7.659279999999999866e+00 -7.885627999999999638e+00 9.211209000000000202e+00 1.015169999999999906e+00 -8.259835999999999956e+00 -4.393231000000000108e+00 -1.737265000000000059e+00
-3.087302000000000213e+00 1.630217000000000027e+01 8.982286000000000215e+00 -1.265762999999999927e+01 -8.810786999999999480e+00 -7.679438000000000208e+00 -5.720564000000000426e+00 1.025098000000000020e+01 2.419159000000000059e+00 -8.660190000000000055e+00 -6.418556999999999846e+00 -2.871510999999999925e+00
-2.447239000000000164e+00 1.677937999999999974e+01 7.655507000000000062e+00 -1.086802999999999919e+01 -1.035214999999999996e+01 -8.803406000000000731e+00 -3.810687000000000157e+00 1.072940999999999967e+01 7.400999000000000327e-01 -5.059089000000000169e+00 -5.944431999999999938e+00 -7.253733000000000430e+00
-2.825150999999999968e+00 1.774236000000000146e+01 7.759313999999999822e+00 -1.088357000000000063e+01 -9.883686000000000860e+00 -8.497785999999999618e+00 -2.683678000000000008e+00 9.945658999999999139e+00 -9.776482999999999701e-02 -7.208808999999999578e+00 -4.023169000000000217e+00 -4.227541000000000437e+00
-2.829327999999999843e+00 1.786245999999999867e+01 8.114527000000000712e+00 -9.300181999999999505e+00 -1.191877999999999993e+01 -8.985476999999999492e+00 -1.096608999999999945e+00 1.030279999999999951e+01 6.928117999999999777e-01 -1.137775000000000070e+01 -2.711812999999999807e+00 -2.891207999999999778e+00
-2.868510999999999811e+00 1.681790000000000163e+01 8.176567999999999614e+00 -1.057799999999999940e+01 -1.012144999999999939e+01 -9.672798000000000229e+00 -7.629335999999999895e-01 1.146302000000000021e+01 -2.366319000000000061e-01 -1.012433000000000050e+01 -5.718777000000000221e+00 -3.289499000000000173e+00
-3.082927000000000195e+00 1.622379000000000104e+01 7.505474000000000423e+00 -1.224471999999999916e+01 -7.284656000000000020e+00 -6.645205999999999946e+00 -1.596114999999999950e+00 8.326340999999999326e+00 -3.643038000000000221e+00 -5.997849999999999682e+00 -5.247713000000000072e+00 -4.926917000000000435e+00
-4.001052999999999749e+00 1.477237000000000045e+01 9.214230000000000587e+00 -9.533711000000000269e+00 -6.216959000000000124e+00 -5.316081999999999752e+00 -5.305984999999999729e+00 8.987401000000000195e+00 -4.992414000000000129e+00 -1.137645000000000017e+01 -4.608311999999999742e+00 1.983953000000000078e+00
-4.428491000000000177e+00 1.481462999999999930e+01 9.612424999999999997e+00 -9.944741000000000497e+00 -3.644676000000000027e+00 -1.523138000000000103e+00 -7.453742000000000090e+00 4.809555999999999720e+00 -4.538180999999999798e+00 -1.462121999999999922e+01 -3.084935999999999900e+00 6.684910000000000352e+00
-5.260295000000000165e+00 1.287209000000000003e+01 1.078917000000000037e+01 -8.455052000000000234e+00 1.043312000000000017e+00 -7.438061000000000256e-01 -9.824082000000000647e+00 -1.766891999999999907e-01 -6.459342999999999613e+00 -1.092947000000000024e+01 -6.953911000000000397e-01 5.944606000000000279e+00
-5.809061999999999948e+00 1.193398999999999965e+01 1.192375000000000007e+01 -4.764728999999999992e+00 6.699517000000000388e-01 -3.264199000000000073e+00 -1.060091000000000072e+01 -1.401051999999999964e+00 -1.033536000000000010e+00 -9.202503999999999351e+00 -4.910762000000000072e+00 3.952383999999999897e+00
-6.918730000000000047e+00 1.194522000000000084e+01 1.234221999999999930e+01 -2.351754000000000122e+00 5.160671999999999926e+00 -6.187100000000000044e+00 -1.322845000000000049e+01 -4.116441000000000017e+00 1.939951999999999899e+00 -5.185680999999999763e+00 -7.692905999999999800e+00 5.064144999999999897e-01
-7.180086000000000190e+00 1.008613000000000071e+01 1.275906999999999947e+01 2.832967000000000013e+00 7.741497999999999990e+00 -9.061882999999999910e+00 -1.510734000000000066e+01 -3.137176000000000187e+00 4.701973999999999876e+00 -7.575040999999999691e+00 -9.505098000000000269e+00 -6.526448999999999723e-01
-7.686687000000000047e+00 8.453348000000000084e+00 1.351045000000000051e+01 9.713126000000000815e+00 7.727752999999999872e+00 -1.171199999999999974e+01 -1.467061999999999955e+01 -2.853423999999999960e+00 5.251449000000000034e+00 -8.693009999999999238e+00 -1.289409000000000027e+01 2.192690999999999946e+00
-8.769901000000000835e+00 1.035763999999999996e+01 1.580513999999999974e+01 8.115617999999999554e+00 1.031526999999999994e+01 -1.034938999999999965e+01 -1.533353999999999928e+01 -3.279190999999999967e+00 5.557155999999999985e+00 -1.033272000000000013e+01 -1.148952000000000062e+01 3.990499999999999936e+00
-9.293407999999999447e+00 9.122887000000000413e+00 1.816918000000000077e+01 8.566668999999999201e+00 9.344158999999999438e+00 -8.203870000000000218e+00 -1.517656999999999989e+01 5.942771000000000338e-03 5.226805999999999841e+00 -1.259314000000000000e+01 -1.084205000000000041e+01 4.127355999999999803e+00
-9.494695999999999358e+00 1.005269999999999975e+01 1.678116999999999948e+01 8.667894999999999683e+00 9.591580000000000439e+00 -5.945204999999999629e+00 -1.174402000000000079e+01 -1.642227000000000103e+00 5.297072000000000003e+00 -1.061090000000000089e+01 -1.400677999999999912e+01 4.640247999999999706e+00
-9.472618000000000649e+00 1.010486000000000040e+01 1.670737000000000094e+01 8.485685999999999396e+00 8.827028000000000318e+00 -6.177347000000000143e+00 -1.016982999999999926e+01 1.020782999999999996e+00 5.042982000000000298e+00 -9.867241999999999180e+00 -1.489020000000000010e+01 3.634929000000000077e+00
-1.005142000000000024e+01 1.044938999999999929e+01 1.825636000000000081e+01 8.309127000000000152e+00 8.062105000000000743e+00 -6.628624000000000294e+00 -9.951676000000000855e+00 4.471461999999999826e+00 4.595410000000000217e+00 -1.118342999999999954e+01 -1.370655999999999963e+01 2.540588000000000068e+00
-1.014987999999999957e+01 1.075780999999999921e+01 1.808483999999999980e+01 8.926849000000000700e+00 8.125260000000000815e+00 -6.325929999999999609e+00 -1.009174999999999933e+01 1.112379000000000007e+00 6.469948999999999728e+00 -9.832077999999999207e+00 -1.290216000000000030e+01 2.708652999999999977e+00
-1.028592000000000084e+01 1.188316000000000017e+01 1.853979999999999961e+01 9.849664999999999893e+00 7.792393999999999821e+00 -5.494252999999999609e+00 -1.092210999999999999e+01 -5.537176999999999794e-01 4.027619999999999756e+00 -8.080887999999999849e+00 -1.091300000000000026e+01 4.450952000000000019e+00
-1.056080000000000041e+01 1.112828999999999979e+01 1.873727999999999838e+01 9.682522999999999769e+00 7.758216000000000001e+00 -6.206933000000000256e+00 -8.821849999999999525e+00 -3.733267000000000113e-01 2.663924999999999876e+00 -8.577619000000000327e+00 -1.211417999999999928e+01 5.030609000000000108e+00
-9.841379999999999129e+00 1.166728999999999949e+01 1.811524999999999963e+01 6.133918000000000426e+00 6.804941000000000351e+00 -4.936007000000000033e+00 -5.720965999999999774e+00 1.870357000000000047e+00 -2.246433999999999931e-01 -9.106908999999999921e+00 -1.142719999999999914e+01 2.947321000000000080e+00
-1.066483000000000025e+01 1.101085999999999920e+01 1.976439999999999841e+01 9.813411999999999580e+00 7.447639999999999816e+00 -5.635683000000000220e+00 -5.584920000000000329e+00 -6.604559000000000124e-02 -1.849755000000000038e+00 -1.061454999999999949e+01 -9.733536000000000854e+00 1.675194999999999990e+00
-1.017215000000000025e+01 1.122513000000000005e+01 1.955839999999999890e+01 1.012603999999999971e+01 7.757844000000000406e+00 -8.546879999999999811e+00 -3.530545000000000044e+00 2.975377000000000161e-01 -4.030001000000000388e+00 -9.741953000000000529e+00 -8.269702999999999804e+00 1.836352999999999902e+00
-1.053714000000000084e+01 1.321047000000000082e+01 1.893312999999999846e+01 1.137090000000000067e+01 8.414289000000000129e+00 -1.183750000000000036e+01 -4.306168000000000440e+00 -1.496569000000000038e+00 -4.928808000000000078e+00 -6.873053999999999775e+00 -6.429687000000000374e+00 3.360447999999999880e+00
-1.009497999999999962e+01 1.129922000000000004e+01 1.934957999999999956e+01 1.021078999999999937e+01 6.889272000000000062e+00 -8.466898999999999731e+00 -6.928073000000000370e+00 -6.595993999999999469e-01 -2.474823000000000217e+00 -7.725596999999999603e+00 -8.766087000000000629e+00 2.012091999999999992e+00
-1.017393999999999998e+01 1.012491999999999948e+01 1.877945000000000064e+01 1.102248999999999945e+01 8.677312999999999832e+00 -9.918594999999999828e+00 -8.055483999999999867e+00 9.177020000000000177e-01 -8.244027000000000438e-01 -1.081589999999999918e+01 -1.264812000000000047e+01 4.339930999999999983e+00
-1.043449999999999989e+01 9.751765999999999934e+00 1.819027000000000172e+01 1.017218000000000089e+01 1.113146000000000058e+01 -1.007953000000000010e+01 -1.295112999999999914e+01 9.950124999999999664e-01 1.979520999999999920e-01 -1.089066000000000045e+01 -1.187961999999999918e+01 4.636155999999999722e+00
-1.067816000000000010e+01 5.922315000000000218e+00 1.984712000000000032e+01 1.372173000000000087e+01 1.027923000000000009e+01 -1.431140000000000079e+01 -1.551829000000000036e+01 3.844854999999999912e+00 1.720161999999999969e+00 -1.196409000000000056e+01 -1.321268000000000065e+01 2.859834999999999905e+00
-1.078775000000000084e+01 4.589122999999999841e+00 1.877702000000000027e+01 1.199756999999999962e+01 1.056082999999999927e+01 -1.556835000000000058e+01 -2.021188000000000073e+01 4.050176000000000442e+00 6.160579000000000249e+00 -1.223471999999999937e+01 -1.219097000000000008e+01 1.057677999999999896e+00
-1.071038000000000068e+01 2.794770000000000199e+00 1.783302000000000120e+01 1.180781999999999954e+01 8.683999999999999275e+00 -1.762966000000000122e+01 -1.903939000000000092e+01 1.361677000000000026e+00 7.724082000000000114e+00 -9.254338000000000619e+00 -1.227805999999999997e+01 1.611242999999999981e+00
-1.026463999999999999e+01 2.032678000000000207e+00 1.663316999999999979e+01 6.672540999999999833e+00 6.100944000000000145e+00 -1.633466999999999913e+01 -1.899632000000000076e+01 1.420779999999999932e+00 9.020507999999999527e+00 -5.482104999999999784e+00 -8.344827999999999690e+00 3.247381999999999991e+00
-8.618935999999999709e+00 4.767540999999999585e+00 9.763674999999999216e+00 2.175695000000000157e+00 4.846752000000000393e+00 -1.263602000000000025e+01 -1.966730000000000089e+01 3.156623999999999874e+00 6.944162000000000390e+00 -1.095664999999999889e+00 -2.471411999999999942e+00 5.547337999999999880e+00
-9.477788999999999575e+00 2.134593000000000185e+00 1.051707999999999998e+01 1.248642000000000030e+00 9.660391000000000394e-01 -1.157771999999999935e+01 -1.598921999999999954e+01 -3.020759999999999938e-03 5.356015000000000192e+00 2.448911999999999978e+00 -2.382390000000000063e-01 7.145106000000000179e+00
-1.074718000000000018e+01 4.397060999999999886e+00 1.102476000000000056e+01 -1.805596999999999897e+00 1.271414000000000044e+00 -5.705261000000000138e+00 -1.346552999999999933e+01 -3.410003000000000117e+00 2.357885000000000009e+00 7.925360999999999656e-01 8.769561000000000162e-01 6.269735999999999976e+00
-9.537261000000000877e+00 3.784766999999999992e+00 7.464923999999999893e+00 -4.229402000000000328e+00 -1.841774999999999940e+00 -4.409299999999999997e+00 -1.057072999999999929e+01 -5.906922999999999480e-01 9.586299999999999599e+00 -2.494168000000000163e+00 -1.280550000000000022e-01 9.510293000000000774e+00
-8.362154000000000309e+00 4.148024000000000377e+00 3.951309999999999878e+00 -7.238913000000000153e+00 1.483625000000000083e-01 -6.752040000000000264e-01 -6.390329000000000370e+00 2.938417999999999974e+00 1.243524000000000029e+01 -2.363929000000000169e+00 -2.467515999999999821e+00 6.068672000000000288e+00
-5.869727000000000139e+00 7.841855999999999938e+00 2.109957999999999778e+00 -1.217314999999999969e+01 1.970580999999999916e+00 -1.052678000000000003e+00 -4.966273000000000160e+00 2.695561999999999792e+00 1.058201000000000036e+01 -1.638759999999999994e+00 -2.123609000000000080e+00 5.152629000000000126e+00
-4.763440000000000119e+00 8.220895000000000508e+00 1.703246999999999955e+00 -1.020181000000000004e+01 1.674865000000000048e+00 -1.387559999999999905e+00 -1.672992999999999952e+00 -6.786469000000000529e-01 9.591628000000000043e+00 -2.560328999999999855e+00 -4.318939999999999557e+00 4.612620999999999860e+00
-5.046278000000000041e+00 6.761445000000000149e+00 1.070675000000000043e+00 -1.208464000000000027e+01 1.850214999999999943e+00 1.377655000000000074e+00 -2.131845999999999908e+00 -3.491515000000000146e+00 1.230968999999999980e+01 -5.054400000000000226e+00 -7.836200999999999972e+00 4.771220999999999712e+00
-4.344356000000000328e+00 1.059651000000000032e+01 9.352392000000000483e-01 -1.314494000000000007e+01 9.281458999999999682e-01 1.935899999999999954e+00 -9.122622000000000231e-01 -4.123444000000000109e+00 1.210388999999999982e+01 -5.657665999999999862e+00 -8.769982000000000610e+00 4.148844000000000420e+00
-3.827611999999999792e+00 1.148727000000000054e+01 1.862200999999999995e+00 -1.140146999999999977e+01 -1.386684999999999945e+00 -6.823567999999999856e-01 1.255619000000000041e+00 -2.067994000000000110e+00 1.237297000000000047e+01 -6.435711999999999655e+00 -9.206545000000000201e+00 2.043299999999999894e+00
-4.025120000000000253e+00 1.234646000000000043e+01 2.261207999999999885e+00 -1.298767999999999923e+01 -1.536029000000000089e+00 5.362232000000000109e-01 1.299492000000000091e+00 -2.032979999999999787e+00 1.157506000000000057e+01 -6.653210999999999764e+00 -9.521793000000000617e+00 4.507996999999999588e+00
-4.054556999999999967e+00 1.308179999999999943e+01 2.974473000000000145e+00 -1.389920000000000044e+01 -2.770531000000000077e+00 2.266230000000000189e+00 3.016570000000000196e+00 -5.380579000000000001e+00 1.166896999999999984e+01 -8.226755000000000706e+00 -7.512326999999999977e+00 5.553988999999999621e+00
-3.779875000000000096e+00 1.209634999999999927e+01 3.603396000000000043e+00 -1.396228999999999942e+01 -2.640505999999999798e+00 3.222430999999999823e+00 2.420866000000000184e+00 -5.155930999999999820e+00 1.171193000000000062e+01 -8.478376000000000801e+00 -9.301702999999999832e+00 6.573122999999999827e+00
-3.927261000000000113e+00 1.179434999999999967e+01 3.511347999999999914e+00 -1.461250000000000071e+01 -1.099885000000000002e+00 3.677286000000000055e+00 6.180544000000000038e-01 -4.859294000000000224e+00 1.218581000000000003e+01 -9.422867999999999356e+00 -9.436372999999999678e+00 5.243695999999999913e+00
-3.620953999999999784e+00 1.246282000000000068e+01 2.266884999999999817e+00 -1.346133000000000024e+01 -2.464042000000000066e+00 2.420666000000000206e+00 4.033292999999999573e+00 -3.168827999999999978e+00 9.165701999999999572e+00 -1.012927999999999962e+01 -6.964745999999999881e+00 5.319415000000000227e+00
-3.706281999999999854e+00 1.220630000000000059e+01 1.625391999999999948e+00 -1.314963999999999977e+01 -1.113176000000000027e-01 -8.085065000000000168e-01 3.384457999999999966e+00 -2.683956999999999926e+00 9.647574000000000538e+00 -9.385880000000000223e+00 -7.167862999999999651e+00 5.295880000000000365e+00
-4.003638999999999726e+00 1.139418000000000042e+01 1.637961999999999918e+00 -1.322451000000000043e+01 2.074313000000000129e-01 -5.152409999999999490e-01 7.206928000000000223e-01 -3.329907999999999757e-01 9.084113999999999578e+00 -8.540630000000000166e+00 -6.507316000000000322e+00 3.394470000000000098e+00
-4.479011999999999993e+00 1.075352999999999959e+01 3.542571999999999832e+00 -1.428527000000000058e+01 1.231292000000000053e+00 -2.448453000000000213e+00 9.090641999999999889e-01 -3.640829999999999900e-01 8.807712000000000430e+00 -8.160854000000000497e+00 -7.281664000000000136e+00 6.246713999999999878e+00
-4.595568000000000097e+00 8.861010000000000275e+00 4.860835999999999935e+00 -1.295801999999999943e+01 2.942060000000000120e+00 -2.453980000000000050e+00 -4.998071000000000375e+00 1.196692000000000089e+00 8.344820999999999600e+00 -5.674597000000000335e+00 -5.869584999999999830e+00 4.656107999999999691e+00
-4.739372999999999614e+00 9.510754000000000374e+00 6.201806999999999626e+00 -1.108554999999999957e+01 2.294903000000000137e+00 -4.607954000000000327e+00 -6.600032999999999817e+00 3.468371000000000093e-01 8.095060000000000144e+00 -2.234471999999999792e+00 -5.501470000000000304e+00 3.884339999999999904e+00
-5.396939999999999849e+00 9.625507999999999953e+00 7.541967999999999783e+00 -1.027619999999999933e+01 5.617619999999999614e+00 -8.533875000000000099e+00 -9.603510999999999243e+00 1.426366000000000023e-01 8.947910000000000252e+00 -1.145415999999999990e+00 -5.506199999999999761e+00 4.310001999999999889e+00
-6.320237999999999801e+00 7.309274000000000271e+00 9.692306999999999562e+00 -6.069854999999999556e+00 6.349108000000000196e+00 -1.166225999999999985e+01 -1.249952000000000041e+01 2.030019999999999936e+00 8.875647000000000730e+00 -3.008090000000000153e+00 -5.352053999999999867e+00 5.591337000000000224e+00
-6.396615999999999858e+00 5.886471000000000231e+00 1.199794999999999945e+01 -2.499121999999999844e+00 6.941282000000000174e+00 -1.169313999999999965e+01 -1.574972999999999956e+01 4.401137999999999995e-01 1.089738000000000007e+01 -4.944740000000000357e+00 -6.934695999999999749e+00 6.547285999999999717e+00
-7.633380999999999972e+00 8.729936999999999614e+00 1.484777000000000058e+01 1.203913999999999929e+00 7.910903000000000240e+00 -1.342543000000000042e+01 -1.759359999999999857e+01 1.051017999999999952e-01 9.684205999999999648e+00 -1.603855999999999948e+00 -1.057188000000000017e+01 3.004621000000000208e+00
-7.698024000000000200e+00 8.405466000000000548e+00 1.564861999999999931e+01 4.571251000000000175e+00 8.272375000000000256e+00 -1.115506000000000064e+01 -1.587250000000000050e+01 7.305882999999999683e-01 9.768733000000000555e-01 -3.575670000000000126e+00 -8.520398999999999390e+00 2.164041000000000103e+00
-8.511727000000000487e+00 9.297292999999999807e+00 1.760107999999999961e+01 5.842476999999999698e+00 9.276916999999999192e+00 -7.752917000000000058e+00 -1.615988000000000113e+01 -1.997406000000000015e+00 -1.708889000000000102e+00 -5.415422000000000402e+00 -1.118873999999999924e+01 3.910944000000000198e+00
-8.442111999999999838e+00 9.660550000000000637e+00 1.777665999999999968e+01 6.309535000000000338e+00 9.037297999999999831e+00 -8.162578999999999141e+00 -1.356253000000000064e+01 2.059416000000000024e-01 -3.010642999999999958e+00 -8.792771999999999366e+00 -1.063030999999999970e+01 3.089293000000000067e+00
-8.804907999999999291e+00 1.002889000000000053e+01 1.665627999999999886e+01 8.118442999999999188e+00 9.354189999999999117e+00 -8.832993000000000094e+00 -1.061459999999999937e+01 3.398342999999999781e-01 -2.288002000000000091e+00 -9.879224000000000672e+00 -1.194973000000000063e+01 2.859322999999999837e+00
-9.083368999999999360e+00 1.072999000000000080e+01 1.632255999999999929e+01 8.479566000000000159e+00 9.113457000000000363e+00 -5.868475000000000108e+00 -8.190725000000000477e+00 8.689628000000000352e-01 -3.867490000000000094e+00 -9.461157999999999291e+00 -1.200844000000000023e+01 -2.627957000000000209e-01
-9.845755999999999730e+00 1.056119999999999948e+01 1.811728000000000094e+01 7.746020999999999823e+00 9.842715000000000103e+00 -8.134942999999999813e+00 -9.510130000000000194e+00 3.313766000000000211e+00 -2.863118000000000052e+00 -1.032282000000000011e+01 -9.203205000000000524e+00 -4.454415999999999931e-01
-9.345321999999999463e+00 1.086774999999999913e+01 1.729938999999999893e+01 8.815264000000000877e+00 8.714090999999999809e+00 -7.821519000000000332e+00 -1.006799999999999962e+01 1.362516999999999978e+00 -2.639664999999999928e+00 -8.429145999999999361e+00 -7.228798000000000279e+00 1.786215000000000108e+00
-1.011208000000000062e+01 1.169136999999999915e+01 1.846073000000000164e+01 1.012697999999999965e+01 9.518765000000000143e+00 -1.100516999999999967e+01 -1.040368999999999922e+01 1.958031999999999995e+00 -3.424247999999999958e+00 -7.983209000000000444e+00 -4.337025999999999826e+00 5.014492999999999867e+00
-9.705928999999999363e+00 1.121122000000000085e+01 1.748388999999999882e+01 9.254072000000000742e+00 1.071759999999999913e+01 -9.650690000000000879e+00 -1.083234999999999992e+01 2.741781000000000024e+00 -3.672010000000000218e+00 -7.155672000000000033e+00 -5.234357000000000149e+00 4.761244999999999727e+00
-9.879371000000000791e+00 1.155092999999999925e+01 1.809092000000000056e+01 8.972989999999999355e+00 8.629761000000000237e+00 -7.605634000000000228e+00 -9.330211999999999506e+00 1.900608999999999993e+00 -1.570022000000000029e+00 -8.037387999999999977e+00 -5.348715000000000330e+00 3.304937999999999931e+00
-9.996124999999999261e+00 1.164588999999999963e+01 1.859008000000000038e+01 6.734219000000000399e+00 7.516367999999999938e+00 -4.871631999999999962e+00 -8.781599999999999184e+00 2.313492000000000104e+00 -7.664581999999999784e-01 -7.370566000000000173e+00 -7.003700000000000259e+00 3.272194999999999965e+00
-1.062782999999999944e+01 1.118526999999999916e+01 1.955069999999999908e+01 8.961218999999999824e+00 7.526398999999999617e+00 -3.551937000000000122e+00 -9.950870999999999356e+00 -1.676960000000000006e+00 3.320297000000000054e+00 -6.706348000000000198e+00 -9.920235999999999166e+00 3.059619999999999784e+00
-1.021193000000000062e+01 1.011261999999999972e+01 1.890677000000000163e+01 9.391553000000000040e+00 8.111886000000000152e+00 -2.720909999999999940e+00 -9.230793000000000248e+00 -1.717575999999999992e+00 1.841379000000000099e+00 -7.277054999999999829e+00 -1.089101999999999926e+01 4.075938999999999979e+00
-1.047527999999999970e+01 1.017200000000000060e+01 1.913466000000000022e+01 1.111711999999999989e+01 7.802795999999999843e+00 -3.891370999999999913e+00 -8.175833000000000794e+00 -6.385912000000000255e-01 9.092713000000000045e-01 -1.002744000000000035e+01 -1.009608000000000061e+01 2.739606000000000208e+00
-1.015166999999999931e+01 9.457522000000000872e+00 1.792749999999999844e+01 1.310399999999999920e+01 7.351791999999999661e+00 -5.931874999999999787e+00 -1.009013999999999989e+01 5.350713000000000275e-01 2.337903999999999982e+00 -1.196695000000000064e+01 -1.023159000000000063e+01 2.498380000000000045e+00
-9.947594000000000491e+00 8.592444000000000415e+00 1.876323000000000008e+01 1.182241999999999926e+01 9.936705999999999150e+00 -5.583662999999999599e+00 -1.335885999999999996e+01 -1.068561000000000094e+00 2.263641999999999932e+00 -1.191798000000000002e+01 -1.302931000000000061e+01 5.337064999999999948e+00
-9.210069000000000727e+00 8.673495000000000843e+00 1.691132999999999953e+01 1.120045999999999964e+01 9.337472999999999246e+00 -8.983852000000000615e+00 -1.363015000000000043e+01 1.426101999999999981e+00 4.736940999999999846e+00 -1.210214000000000034e+01 -1.524830000000000041e+01 3.331798000000000037e+00
-9.076805000000000234e+00 8.291245999999999228e+00 1.604803000000000068e+01 1.376457000000000086e+01 9.530654000000000181e+00 -1.321571999999999925e+01 -1.842315999999999931e+01 2.742061000000000082e+00 6.592497999999999969e+00 -1.000919999999999987e+01 -1.659331999999999852e+01 1.700263999999999998e+00
-7.963159000000000098e+00 6.189809000000000339e+00 1.309318999999999988e+01 9.389198000000000377e+00 9.675167999999999324e+00 -1.003532000000000046e+01 -1.843523000000000067e+01 -4.363515000000000033e-01 2.745846999999999927e+00 -8.575535000000000352e+00 -8.877940000000000609e+00 2.835789000000000115e+00
-7.882405000000000328e+00 5.807826999999999629e+00 1.215853000000000073e+01 4.374916999999999945e+00 9.013894000000000517e+00 -1.079644000000000048e+01 -1.497490999999999950e+01 -1.002734999999999932e+00 -5.902933999999999681e-01 -5.981440000000000090e+00 -5.566578999999999944e+00 3.742110999999999965e+00
-7.179091999999999807e+00 6.436707000000000178e+00 1.126319999999999943e+01 -1.890816000000000052e+00 5.656628000000000434e+00 -6.404936000000000185e+00 -1.034572999999999965e+01 1.113499000000000017e+00 -3.403268000000000182e+00 -9.626822000000000656e+00 -1.821715999999999891e+00 6.591796000000000433e+00
-5.151695000000000135e+00 8.592978999999999701e+00 8.051674999999999471e+00 -5.407404999999999795e+00 2.314220999999999862e+00 -7.014550999999999981e+00 -5.125262000000000207e+00 7.154359000000000357e+00 -7.914284000000000319e+00 -6.957709000000000366e+00 -3.197346000000000021e+00 4.909613000000000227e+00
-3.564862999999999893e+00 1.327119000000000071e+01 5.600052999999999948e+00 -7.460670999999999609e+00 -2.602612000000000148e+00 -8.106332000000000093e+00 -3.186404000000000014e+00 8.186286000000000840e+00 -3.977717999999999865e+00 -7.341912999999999911e+00 -3.690948000000000118e+00 1.306065999999999949e+00
-2.863936999999999955e+00 1.489916000000000018e+01 5.633303999999999867e+00 -9.572789999999999466e+00 -5.168579000000000256e+00 -9.849342999999999293e+00 -2.258634999999999948e+00 8.851267999999999248e+00 -3.602742999999999807e+00 -5.488355999999999568e+00 -4.301688999999999652e+00 -1.452808000000000099e+00
-2.443858000000000086e+00 1.548363999999999940e+01 6.937781000000000198e+00 -9.811028000000000304e+00 -7.067698000000000036e+00 -9.538520999999999361e+00 -5.120432000000000095e+00 8.379842000000000013e+00 5.742585999999999524e-01 -6.522451000000000221e+00 -3.215987999999999847e+00 -1.305437999999999876e-01
-2.056598000000000148e+00 1.632650999999999897e+01 7.230953999999999660e+00 -1.011800000000000033e+01 -1.031611999999999973e+01 -9.716041000000000594e+00 -2.867621999999999893e+00 1.000420000000000087e+01 7.071313999999999655e-01 -5.783477000000000423e+00 -4.055166999999999966e+00 -3.815693000000000001e+00
-1.659392999999999896e+00 1.783036999999999850e+01 6.224109999999999587e+00 -1.149140000000000050e+01 -9.177460999999999203e+00 -9.234526000000000678e+00 -3.253219999999999779e+00 8.967793000000000347e+00 2.703554000000000013e+00 -5.295081999999999844e+00 -3.457781000000000216e+00 -3.273895000000000000e+00
-1.644474999999999909e+00 1.782207000000000008e+01 7.595087999999999617e+00 -1.082659999999999911e+01 -1.270227000000000039e+01 -6.421517999999999837e+00 -2.842264000000000124e+00 8.242867999999999640e+00 4.500500999999999863e+00 -5.470644000000000062e+00 -5.010373000000000410e+00 -2.549450000000000216e+00
-1.459696000000000105e+00 1.779024000000000072e+01 6.863574999999999982e+00 -1.160016000000000069e+01 -1.050707000000000058e+01 -8.266294000000000253e+00 -1.169462000000000002e+00 9.280957000000000789e+00 2.136429999999999829e+00 -4.689732000000000234e+00 -4.484772999999999676e+00 -3.804437000000000069e+00
-1.690420999999999951e+00 1.956266000000000105e+01 6.559859000000000329e+00 -1.316517999999999944e+01 -1.099299000000000071e+01 -8.266619999999999635e+00 1.082945000000000046e+00 9.833054999999999879e+00 -2.739294999999999924e-01 -1.142030000000000101e+00 -6.376820999999999628e+00 -7.072621999999999964e+00
-2.290306999999999871e+00 1.740344999999999942e+01 7.882177999999999685e+00 -1.356727000000000061e+01 -9.345750999999999920e+00 -8.086823000000000761e+00 1.368319999999999981e+00 9.984033999999999409e+00 -2.751224999999999810e+00 -3.576452000000000186e+00 -4.848435000000000272e+00 -5.330579000000000178e+00
-2.498755000000000059e+00 1.629628999999999905e+01 7.294616000000000433e+00 -1.123620999999999981e+01 -6.505987000000000187e+00 -5.102147999999999683e+00 -1.946293000000000051e+00 6.705621999999999971e+00 -3.753931999999999825e+00 -5.063257000000000119e+00 -5.088559000000000054e+00 -1.267067000000000054e-01
-3.026240000000000041e+00 1.520063000000000031e+01 9.236936999999999287e+00 -1.261903000000000041e+01 -7.059524999999999828e+00 -1.390811000000000019e+00 -9.134697000000000511e-01 5.791902999999999579e+00 -4.164871999999999908e+00 -1.082240999999999964e+01 -6.555451999999999835e+00 3.451515000000000111e+00
-3.622147000000000006e+00 1.463809000000000005e+01 9.398324000000000567e+00 -1.214348999999999990e+01 -2.356678000000000051e+00 -7.379537000000000457e-01 -2.947719999999999896e+00 3.068388999999999811e+00 -4.914488000000000412e+00 -1.111388999999999960e+01 -4.009813000000000294e+00 8.533879000000000659e+00
-4.570307999999999815e+00 1.270543999999999940e+01 9.627022999999999442e+00 -6.007705999999999769e+00 4.373912999999999829e-01 -8.023291000000000173e-01 -7.696854000000000084e+00 -4.361538000000000359e+00 -1.451468999999999898e+00 -7.802958000000000283e+00 -6.453073999999999755e-01 8.636969999999999814e+00
-5.428963000000000427e+00 9.961748999999999299e+00 1.121494000000000035e+01 -9.279800999999999744e-01 2.360287000000000024e+00 -2.668890000000000207e+00 -1.109157000000000082e+01 -6.893735000000000390e+00 1.856365000000000043e+00 -5.194276999999999589e+00 -2.211812000000000111e+00 5.708497000000000376e+00
-5.729104000000000418e+00 8.945002999999999815e+00 1.091163000000000061e+01 3.017059000000000157e+00 4.766507999999999967e+00 -5.971214999999999939e+00 -1.274061999999999983e+01 -3.899356000000000044e+00 4.351643000000000150e+00 -5.724609000000000059e+00 -9.379889000000000365e+00 3.994336999999999804e+00
-6.775720999999999883e+00 8.737961999999999563e+00 1.472003999999999913e+01 4.786889000000000394e+00 6.188990000000000435e+00 -5.681525999999999854e+00 -1.372714999999999996e+01 -3.673306999999999878e+00 3.695605000000000029e+00 -9.045436000000000476e+00 -9.804209000000000174e+00 4.085916000000000103e+00
-7.611900000000000333e+00 8.565962999999999994e+00 1.623415999999999926e+01 1.034873999999999938e+01 6.381057000000000201e+00 -7.029831999999999859e+00 -1.417595000000000027e+01 -4.370781000000000027e+00 4.978377000000000052e+00 -8.091827999999999577e+00 -1.251791000000000054e+01 2.742163999999999824e+00
-8.460411000000000570e+00 8.132087000000000288e+00 1.741819999999999879e+01 1.039016999999999946e+01 7.351048999999999722e+00 -5.905865000000000364e+00 -1.242183999999999955e+01 -2.727933999999999859e+00 5.432940999999999576e+00 -9.318676999999999211e+00 -1.615425000000000111e+01 5.054142999999999830e+00
-8.585917000000000243e+00 8.503636000000000195e+00 1.589273000000000025e+01 1.038640000000000008e+01 9.529911000000000243e+00 -6.902057000000000109e+00 -9.609951000000000576e+00 -2.397140000000000104e-01 4.035944999999999894e+00 -8.931347000000000591e+00 -1.463338000000000072e+01 2.686141999999999808e+00
-1.005678999999999945e+01 7.717737999999999765e+00 1.918008000000000024e+01 1.355034999999999989e+01 8.095169000000000281e+00 -4.610553999999999597e+00 -1.025113999999999947e+01 2.301336000000000180e-03 1.848371999999999904e+00 -8.173878999999999451e+00 -1.344250000000000078e+01 2.895648000000000000e+00
-1.072369999999999912e+01 7.541458999999999691e+00 2.057376000000000005e+01 1.192082000000000086e+01 8.032384999999999664e+00 -1.129407999999999967e+00 -1.034370999999999974e+01 1.773703000000000085e-01 2.333908000000000094e+00 -9.392652999999999253e+00 -1.076107999999999976e+01 2.722977999999999899e+00
-1.117460999999999949e+01 7.841320999999999763e+00 2.018936000000000064e+01 1.230406999999999940e+01 7.913133000000000195e+00 -8.445958000000000077e-01 -1.067013999999999996e+01 1.137853000000000059e-01 2.451795000000000169e+00 -7.750341999999999842e+00 -9.495359999999999800e+00 2.038184000000000218e+00
-1.084304999999999986e+01 6.799161999999999928e+00 1.959936000000000078e+01 1.348395999999999972e+01 6.224655000000000271e+00 -7.181341999999999892e+00 -6.655980999999999703e+00 4.140372000000000163e+00 -8.650305000000000355e-01 -6.995218000000000380e+00 -1.052374000000000009e+01 1.608429000000000109e+00
-1.171621999999999986e+01 6.220571999999999768e+00 2.086693999999999960e+01 1.502449999999999974e+01 6.754417000000000115e+00 -7.053567000000000142e+00 -7.950431000000000026e+00 1.790246000000000004e+00 -3.659355999999999831e+00 -8.734165000000000845e+00 -7.689010999999999818e+00 2.214691000000000187e+00
-1.206528999999999918e+01 6.586770999999999709e+00 2.078988999999999976e+01 1.338226000000000049e+01 7.207277999999999629e+00 -3.859182999999999808e+00 -8.020868999999999360e+00 2.087427000000000032e-01 -2.438191000000000219e+00 -8.187943999999999889e+00 -1.080170999999999992e+01 3.090571999999999875e+00
-1.271091999999999977e+01 6.194892000000000287e+00 1.977777999999999992e+01 1.365393000000000079e+01 8.767217000000000482e+00 -5.394112999999999936e+00 -7.518947999999999965e+00 1.698369999999999935e+00 -8.367242000000000290e-01 -6.040307999999999566e+00 -9.810608999999999469e+00 4.601135000000000086e-01
-1.279326999999999970e+01 4.063763999999999932e+00 1.981629999999999825e+01 1.493834000000000017e+01 7.576179999999999914e+00 -6.777207999999999899e+00 -6.078388999999999598e+00 4.566138999999999726e+00 -3.176485000000000003e+00 -6.718069999999999986e+00 -8.570204999999999629e+00 1.450085000000000068e+00
-1.301365000000000016e+01 2.336284000000000027e+00 2.029761999999999844e+01 1.443926000000000087e+01 7.287150999999999712e+00 -8.130715999999999610e+00 -5.905312999999999590e+00 5.002830999999999584e+00 -3.302697000000000216e+00 -7.503148999999999624e+00 -8.179551999999999268e+00 1.708704999999999918e+00
-1.341821000000000019e+01 2.514971000000000068e+00 1.894367000000000090e+01 1.624251999999999896e+01 4.763906999999999670e+00 -7.529554000000000080e+00 -4.182197000000000386e+00 6.890494999999999592e+00 -3.058989999999999765e-01 -7.636252999999999957e+00 -6.954451999999999856e+00 3.010018999999999889e-01
-1.243565000000000076e+01 6.794347000000000136e+00 1.464461999999999975e+01 1.507205000000000084e+01 7.168642000000000181e+00 -1.271814000000000000e+00 -2.432113999999999887e+00 9.202230000000000132e-01 -5.780325999999999631e+00 -9.766177000000000774e+00 -4.699854000000000198e+00 3.435655000000000125e+00
