-1.262899999999999912e+00 6.178171999999999997e+00 -3.734662999999999844e+00 -6.578865000000000407e+00 -3.037259000000000153e+00 5.558484000000000202e-01 2.665388999999999786e+00 4.767298000000000258e+00 1.051101000000000063e+01 -4.763181999999999583e+00 -7.408217999999999748e+00 4.382012999999999714e+00
-1.983987999999999863e-01 8.503282000000000451e+00 -5.481047000000000224e+00 -1.156936999999999927e+01 -2.843042000000000069e+00 -1.301822000000000035e+00 2.715937999999999963e+00 5.332723999999999798e+00 1.073739999999999917e+01 -4.041999999999999815e+00 -9.053212000000000259e+00 4.725648999999999766e+00
-6.412558999999999898e-01 1.077026000000000039e+01 -3.271542999999999868e+00 -1.171773999999999916e+01 -4.896751000000000076e+00 -2.103504000000000040e+00 5.394122000000000305e+00 4.238644999999999996e+00 8.986764000000000863e+00 -3.895668999999999826e+00 -6.380156999999999634e+00 3.586904999999999788e+00
-5.703576000000000201e-01 9.859033999999999409e+00 -3.048453999999999997e+00 -8.265254999999999797e+00 -4.958098999999999812e+00 -3.737108999999999792e+00 2.710522000000000098e+00 7.151580000000000048e+00 8.966599000000000430e+00 -5.791983000000000104e+00 -5.078248999999999569e+00 1.857460000000000111e+00
-4.899549000000000265e-01 1.138270999999999944e+01 -4.383758000000000266e+00 -8.380497999999999337e+00 -2.192483000000000182e+00 -5.492506999999999806e+00 2.539016999999999857e+00 4.271017999999999759e+00 1.108998000000000062e+01 -4.148693999999999882e+00 -6.958412000000000042e+00 2.842359000000000080e+00
-2.502881000000000133e-01 1.164386000000000010e+01 -3.894819000000000031e+00 -1.056291000000000047e+01 -1.627548999999999912e+00 -3.621916000000000135e+00 9.201013000000000108e-01 4.161641000000000368e+00 1.175020999999999916e+01 -5.092239000000000182e+00 -6.418834999999999624e+00 3.901066000000000145e+00
-2.962692000000000103e-01 9.878408999999999551e+00 -2.385642999999999958e+00 -9.620801000000000158e+00 -3.976846999999999799e+00 -3.326921000000000017e+00 2.386918999999999791e+00 3.641788000000000025e+00 1.024979000000000084e+01 -4.329176000000000357e+00 -5.361646000000000356e+00 3.927185999999999844e+00
-5.459541999999999451e-01 1.035186000000000028e+01 -2.874985999999999819e+00 -9.783101000000000269e+00 -2.819421000000000177e+00 -4.586628000000000149e+00 3.546834000000000042e+00 2.482648000000000188e+00 9.853528999999999982e+00 -1.886428999999999911e+00 -7.854205000000000325e+00 3.587622999999999784e+00
-5.105051000000000450e-01 1.055207000000000050e+01 -4.678251000000000381e+00 -9.599192999999999643e+00 1.771440999999999988e-02 -5.507353000000000165e+00 1.384970000000000034e+00 2.866408999999999985e+00 1.091369000000000078e+01 -2.622069999999999901e+00 -7.623095000000000176e+00 4.702403999999999584e+00
-1.024259999999999948e+00 1.054532999999999987e+01 -4.885202999999999740e+00 -1.123035999999999923e+01 1.419878999999999891e+00 -4.124754000000000254e+00 1.918892000000000042e+00 2.274580999999999964e+00 1.044166000000000061e+01 -4.537828000000000195e+00 -7.106436999999999671e+00 4.678679999999999950e+00
-8.863170999999999689e-01 9.294323999999999586e+00 -4.446286999999999878e+00 -1.085870000000000068e+01 2.223974999999999813e+00 -5.351469999999999949e+00 6.231269999999999865e-01 2.473847999999999825e+00 1.113396999999999970e+01 -4.041252000000000066e+00 -6.734464000000000006e+00 4.602236999999999689e+00
-2.182522000000000073e+00 8.622063999999999950e+00 -2.789461999999999886e+00 -1.063973999999999975e+01 4.746493000000000073e+00 -7.140409000000000006e+00 -1.803215999999999930e+00 1.587520999999999960e+00 1.264293999999999940e+01 -4.648261999999999894e+00 -7.249687999999999910e+00 7.009608000000000061e+00
-2.873266000000000098e+00 8.113796999999999926e+00 9.788377000000000328e-01 -1.162363000000000035e+01 4.113321000000000005e+00 -6.079197999999999880e+00 -7.277379999999999960e+00 3.569498999999999977e+00 1.231541999999999959e+01 -3.657351999999999936e+00 -5.884987999999999886e+00 5.550711999999999868e+00
-3.729182000000000219e+00 8.514794000000000196e+00 1.719508000000000036e+00 -1.093889000000000067e+01 6.498050000000000104e+00 -8.980209000000000330e+00 -9.664908999999999750e+00 5.160802000000000334e+00 9.579475000000000406e+00 -3.748092000000000201e+00 -3.249417000000000222e+00 6.344860999999999862e+00
-5.000982999999999734e+00 8.895573000000000619e+00 6.013456999999999830e+00 -1.027913000000000032e+01 6.647320999999999813e+00 -1.108338999999999963e+01 -1.338657000000000075e+01 3.200509999999999966e+00 1.043463000000000029e+01 -1.109407000000000032e+00 -2.564201999999999870e+00 5.461566999999999616e+00
-5.359327000000000396e+00 8.387867999999999213e+00 8.403287000000000617e+00 -8.874121999999999844e+00 7.442559000000000147e+00 -1.030974999999999930e+01 -1.489941999999999922e+01 4.679827999999999766e-01 8.254122999999999877e+00 -4.447087999999999930e+00 -9.115676999999999808e-01 7.645359000000000016e+00
-5.394006000000000078e+00 7.655515000000000292e+00 9.529218999999999440e+00 -3.865371999999999808e+00 5.622436000000000433e+00 -1.021490000000000009e+01 -1.620330999999999833e+01 1.499830999999999914e+00 6.516925999999999775e+00 -5.214637999999999884e+00 -3.992408999999999875e+00 4.835640999999999856e+00
-6.764961999999999698e+00 8.064375000000000071e+00 1.040704999999999991e+01 7.092964999999999964e-01 7.822790999999999606e+00 -8.876286999999999594e+00 -1.347547999999999924e+01 3.406376999999999988e+00 1.669824999999999893e+00 -7.985445000000000348e+00 -7.187612999999999808e+00 3.723017000000000021e+00
-6.453883000000000258e+00 9.155602999999999270e+00 1.124333000000000027e+01 2.346708000000000016e+00 6.396348999999999840e+00 -5.712996999999999659e+00 -1.066053999999999924e+01 2.764889999999999848e+00 9.298513999999999946e-01 -8.092886999999999276e+00 -1.083428999999999931e+01 2.602005999999999819e+00
-7.680473000000000106e+00 9.961529000000000522e+00 1.387036999999999942e+01 1.495829999999999993e+00 5.369167000000000023e+00 -5.106237000000000137e+00 -9.490695999999999799e+00 4.128010999999999875e+00 5.073149000000000131e-01 -8.511435999999999780e+00 -9.562706999999999624e+00 1.068583000000000061e+00
-7.724400000000000155e+00 9.613324000000000424e+00 1.335197999999999929e+01 3.042488000000000081e+00 3.580865999999999882e+00 -5.240950999999999915e+00 -8.234648999999999219e+00 3.761851000000000056e+00 1.695257000000000014e-02 -7.429537999999999975e+00 -6.185813999999999702e+00 1.393766999999999978e+00
-8.051147000000000276e+00 1.039256999999999920e+01 1.383728999999999942e+01 4.896460000000000257e+00 3.410925999999999902e+00 -3.654081999999999830e+00 -6.296191999999999567e+00 5.190974999999999895e+00 -1.095757000000000092e+00 -9.421576999999999202e+00 -6.409046000000000021e+00 1.138316000000000106e+00
-8.632205000000000794e+00 1.058155999999999963e+01 1.439681999999999995e+01 6.636148999999999631e+00 4.546699000000000268e+00 -3.556484000000000201e+00 -6.306121000000000087e+00 4.021462999999999788e+00 -1.470326999999999940e+00 -7.348271000000000441e+00 -6.509799000000000113e+00 4.685371999999999870e-01
-8.810221000000000302e+00 9.320157999999999276e+00 1.437059999999999960e+01 7.332409000000000177e+00 4.797671000000000241e+00 -4.018082999999999849e+00 -5.991094000000000364e+00 3.681076000000000015e+00 -1.810678000000000010e+00 -5.830372999999999806e+00 -4.015568000000000026e+00 2.191031999999999869e+00
-9.207096999999999198e+00 9.433044000000000651e+00 1.408135000000000048e+01 5.315176000000000123e+00 4.598206000000000238e+00 -1.817031999999999980e+00 -3.937097000000000069e+00 3.970861000000000196e+00 -8.825032999999999905e-01 -5.629449000000000147e+00 -5.861589999999999634e+00 -1.236464000000000008e+00
-8.970769999999999911e+00 9.147460000000000591e+00 1.509110000000000085e+01 8.056039999999999424e+00 3.343015999999999988e+00 -4.180289000000000144e+00 -5.163808999999999649e+00 4.806270999999999738e+00 -2.235352999999999923e+00 -5.785999999999999588e+00 -5.488184000000000395e+00 -3.205800999999999790e-01
-9.507130000000000081e+00 9.491172000000000608e+00 1.528716000000000008e+01 6.681766999999999790e+00 6.946848000000000134e+00 -4.960526999999999909e+00 -5.564136999999999666e+00 4.337648999999999866e+00 -4.345896999999999899e+00 -6.704616999999999827e+00 -4.867670000000000385e+00 7.422001000000000293e-01
-1.032323000000000057e+01 1.011654000000000053e+01 1.765359000000000123e+01 8.787832999999999117e+00 4.812107000000000134e+00 -7.944564999999999877e+00 -5.155683999999999934e+00 3.819052999999999809e+00 -4.187026000000000359e+00 -8.772188999999999126e+00 -3.191399999999999793e+00 3.869193999999999800e+00
-9.797401000000000693e+00 9.836569000000000784e+00 1.616983000000000104e+01 8.902115999999999474e+00 5.735947000000000351e+00 -8.534829999999999472e+00 -7.081052999999999820e+00 2.269867000000000079e+00 -3.013822999999999919e+00 -4.897298000000000151e+00 -3.635238000000000191e+00 2.256451999999999902e+00
-9.747567000000000093e+00 1.022100000000000009e+01 1.633522999999999925e+01 7.948479999999999990e+00 3.066453999999999791e+00 -7.736171999999999827e+00 -5.547437999999999647e+00 2.184377000000000013e+00 -2.583037000000000027e+00 -3.633172000000000068e+00 -3.002787000000000095e+00 2.377228000000000119e+00
-9.653036999999999423e+00 1.010249999999999915e+01 1.725300000000000011e+01 8.424336999999999520e+00 1.671834999999999960e+00 -9.222967999999999833e+00 -4.304027999999999743e+00 4.722667000000000392e+00 -4.004934999999999690e+00 -5.509541999999999717e+00 -3.128131000000000217e+00 3.724215000000000053e+00
-1.032990999999999993e+01 9.972761000000000209e+00 1.866616000000000142e+01 9.960910999999999405e+00 2.406052999999999997e+00 -1.005763999999999925e+01 -5.220225000000000115e+00 2.732831000000000010e+00 -2.574177000000000159e+00 -4.025547000000000430e+00 -3.064146000000000036e+00 2.870156999999999847e+00
-9.967454999999999288e+00 9.935413000000000494e+00 1.767981999999999942e+01 1.132318000000000069e+01 1.806999999999999940e+00 -1.038728000000000051e+01 -4.129363999999999812e+00 2.485790999999999862e+00 -2.681109000000000187e+00 -5.655124999999999957e+00 -3.215752999999999862e+00 1.825828999999999924e+00
-9.981583000000000538e+00 9.070237000000000549e+00 1.773386999999999958e+01 1.127899999999999991e+01 4.144159000000000148e+00 -1.070810999999999957e+01 -6.008244999999999614e+00 1.814446000000000003e+00 -1.462382999999999988e+00 -4.471766999999999825e+00 -5.484841000000000300e+00 2.982546000000000141e+00
-1.039592999999999989e+01 9.676786999999999139e+00 1.915914000000000073e+01 1.162761000000000067e+01 3.394851000000000063e+00 -9.496793999999999514e+00 -5.615136999999999823e+00 -8.707164000000000570e-02 -2.375893000000000033e+00 -6.040519999999999889e+00 -3.327011000000000163e+00 2.247107000000000188e+00
-9.843638999999999584e+00 9.326897999999999911e+00 1.844106000000000023e+01 1.215581000000000067e+01 2.752492999999999856e+00 -1.152848999999999968e+01 -6.718183999999999934e+00 3.676047000000000065e+00 -2.020570999999999895e+00 -6.516655000000000086e+00 -5.776595000000000368e+00 1.995730000000000004e+00
-9.776080999999999577e+00 1.036646000000000001e+01 1.739864000000000033e+01 1.114215000000000089e+01 4.509299000000000390e+00 -1.214514999999999922e+01 -5.031569000000000180e+00 2.441475000000000062e+00 -4.556707000000000285e+00 -8.714603999999999573e+00 -6.240009999999999835e+00 4.070248000000000310e+00
-9.225078999999999141e+00 9.832356000000000762e+00 1.759711000000000070e+01 1.300860999999999912e+01 2.588786999999999949e+00 -1.332980000000000054e+01 -7.388406999999999947e+00 2.120573999999999959e+00 -1.118365999999999971e+00 -9.081303000000000125e+00 -6.580230000000000246e+00 2.881180000000000074e+00
-8.981044999999999945e+00 8.621221999999999497e+00 1.770886000000000138e+01 1.013714000000000048e+01 4.401036999999999644e+00 -1.205166999999999966e+01 -9.147686000000000206e+00 -9.212247999999999548e-01 4.315455000000000263e-01 -9.616020000000000678e+00 -6.433875999999999706e+00 4.258600999999999637e+00
-8.316503000000000867e+00 7.972830000000000084e+00 1.621421000000000134e+01 1.161800999999999995e+01 3.434546999999999795e+00 -1.459775999999999918e+01 -1.070927999999999969e+01 2.338291000000000119e-01 4.776792999999999734e-01 -9.772572000000000259e+00 -9.233230999999999966e+00 4.305089999999999861e+00
-8.594957000000000846e+00 8.566463000000000605e+00 1.683465999999999951e+01 1.013040999999999947e+01 3.760318999999999967e+00 -1.746109999999999829e+01 -1.525416000000000061e+01 5.581871000000000471e-01 7.379837999999999676e-01 -7.745881999999999934e+00 -7.175436000000000369e+00 1.160123000000000015e+00
-8.259218000000000615e+00 1.023222999999999949e+01 1.589752999999999972e+01 3.470807999999999893e+00 2.150158999999999931e+00 -1.662808000000000064e+01 -1.468955000000000055e+01 8.071129000000000220e-01 4.294068999999999803e-01 -7.668852000000000224e+00 -4.543684999999999974e+00 2.646816999999999975e+00
-7.508365000000000400e+00 1.003763000000000005e+01 1.283802999999999983e+01 -3.445215000000000138e+00 2.801375000000000171e+00 -1.180067000000000021e+01 -1.192606999999999928e+01 1.957986999999999922e-01 -2.083814999999999973e+00 -4.033523999999999887e+00 -2.755919000000000008e+00 5.775729000000000113e+00
-6.471093999999999902e+00 9.118816999999999950e+00 8.942653999999999215e+00 -7.953617999999999633e+00 3.949285999999999852e+00 -8.991206000000000031e+00 -1.010721000000000025e+01 2.420008999999999910e-01 -3.824066000000000187e+00 -3.272206999999999866e+00 -1.597021999999999942e+00 8.119835999999999387e+00
-6.248381000000000185e+00 8.394887999999999906e+00 5.803276999999999575e+00 -8.550480999999999554e+00 3.636308999999999791e+00 -8.342382000000000630e+00 -7.982807000000000208e+00 4.552945000000000242e+00 -5.638253999999999877e+00 -5.657369000000000092e+00 -6.656543000000000321e-01 9.402122000000000313e+00
-5.109128000000000114e+00 1.055741000000000085e+01 5.533393000000000228e+00 -9.505558000000000618e+00 -1.016029000000000071e+00 -8.984332999999999458e+00 -7.563973999999999975e+00 8.432669000000000636e+00 -3.590647000000000144e+00 -7.549445000000000405e+00 -2.627470000000000194e+00 9.158412999999999471e+00
-3.771822999999999926e+00 1.426158000000000037e+01 3.668808999999999987e+00 -1.035548000000000002e+01 -4.975814999999999877e+00 -8.875462999999999880e+00 -4.460187000000000346e+00 1.013963000000000036e+01 -1.717799999999999994e+00 -6.855933000000000277e+00 -3.742675999999999892e+00 3.858649999999999913e+00
-3.052823000000000064e+00 1.448089000000000048e+01 4.272720999999999769e+00 -9.621280999999999750e+00 -6.156533999999999729e+00 -1.223531999999999975e+01 -4.559027999999999636e+00 1.012015000000000065e+01 -1.201162000000000063e+00 -6.758461999999999748e+00 -4.372500999999999749e+00 1.020176999999999889e+00
-2.357969000000000204e+00 1.551426999999999978e+01 1.976885999999999921e+00 -1.065606999999999971e+01 -6.512159999999999727e+00 -1.019647999999999932e+01 -5.716686000000000156e+00 1.031061000000000050e+01 8.659972999999999699e-01 -6.067442999999999920e+00 -3.357331999999999983e+00 -1.501978999999999953e+00
-2.810586999999999946e+00 1.671641999999999939e+01 3.996382000000000101e+00 -1.170574000000000048e+01 -8.432344000000000506e+00 -1.056954999999999956e+01 -1.746799999999999908e+00 1.056048000000000009e+01 -1.445273999999999948e+00 -3.950263000000000080e+00 -3.558359999999999967e+00 -3.731540999999999997e+00
-2.792349000000000192e+00 1.632946000000000097e+01 6.720240000000000435e+00 -9.479148000000000351e+00 -9.502174999999999372e+00 -1.106827000000000005e+01 -3.822910999999999948e+00 8.174628000000000227e+00 -1.058788999999999980e+00 -2.151669000000000054e+00 -2.363888999999999907e+00 -5.448044999999999582e+00
-2.658516000000000101e+00 1.797445000000000093e+01 7.654549000000000269e+00 -8.576890999999999821e+00 -9.720340999999999454e+00 -1.220151000000000074e+01 -3.153140000000000054e+00 8.076879999999999171e+00 -2.643835999999999853e+00 -4.802819000000000393e+00 -5.142862000000000267e-01 -1.463159000000000098e+00
-3.347717999999999972e+00 1.743781999999999854e+01 9.350505999999999318e+00 -6.184156999999999904e+00 -8.257154999999999134e+00 -1.441356000000000037e+01 -6.579627000000000336e+00 8.268290000000000362e+00 -1.066732999999999931e+00 -1.955980000000000052e+00 -1.006591000000000014e+00 -3.250115000000000087e+00
-3.972188000000000052e+00 1.800365000000000038e+01 1.083749000000000073e+01 -4.576037000000000354e+00 -8.561604000000000880e+00 -1.457823999999999920e+01 -9.268190999999999846e+00 7.811611000000000082e+00 1.300143999999999966e+00 -2.526345000000000063e+00 -1.727618000000000098e+00 -3.130777000000000143e+00
-3.186913000000000107e+00 1.769503999999999877e+01 9.998390000000000555e+00 -4.529459000000000124e+00 -8.374931999999999377e+00 -1.402289000000000030e+01 -8.848907000000000522e+00 7.883271999999999835e+00 -4.323520000000000141e-02 -3.269963000000000175e+00 -2.425726000000000049e+00 -1.877966000000000024e+00
-3.851455000000000073e+00 1.814124999999999943e+01 9.922952000000000439e+00 -2.559283999999999892e+00 -6.165062999999999960e+00 -1.582145000000000046e+01 -9.953758999999999801e+00 5.229633999999999894e+00 -1.217542999999999959e-01 1.403639000000000081e+00 -5.849564999999999904e-01 -3.778509999999999813e+00
-3.911308000000000007e+00 1.826116000000000028e+01 1.187547999999999959e+01 -3.833680000000000199e+00 -7.404834000000000138e+00 -1.566363999999999912e+01 -9.073216999999999643e+00 7.556398999999999866e+00 -1.532348000000000043e+00 -1.710968999999999962e-01 -4.252321000000000017e-01 -3.727946999999999900e+00
-3.807015999999999956e+00 1.778884000000000043e+01 1.058253000000000021e+01 -3.092763000000000151e+00 -8.118382000000000431e+00 -1.160299999999999976e+01 -7.560814999999999841e+00 4.161954999999999849e+00 -1.047484999999999999e+00 -4.418208000000000135e-01 -1.819776000000000060e+00 -3.067273999999999834e+00
-3.221077999999999886e+00 1.651873000000000147e+01 9.978623000000000687e+00 -3.094683999999999990e+00 -8.808967000000000880e+00 -1.301473999999999975e+01 -5.365552000000000099e+00 8.903491000000000710e+00 -9.445242000000000360e-01 -5.811177999999999955e+00 -2.563245999999999913e+00 -1.461481000000000030e+00
-3.879455000000000098e+00 1.711572999999999922e+01 1.054501999999999917e+01 -5.391860999999999571e+00 -8.064251999999999754e+00 -1.232274999999999920e+01 -3.890610000000000124e+00 9.849534999999999485e+00 -2.013850000000000140e+00 -7.465436000000000405e+00 -5.327027000000000179e+00 -6.306673999999999891e-01
-4.380622999999999934e+00 1.628537999999999997e+01 1.102468000000000004e+01 -5.721264999999999823e+00 -5.118197000000000330e+00 -9.722782000000000480e+00 -6.954228999999999772e+00 7.609516000000000169e+00 -4.861311999999999856e+00 -9.090526999999999802e+00 -1.764863000000000071e+00 3.244226999999999972e+00
-4.827333000000000318e+00 1.551679999999999993e+01 1.112513000000000041e+01 -6.894343000000000110e+00 -1.936261000000000010e+00 -8.446028999999999343e+00 -8.757286999999999821e+00 6.432460999999999984e+00 -4.550290999999999642e+00 -9.641197999999999269e+00 -5.005668000000000006e+00 3.232244999999999813e+00
-5.572021999999999586e+00 1.502088999999999963e+01 1.317971999999999966e+01 -4.198135999999999868e+00 -1.345082000000000111e+00 -8.073505000000000820e+00 -9.927581999999999240e+00 4.093752000000000280e+00 -3.731492999999999949e+00 -9.092769999999999797e+00 -4.309948000000000334e+00 3.817194000000000198e+00
-7.108664000000000094e+00 1.400492000000000026e+01 1.519236000000000075e+01 1.409877999999999965e+00 2.404739999999999878e+00 -1.080654000000000003e+01 -1.494364999999999988e+01 -6.700987999999999944e-01 -3.258427999999999880e-01 -7.781778000000000084e+00 -3.598708999999999936e+00 2.954508000000000134e+00
-8.203989999999999227e+00 1.217459000000000024e+01 1.835270999999999830e+01 5.863540999999999670e+00 4.435156000000000098e+00 -1.138222999999999985e+01 -1.764574999999999960e+01 -5.014986999999999639e+00 2.451772999999999869e-01 -5.898677000000000170e+00 -5.576283000000000101e+00 4.087501999999999747e+00
-8.522774999999999324e+00 1.135407000000000011e+01 1.710332999999999970e+01 9.565723000000000198e+00 6.958330000000000126e+00 -1.281981000000000037e+01 -1.675167000000000073e+01 -6.507600000000000051e+00 3.586972999999999967e+00 -5.718443999999999861e+00 -1.113965999999999923e+01 3.624287999999999954e+00
-8.900899000000000783e+00 1.022409000000000034e+01 1.735789000000000115e+01 1.147875999999999941e+01 6.995073999999999792e+00 -1.413258000000000081e+01 -1.287160000000000082e+01 -3.510746000000000144e+00 4.131108000000000224e+00 -9.118945000000000078e+00 -1.277103999999999928e+01 1.482911000000000090e+00
-9.247941000000000855e+00 9.420127000000000805e+00 1.809089000000000169e+01 1.483760999999999974e+01 6.984904000000000224e+00 -1.241045000000000087e+01 -1.143952999999999953e+01 -1.916299999999999892e+00 1.913936999999999999e+00 -9.239349000000000700e+00 -1.307402000000000086e+01 -7.639044000000000390e-01
-9.966941000000000273e+00 8.994699000000000666e+00 1.808323000000000036e+01 1.393582999999999927e+01 8.571771000000000029e+00 -1.025888999999999918e+01 -9.530865000000000364e+00 -1.754434999999999967e+00 -1.633052000000000115e-01 -1.219661999999999935e+01 -1.241863999999999990e+01 2.369559999999999889e+00
-9.604744000000000170e+00 8.616447000000000855e+00 1.743373000000000062e+01 1.455622999999999934e+01 7.332656000000000063e+00 -1.098715999999999937e+01 -7.395177000000000334e+00 1.141213999999999951e+00 -1.682970000000000077e+00 -1.141710999999999920e+01 -1.068459999999999965e+01 2.290001000000000175e+00
-1.026697000000000060e+01 1.003369999999999962e+01 1.762736999999999910e+01 1.391951000000000072e+01 6.578098999999999918e+00 -9.786015000000000796e+00 -5.192694000000000365e+00 -1.625037000000000009e-01 -5.452072999999999503e-01 -9.398642999999999859e+00 -1.116400999999999932e+01 8.620174999999999921e-01
-9.908887000000000000e+00 9.947768999999999195e+00 1.758380000000000010e+01 1.356081000000000003e+01 3.357123000000000079e+00 -8.700336000000000070e+00 -3.024059999999999970e+00 2.259494999999999809e+00 -1.946941000000000033e+00 -1.068496000000000024e+01 -1.036181000000000019e+01 2.492013000000000034e+00
-1.006404000000000032e+01 9.413667999999999481e+00 1.787507000000000090e+01 1.316563000000000017e+01 5.617842999999999698e+00 -7.084874000000000116e+00 -5.980712999999999724e+00 -8.602505999999999764e-01 -5.855361999999999512e-01 -9.512814999999999799e+00 -9.230366000000000071e+00 2.056597000000000008e+00
-9.872923999999999367e+00 9.596475999999999118e+00 1.814454999999999885e+01 1.424602999999999930e+01 4.386930000000000440e+00 -7.949239000000000388e+00 -6.052023000000000152e+00 -1.686860999999999944e+00 -8.895302000000000486e-01 -7.665112999999999843e+00 -8.767189000000000121e+00 2.887890000000000068e+00
-1.000162000000000084e+01 1.034033999999999942e+01 1.781777999999999906e+01 1.465657999999999994e+01 4.566055000000000419e+00 -8.899656000000000233e+00 -9.319191000000000003e+00 8.699729999999999963e-01 -1.301984999999999948e+00 -8.601677999999999713e+00 -6.913527000000000200e+00 2.284968999999999806e+00
-1.010565000000000069e+01 1.029485000000000028e+01 1.888723999999999847e+01 1.402178999999999931e+01 4.395132000000000261e+00 -7.872259999999999813e+00 -6.001022999999999996e+00 -1.184293999999999958e+00 -3.614478000000000080e+00 -9.457475000000000520e+00 -9.122450000000000614e+00 4.865834999999999688e+00
-1.082156999999999947e+01 1.058830000000000027e+01 1.963678000000000168e+01 1.121369999999999933e+01 3.761630999999999947e+00 -6.269446000000000296e+00 -4.618604000000000376e+00 -1.819809999999999928e+00 -3.098145999999999844e+00 -8.253427000000000291e+00 -8.431744000000000128e+00 3.479068999999999967e+00
-1.123462999999999923e+01 1.032292999999999950e+01 2.019995000000000118e+01 1.234548000000000023e+01 3.705204000000000164e+00 -7.752667999999999893e+00 -4.348709000000000380e+00 -1.081831999999999905e+00 -2.062123000000000150e+00 -1.058948000000000000e+01 -7.831762999999999586e+00 3.911129999999999995e+00
-1.140032000000000068e+01 9.003966000000000136e+00 2.009183000000000163e+01 1.088092999999999932e+01 5.200540000000000163e+00 -4.040077000000000140e+00 -7.163645999999999958e+00 -3.369311000000000167e+00 -7.685437000000000518e-01 -8.622369000000000838e+00 -1.016985000000000028e+01 6.066645000000000287e+00
-1.128883000000000081e+01 8.208149999999999835e+00 1.840435000000000088e+01 9.485053000000000623e+00 6.608280999999999850e+00 -2.848275999999999808e+00 -9.554785000000000750e+00 -2.968577999999999939e+00 3.515175999999999856e+00 -8.091390999999999778e+00 -1.128720000000000034e+01 4.342952000000000368e+00
-1.176894000000000062e+01 5.963913999999999938e+00 1.813365999999999900e+01 1.475838000000000072e+01 9.026474000000000331e+00 -1.032432000000000016e+01 -1.384285999999999994e+01 2.296581999999999901e+00 4.805698999999999721e+00 -9.359505999999999659e+00 -1.121270999999999951e+01 -3.697052000000000116e-01
-1.025130000000000052e+01 6.483132000000000339e+00 1.692220000000000013e+01 1.463401999999999958e+01 6.644040999999999642e+00 -1.350988000000000078e+01 -1.353820999999999941e+01 1.515231999999999912e+00 3.366387000000000018e+00 -9.438029999999999475e+00 -1.051460999999999935e+01 1.351112000000000091e+00
-1.071547999999999945e+01 6.786126000000000325e+00 1.370415999999999990e+01 1.184464999999999968e+01 9.269244000000000483e+00 -1.181138999999999939e+01 -2.033747999999999934e+01 4.440959999999999908e-01 6.409383000000000052e+00 -6.865655000000000285e+00 -9.176408000000000342e+00 1.843321999999999905e+00
-1.141676000000000002e+01 4.149599000000000260e+00 1.413945000000000007e+01 1.091742999999999952e+01 8.947409000000000390e+00 -1.446771999999999991e+01 -2.333880999999999872e+01 1.556718999999999964e+00 7.612833000000000183e+00 -6.407718000000000025e+00 -1.042889000000000088e+01 2.905863000000000085e+00
-1.166592999999999947e+01 5.608429000000000331e-01 1.357708000000000048e+01 3.303224999999999856e+00 3.849882000000000026e+00 -1.182843000000000089e+01 -2.080820999999999898e+01 -1.127405999999999908e+00 7.923854000000000397e+00 -6.589483000000000423e-01 -5.787339000000000233e+00 2.310849000000000153e+00
-1.209928000000000026e+01 -1.414636999999999978e-01 1.252618999999999971e+01 4.175231000000000137e+00 3.861692000000000125e+00 -1.129012999999999955e+01 -2.418325000000000102e+01 -2.770882999999999985e+00 7.794923999999999964e+00 1.438787999999999956e+00 -2.090520000000000156e+00 5.230799000000000198e+00
-1.703262000000000143e+01 3.322331000000000145e+00 2.352062000000000097e+00 2.446584999999999788e+00 1.935929999999999929e+00 -7.098620000000000374e+00 -1.250827999999999918e+01 -3.521207999999999977e-02 3.629440999999999917e+00 -8.384336999999999485e-01 -2.143761000000000028e+00 -2.060567999999999955e+00
-1.021945000000000014e+01 8.936009000000000313e+00 7.865132000000000012e+00 -9.674895999999999496e-01 4.525703000000000031e+00 -9.963796000000000319e-01 -9.971360999999999919e+00 -3.862856000000000067e-01 2.534263999999999961e-01 -1.671794999999999920e+00 -2.700051000000000201e+00 1.834694999999999965e+00
-9.455498000000000403e+00 7.122537000000000340e+00 6.719433000000000433e+00 -9.085881000000000540e+00 5.420016999999999641e+00 -3.830033999999999939e+00 -1.055086999999999975e+01 1.530537999999999899e-01 9.782648000000000010e+00 -1.703490000000000004e-01 -2.756156999999999968e+00 6.794655999999999807e+00
-4.706601000000000035e+00 9.593947999999999254e+00 3.919732999999999912e+00 -1.083324999999999960e+01 -9.215455000000000174e-01 -4.254243999999999915e+00 -9.124216999999999800e+00 3.541840999999999795e+00 1.323901000000000039e+01 -3.110419999999999963e+00 -4.712481999999999616e+00 5.122723999999999833e+00
-4.645207000000000086e+00 7.734142000000000294e+00 4.689045000000000130e+00 -9.317807000000000173e+00 3.028059000000000167e-01 -3.397027000000000019e+00 -7.250752000000000308e+00 3.379347000000000101e+00 1.340826999999999991e+01 -3.643142999999999798e+00 -4.726806999999999981e+00 5.788668999999999620e+00
-3.391643999999999881e+00 6.249497999999999998e+00 4.160736999999999908e-01 -1.311938999999999922e+01 -1.417912999999999979e+00 -1.565474999999999950e+00 -5.088887999999999856e+00 2.614874999999999838e-01 1.100993000000000066e+01 -4.857910999999999646e+00 -5.069653999999999883e+00 5.842107000000000383e+00
-4.587410000000000210e+00 9.489487000000000450e+00 2.099120999999999793e+00 -1.443364000000000047e+01 -1.559310999999999892e+00 2.331816999999999918e-02 -1.064391000000000087e+00 -1.929499999999999993e+00 9.559310999999999225e+00 -4.891314999999999635e+00 -6.822802000000000255e+00 7.299087000000000103e+00
-4.222387000000000334e+00 1.209568999999999939e+01 3.032220000000000137e+00 -1.505643000000000065e+01 -3.173078999999999983e+00 -7.134814999999999907e-01 1.701351000000000058e+00 -2.464754000000000111e+00 9.839779999999999305e+00 -4.074157999999999724e+00 -8.893250000000000099e+00 6.117448000000000441e+00
-4.064921000000000006e+00 1.236722999999999928e+01 2.736113000000000017e+00 -1.372873000000000054e+01 -4.245862999999999943e+00 -1.040092999999999934e+00 3.092797000000000018e+00 -1.799693999999999905e+00 1.113091000000000008e+01 -7.125909000000000049e+00 -8.211375999999999564e+00 4.851936000000000249e+00
-4.084957000000000171e+00 1.265253000000000050e+01 2.589674000000000031e+00 -1.313618999999999915e+01 -2.199699999999999989e+00 -1.211921000000000026e+00 1.325393999999999961e+00 -2.369835000000000136e+00 1.074381999999999948e+01 -5.403596000000000288e+00 -8.707024000000000541e+00 3.041256000000000181e+00
-3.993765999999999927e+00 1.256352000000000046e+01 2.164070999999999856e+00 -1.208460000000000001e+01 -3.212775000000000158e+00 -1.938822999999999963e+00 3.233611999999999931e+00 -2.713680000000000092e+00 1.113091000000000008e+01 -5.546686000000000227e+00 -1.216437999999999953e+01 5.738825000000000287e+00
-4.091636000000000273e+00 1.207939999999999969e+01 2.876097999999999821e+00 -1.131822999999999979e+01 -3.360405999999999782e+00 -3.960624000000000144e+00 2.948371999999999993e+00 -3.073962000000000083e-01 9.990707999999999700e+00 -5.559649000000000285e+00 -1.162383999999999951e+01 5.127515999999999963e+00
-4.091636000000000273e+00 1.070707999999999949e+01 4.323954999999999771e+00 -1.074297999999999931e+01 -4.128415000000000390e+00 -4.106059000000000125e+00 9.977298000000000000e-01 5.066418000000000310e-01 1.279570000000000007e+01 -8.169665999999999428e+00 -1.037349999999999994e+01 5.259314999999999962e+00
-3.870978000000000030e+00 1.085984000000000016e+01 4.341301999999999772e+00 -1.195207000000000086e+01 -3.493602000000000096e+00 -2.220346999999999849e+00 9.616234999999999644e-01 1.011943000000000009e-01 1.062252999999999936e+01 -7.090260999999999925e+00 -8.845736999999999739e+00 4.110267000000000337e+00
-4.049508000000000330e+00 1.056105999999999945e+01 4.100463000000000413e+00 -1.144787999999999961e+01 -2.983455999999999886e+00 -1.853871000000000047e+00 -3.946189999999999976e-01 -4.576317999999999775e-01 1.163654999999999973e+01 -5.758579000000000114e+00 -9.782597000000000875e+00 4.878057000000000087e+00
-4.336697000000000024e+00 1.021116999999999919e+01 4.604327999999999754e+00 -1.117754000000000048e+01 -8.414968000000000448e-01 -4.232524999999999871e+00 -2.964033000000000140e+00 6.835928999999999478e-01 1.299062999999999946e+01 -6.221251999999999782e+00 -9.459566000000000585e+00 5.735470000000000290e+00
-4.645720999999999989e+00 1.037656999999999918e+01 5.433749999999999858e+00 -1.157704999999999984e+01 -1.065566999999999931e+00 -4.663331999999999589e+00 -2.062730000000000175e+00 4.796119999999999828e-01 8.966599000000000430e+00 -3.227584999999999926e+00 -7.766822000000000337e+00 5.315629999999999633e+00
-5.251695999999999920e+00 8.948926999999999410e+00 8.228609000000000506e+00 -8.169698999999999600e+00 -2.635702999999999907e+00 -8.128216000000000108e+00 -5.699536000000000158e+00 3.369918000000000191e+00 1.206794999999999973e+01 -3.856282000000000210e+00 -8.706545999999999452e+00 4.586661000000000321e+00
-5.493416999999999994e+00 7.725997999999999699e+00 1.044819999999999993e+01 -5.994966999999999935e+00 -2.738059999999999938e+00 -9.577071000000000112e+00 -1.118589000000000055e+01 5.628480999999999845e+00 1.241655000000000086e+01 -2.675168000000000212e+00 -6.306383000000000294e+00 2.510705000000000187e+00
-6.050842000000000276e+00 7.965810000000000279e+00 1.237571999999999939e+01 -4.992352000000000345e+00 -6.856643000000000043e-01 -1.139899999999999913e+01 -1.339333000000000062e+01 3.687047000000000185e+00 1.252928999999999959e+01 -2.925200999999999940e+00 -4.785540000000000127e+00 4.641058000000000128e+00
-6.992297999999999902e+00 7.975076999999999749e+00 1.393532000000000082e+01 -3.202723999999999904e+00 1.329331999999999958e+00 -1.300979000000000063e+01 -1.584360000000000035e+01 3.979032999999999820e+00 1.029866999999999955e+01 -3.062307999999999808e+00 -3.259443999999999786e+00 2.514539000000000080e+00
-7.582346000000000252e+00 7.563970999999999556e+00 1.647158999999999907e+01 4.600834999999999786e-01 -3.936949000000000004e-02 -1.277913000000000032e+01 -1.744491000000000014e+01 4.693750999999999785e+00 1.002064999999999984e+01 -6.074921999999999933e+00 -5.048166000000000153e+00 2.296231999999999829e+00
-7.495522000000000240e+00 7.287372999999999656e+00 1.704927999999999955e+01 3.463604999999999823e+00 -9.678146999999999445e-02 -1.259272999999999954e+01 -1.541076999999999941e+01 4.437910999999999717e+00 6.165575999999999723e+00 -4.591175999999999924e+00 -1.022428999999999988e+01 4.265070999999999835e+00
-7.718747999999999720e+00 8.090771000000000157e+00 1.813446000000000069e+01 6.136763000000000190e+00 -3.677659999999999818e-01 -1.285005999999999915e+01 -1.424003000000000085e+01 5.305066000000000059e+00 3.244483999999999924e+00 -6.284072000000000102e+00 -1.066263000000000005e+01 3.379141000000000172e+00
-8.403584000000000387e+00 8.886587000000000458e+00 1.853142000000000067e+01 7.368422999999999945e+00 2.820730999999999877e+00 -1.173798000000000030e+01 -1.452797999999999945e+01 4.384794000000000302e+00 2.466013999999999928e+00 -6.980576000000000114e+00 -1.030976000000000070e+01 5.619948000000000166e-01
-8.426189000000000817e+00 8.498787999999999343e+00 1.797148999999999930e+01 9.109553000000000011e+00 2.196416999999999842e+00 -8.667619000000000185e+00 -1.286121999999999943e+01 4.570859999999999701e+00 4.804289999999999949e-01 -1.017542000000000080e+01 -6.960321999999999676e+00 1.967914000000000052e-01
-8.592389000000000721e+00 9.059566000000000230e+00 1.733772000000000091e+01 9.847588999999999260e+00 4.430234999999999701e+00 -9.174305999999999628e+00 -1.026652999999999949e+01 4.345506999999999564e+00 -1.509433999999999942e+00 -1.252816999999999936e+01 -5.727650999999999826e+00 1.969370000000000065e+00
-8.540499999999999758e+00 9.168801000000000201e+00 1.729213000000000022e+01 1.069702999999999982e+01 2.599613000000000174e+00 -8.635452000000000794e+00 -9.161676999999999182e+00 4.435711000000000404e+00 -6.845251999999999448e-01 -1.195082999999999984e+01 -7.062985000000000291e+00 1.524847000000000063e+00
-9.572376999999999470e+00 7.926777999999999658e+00 1.971383000000000152e+01 1.129532999999999987e+01 3.311192999999999831e+00 -8.324787000000000603e+00 -9.398172999999999888e+00 2.144461000000000173e+00 -2.018010000000000081e-01 -1.006996999999999964e+01 -8.467318000000000566e+00 1.781017000000000072e+00
-9.504818000000000211e+00 8.476043000000000660e+00 1.777985999999999933e+01 1.218702000000000041e+01 5.464305999999999663e+00 -8.005323999999999884e+00 -1.027149000000000001e+01 1.201559999999999961e+00 -6.401067000000000562e-02 -9.826166999999999874e+00 -8.117547999999999320e+00 2.881899000000000211e+00
-9.410800999999999306e+00 8.925338999999999245e+00 1.871054000000000173e+01 1.323812999999999995e+01 4.074937000000000253e+00 -8.222239999999999327e+00 -8.900809000000000637e+00 -1.055744999999999933e+00 -2.226188000000000056e+00 -7.827397999999999634e+00 -3.444237000000000215e+00 2.730210000000000026e+00
-9.933033000000000001e+00 9.224401999999999546e+00 2.037584000000000017e+01 1.342444000000000059e+01 3.221302999999999805e+00 -8.118043000000000120e+00 -8.935110999999999137e+00 -1.383965000000000022e-02 -2.212438999999999822e+00 -8.386046000000000333e+00 -4.584989000000000203e+00 2.216912999999999911e+00
-9.774540000000000006e+00 9.547053000000000011e+00 1.980339000000000027e+01 1.449619999999999997e+01 4.194353999999999694e+00 -8.662670000000000314e+00 -8.418791000000000579e+00 -8.756513000000000213e-01 -6.527509999999999701e-01 -1.043467000000000056e+01 -5.942765999999999771e+00 2.819354000000000138e+00
-9.931748000000000687e+00 9.909017999999999660e+00 1.923054000000000130e+01 1.385036000000000023e+01 3.449310000000000098e+00 -7.957761999999999780e+00 -5.986581000000000152e+00 1.898269999999999957e-01 -3.182776000000000050e+00 -1.060693000000000019e+01 -6.598374999999999879e+00 3.644177000000000000e+00
-1.039001999999999981e+01 1.021088999999999913e+01 1.984333000000000169e+01 1.417639999999999922e+01 4.284572999999999965e+00 -8.792434999999999334e+00 -5.922943000000000069e+00 2.497735000000000039e+00 -4.846646999999999927e+00 -1.045884999999999998e+01 -6.516005999999999965e+00 2.268673999999999857e+00
-1.040799999999999947e+01 9.354416999999999760e+00 1.902076999999999884e+01 1.503736999999999924e+01 6.611233999999999611e+00 -8.392694000000000543e+00 -7.117159000000000013e+00 3.463486000000000065e-01 -3.650529999999999831e+00 -9.075070000000000192e+00 -7.398668999999999940e+00 1.900114999999999998e+00
-1.012235000000000085e+01 9.080908000000000868e+00 1.915187999999999846e+01 1.260238000000000014e+01 5.482021999999999728e+00 -5.455391999999999797e+00 -7.294982000000000077e+00 -1.295242000000000004e+00 -3.351119000000000181e+00 -8.231488999999999834e+00 -7.735784999999999911e+00 4.471875999999999962e+00
-1.049122999999999983e+01 9.623995000000000744e+00 2.045128000000000057e+01 1.283189999999999920e+01 5.727416999999999980e+00 -7.598709999999999631e+00 -7.892992999999999704e+00 -9.960284000000000360e-01 -2.714716999999999825e+00 -9.083047999999999789e+00 -7.825078000000000422e+00 4.630753999999999593e+00
-9.959491999999999123e+00 8.438413999999999859e+00 1.976990999999999943e+01 1.375624999999999964e+01 3.440123999999999960e+00 -8.774290000000000589e+00 -7.744506000000000334e+00 1.095326000000000022e+00 -8.635608999999999646e-01 -8.912288000000000210e+00 -7.899805999999999884e+00 2.711279000000000217e+00
-9.321407000000000664e+00 8.423531000000000546e+00 1.877911999999999892e+01 1.378985999999999912e+01 4.065750999999999671e+00 -9.467651000000000039e+00 -8.275268999999999764e+00 7.725398999999999461e-01 -1.613922000000000079e+00 -9.399639999999999773e+00 -8.675031000000000603e+00 3.847147999999999790e+00
-9.425700000000000855e+00 8.563655000000000683e+00 1.966784000000000177e+01 1.257741000000000042e+01 2.957208000000000059e+00 -1.143337000000000003e+01 -9.645953000000000443e+00 2.043255999999999961e+00 1.311754000000000087e+00 -9.557188999999999268e+00 -1.244943999999999917e+01 3.502793000000000045e+00
-8.398189999999999600e+00 7.745373999999999981e+00 1.805902000000000029e+01 1.299660000000000082e+01 3.854147000000000212e+00 -1.289129999999999932e+01 -1.382480999999999938e+01 3.229112000000000204e+00 3.542978000000000183e+00 -1.053861999999999988e+01 -1.096058999999999983e+01 1.174501000000000017e+00
-7.738527999999999629e+00 8.375232000000000454e+00 1.717634999999999934e+01 1.000076999999999927e+01 4.566710999999999743e+00 -1.337790999999999997e+01 -1.700621999999999900e+01 2.168661999999999868e+00 3.562225999999999893e+00 -9.374461999999999406e+00 -1.002612000000000059e+01 1.862012999999999918e+00
-7.184956999999999816e+00 8.994979999999999976e+00 1.607341999999999871e+01 6.082023000000000401e+00 1.784035000000000037e+00 -1.423376000000000019e+01 -1.583322000000000074e+01 2.535136000000000056e+00 3.551838000000000051e+00 -9.366984000000000421e+00 -8.729704999999999160e+00 2.028080000000000105e+00
-6.460047999999999568e+00 1.009013999999999989e+01 1.325960000000000072e+01 4.365547000000000177e-01 1.553730999999999973e+00 -1.228453999999999979e+01 -1.323897999999999975e+01 2.214236000000000093e+00 -5.461238999999999955e-01 -7.297666000000000430e+00 -3.656725999999999921e+00 4.419635000000000424e+00
-5.335436999999999763e+00 1.116031000000000084e+01 1.141075000000000017e+01 -4.462715000000000209e+00 -1.546516000000000002e+00 -8.563696999999999449e+00 -9.095332000000000860e+00 3.940059000000000200e+00 -5.627561000000000035e+00 -9.184008999999999645e+00 1.541836999999999902e+00 6.193652000000000157e+00
-4.425576999999999650e+00 1.152619999999999933e+01 9.569559999999999178e+00 -7.191574000000000133e+00 -2.413272999999999779e+00 -8.349804999999999922e+00 -7.347788000000000430e+00 5.943410000000000082e+00 -5.877782999999999980e+00 -9.641446999999999434e+00 -9.002588000000000257e-02 7.849287999999999599e+00
-3.647238000000000202e+00 1.227624999999999922e+01 8.907152999999999210e+00 -1.032185999999999915e+01 -4.414818000000000353e+00 -7.176974000000000409e+00 -6.055182000000000286e+00 8.380179999999999296e+00 -4.291209000000000273e+00 -9.496612999999999971e+00 -1.776801000000000075e+00 6.584735000000000227e+00
-3.236234000000000055e+00 1.274464000000000041e+01 8.280245999999999995e+00 -1.046735999999999933e+01 -5.695924999999999905e+00 -7.764490000000000336e+00 -7.370353999999999850e+00 9.598722999999999672e+00 -2.688747000000000220e+00 -9.395901000000000280e+00 -1.848665000000000003e+00 5.222412000000000276e+00
-2.909999000000000002e+00 1.333238000000000056e+01 9.029790999999999457e+00 -1.050048999999999921e+01 -8.915589000000000652e+00 -1.004747000000000057e+01 -3.483061000000000185e+00 1.169668000000000063e+01 -1.835120000000000084e+00 -1.021903999999999968e+01 -3.844145000000000145e+00 4.012255999999999823e+00
-2.850659999999999972e+00 1.383614999999999995e+01 9.441273999999999944e+00 -1.211677000000000071e+01 -1.013305000000000078e+01 -9.314517999999999631e+00 -4.355929999999999858e+00 1.372673999999999950e+01 -2.085952999999999946e+00 -1.020482999999999940e+01 -4.096981999999999680e+00 3.064261000000000124e+00
-2.402409000000000017e+00 1.377970999999999968e+01 8.093061000000000504e+00 -9.599192999999999643e+00 -1.097061000000000064e+01 -8.143610999999999933e+00 -5.493279000000000245e+00 1.246011000000000024e+01 -6.362527999999999517e-01 -1.098334999999999972e+01 -6.608792999999999473e-01 2.808809999999999807e+00
-2.530333999999999861e+00 1.449998000000000076e+01 8.747804000000000357e+00 -1.079100000000000037e+01 -1.223038999999999987e+01 -8.403415999999999997e+00 -3.794026000000000121e+00 1.341716000000000086e+01 5.149529000000000467e-01 -1.280986000000000047e+01 -8.764712999999999532e-01 4.217622999999999678e+00
-2.783358000000000221e+00 1.441041000000000061e+01 9.442887999999999948e+00 -1.029880999999999958e+01 -1.203978000000000037e+01 -1.028994999999999926e+01 -5.112809000000000381e+00 1.408976000000000006e+01 1.248510000000000009e+00 -8.838250000000000384e+00 -3.863484000000000140e+00 8.339803000000000077e-01
-2.836275000000000102e+00 1.458225999999999978e+01 9.597799000000000191e+00 -1.120730999999999966e+01 -1.085185000000000066e+01 -9.528409999999999158e+00 -4.750390999999999586e+00 1.407028000000000034e+01 7.318732999999999489e-01 -8.888854999999999507e+00 -1.868003999999999998e+00 1.184308000000000027e-01
-2.677525000000000155e+00 1.430397999999999925e+01 8.993887000000000853e+00 -1.092304999999999993e+01 -9.860426000000000357e+00 -9.048664999999999736e+00 -5.491022000000000070e+00 1.250380000000000003e+01 4.232964000000000171e-01 -8.661507000000000289e+00 -3.043375000000000163e+00 1.402153999999999900e+00
-2.650295999999999985e+00 1.450559999999999938e+01 7.476643000000000150e+00 -9.797506000000000270e+00 -1.033613000000000071e+01 -7.271548000000000123e+00 -2.732501000000000069e+00 9.557548999999999850e+00 -5.974515000000000242e-01 -9.834642999999999802e+00 -3.393383000000000038e+00 2.521727999999999970e+00
-2.978584999999999816e+00 1.390297999999999945e+01 8.360929000000000499e+00 -1.132976000000000028e+01 -8.711859000000000464e+00 -6.895999999999999908e+00 -2.554678000000000004e+00 1.312894999999999968e+01 -2.805150999999999950e+00 -1.489788000000000068e+01 -3.788994000000000195e+00 6.319938999999999751e+00
-3.199500000000000011e+00 1.275530999999999970e+01 8.268950000000000244e+00 -9.966048999999999936e+00 -6.071892000000000067e+00 -5.657737000000000016e+00 -3.237537999999999805e+00 7.980076000000000391e+00 -5.837454000000000143e+00 -1.081234000000000073e+01 -2.973659000000000052e+00 7.743369999999999642e+00
-4.514713000000000420e+00 1.266516999999999982e+01 9.729312999999999434e+00 -9.094523999999999830e+00 -2.882082000000000033e+00 -3.841031000000000084e+00 -7.246239000000000097e+00 5.279293000000000013e+00 -6.613785000000000025e+00 -1.135429000000000066e+01 9.201291999999999804e-01 1.025618000000000052e+01
-4.759517999999999915e+00 1.024037000000000042e+01 9.772881999999999181e+00 -4.400291000000000174e+00 5.147380999999999762e-01 -5.359993000000000229e+00 -1.148015000000000008e+01 1.879191999999999974e+00 -2.840592000000000006e+00 -9.541484000000000520e+00 2.572284999999999933e+00 6.229357000000000255e+00
-5.571251000000000175e+00 8.929831999999999326e+00 1.092099999999999937e+01 -2.019562000000000079e+00 2.728543999999999858e+00 -6.239753999999999579e+00 -1.362306000000000061e+01 1.942366000000000037e+00 7.648696999999999857e-01 -7.983699999999999797e+00 -3.346827000000000218e+00 2.606078999999999812e+00
-6.046475000000000044e+00 7.896449999999999747e+00 1.175244000000000000e+01 2.821604999999999919e+00 2.546138000000000012e+00 -8.593664000000000414e+00 -1.198789999999999978e+01 -5.878461000000000103e-02 5.069975999999999594e+00 -9.634715999999999170e+00 -8.589081000000000188e+00 3.004112999999999811e+00
-6.648852999999999902e+00 7.815296000000000021e+00 1.402246000000000059e+01 6.833503000000000327e+00 1.136100000000000110e+00 -8.012746999999999176e+00 -1.242839000000000027e+01 2.281716000000000022e-01 5.353500000000000369e+00 -1.170951999999999948e+01 -1.126190000000000069e+01 2.723260999999999932e+00
-7.521208999999999811e+00 7.881847999999999743e+00 1.535332000000000008e+01 1.161032999999999937e+01 3.117633000000000099e+00 -8.803706999999999283e+00 -9.875227999999999895e+00 -1.159464999999999968e+00 7.000990999999999742e-01 -1.202685999999999922e+01 -1.106540000000000035e+01 3.059708000000000094e+00
-7.641170999999999935e+00 9.301344000000000278e+00 1.507455999999999996e+01 9.632948999999999984e+00 9.448358000000000034e-01 -7.439803000000000388e+00 -5.155232999999999954e+00 2.720887999999999973e+00 -1.069482999999999961e+00 -1.150385999999999953e+01 -1.009942000000000029e+01 2.840185000000000071e-01
-7.603924000000000127e+00 8.627117999999999398e+00 1.515080999999999989e+01 1.062739999999999974e+01 1.209259000000000084e+00 -7.770262999999999920e+00 -3.668556999999999846e+00 2.074685999999999808e+00 -1.706801000000000013e+00 -1.314240999999999993e+01 -7.517805000000000071e+00 3.165627000000000191e+00
-9.426470999999999378e+00 9.265119999999999578e+00 1.856328999999999851e+01 1.209243000000000023e+01 1.941179999999999906e+00 -7.713352999999999682e+00 -5.353367000000000431e+00 2.371386000000000216e+00 -1.705883999999999956e+00 -1.202810000000000024e+01 -8.766472999999999516e+00 2.605121000000000020e+00
-9.113336999999999577e+00 7.738072999999999979e+00 1.727963000000000093e+01 1.364581000000000088e+01 2.900123999999999924e+00 -4.790347999999999828e+00 -5.429190000000000182e+00 1.068924999999999903e+00 8.828011000000000053e-01 -1.176336000000000048e+01 -1.251797000000000004e+01 2.806653999999999982e+00
-9.502250000000000085e+00 8.029835000000000278e+00 1.846324999999999861e+01 1.235941000000000045e+01 3.506393999999999789e+00 -3.448713000000000140e+00 -4.745427000000000284e+00 -8.832885000000000042e-02 -8.641720000000000512e-01 -9.202455999999999747e+00 -8.419805999999999457e+00 1.815285000000000037e+00
-9.285444000000000031e+00 7.549088000000000243e+00 1.968721000000000032e+01 1.304222000000000037e+01 2.890269999999999784e-01 -6.913045999999999580e+00 -5.593473000000000361e+00 1.527174999999999949e+00 9.869839999999999725e-01 -8.544093000000000160e+00 -8.302580000000000737e+00 2.357817999999999969e+00
-9.877290999999999599e+00 9.068552000000000390e+00 1.998330999999999946e+01 1.201559999999999917e+01 -4.363438000000000039e-02 -5.746538000000000146e+00 -7.489505000000000301e+00 -1.813523999999999914e+00 3.403354999999999908e+00 -3.810414000000000190e+00 -6.468973000000000084e+00 1.496331000000000078e+00
-1.029753999999999969e+01 9.107585000000000264e+00 1.976990999999999943e+01 9.778923000000000698e+00 -6.659802000000000222e-01 -2.825181999999999860e+00 -6.524112999999999829e+00 -3.003779000000000199e+00 3.603472000000000008e+00 -3.566113999999999784e+00 -8.512919000000000125e+00 4.022800000000000153e+00
-1.114010000000000034e+01 6.530869000000000035e+00 1.923376999999999981e+01 1.253035000000000032e+01 3.374511000000000038e+00 -3.860275999999999819e+00 -9.497916999999999277e+00 -2.166482999999999937e+00 5.091362000000000165e+00 -7.869028000000000134e+00 -1.116234000000000037e+01 4.632190999999999725e+00
-1.306231999999999971e+01 2.798058999999999852e+00 2.095635000000000048e+01 1.325301999999999936e+01 4.134317000000000242e+00 -8.230212999999999113e+00 -8.806933000000000789e+00 1.404598000000000013e+00 5.544831000000000065e-02 -8.687431999999999377e+00 -1.089709000000000039e+01 6.674598999999999727e+00
-1.200859999999999950e+01 5.065601000000000020e+00 1.525770999999999944e+01 1.641163999999999845e+01 6.215582999999999636e+00 -5.328651999999999944e+00 -8.506800000000000139e+00 -2.546877000000000169e-02 -4.984624999999999750e-01 -9.706011999999999418e+00 -8.420761000000000607e+00 4.077436999999999756e+00
-1.293079000000000001e+01 4.297584999999999766e+00 1.770200000000000173e+01 1.256780000000000008e+01 3.883017000000000163e+00 -2.913432999999999939e+00 -7.630771000000000193e+00 1.873220000000000107e+00 -4.590502000000000193e-01 -7.864790000000000170e+00 -8.513635999999999981e+00 4.394473999999999769e+00
-1.471069999999999922e+01 4.533184999999999576e+00 1.197269999999999968e+01 1.129148999999999958e+01 3.607766999999999946e+00 -2.060065999999999953e+00 -7.987771999999999650e+00 -1.587320999999999871e-01 1.321225000000000094e+00 -7.184491000000000405e+00 -7.265207000000000193e+00 1.205413999999999985e+00
-1.620598000000000027e+01 2.519775000000000098e+00 1.699400999999999939e+01 1.130301000000000045e+01 5.811403000000000318e+00 -5.739664999999999573e+00 -9.617067999999999728e+00 2.639079999999999898e-02 5.090751000000000026e+00 -5.452955000000000219e+00 -1.075073000000000079e+01 3.319472000000000200e+00
