-5.222074000000000105e+00 9.852779999999999871e-01 -1.131522999999999968e+01 -7.092006999999999728e+00 2.129427000000000125e-01 -9.619113999999999720e-01 7.982835999999999821e-01 3.654665000000000052e+00 1.183797999999999934e-01 -7.297981000000000051e+00 2.192127000000000103e-01 -6.141649000000000136e-01
-3.931677999999999784e+00 9.243387999999999494e+00 -3.867037999999999975e+00 -6.064993000000000301e+00 3.606395000000000017e+00 -2.333776999999999990e+00 4.042926000000000020e-01 4.753239999999999910e+00 3.827382000000000062e+00 -8.942463000000000051e+00 -3.182596999999999898e+00 -2.256494000000000000e+00
-9.770168999999999659e-01 1.037580999999999953e+01 -4.799407000000000423e+00 -7.460048999999999708e+00 1.221041000000000043e+00 -4.083228000000000080e+00 2.343941000000000052e+00 2.692880999999999858e+00 3.440726000000000173e+00 -7.302472999999999992e+00 -1.088986000000000010e+00 8.235083999999999460e-02
-3.327983999999999831e+00 1.079790000000000028e+01 -1.837340999999999891e+00 -7.976185000000000080e+00 1.748407999999999962e+00 -2.225337999999999816e+00 1.549392000000000102e+00 3.669169999999999821e+00 7.439648000000000039e+00 -8.471892999999999674e+00 -1.200893999999999906e+00 1.772685999999999984e+00
-2.725998000000000143e+00 1.029404000000000075e+01 -3.193887000000000143e+00 -6.893526999999999738e+00 1.856932000000000027e+00 -1.099215000000000053e+00 4.056286000000000058e+00 3.438352000000000075e+00 4.152637000000000356e+00 -8.453663000000000594e+00 3.385132000000000141e-01 4.571387000000000089e-01
-3.383039999999999825e+00 1.069467000000000034e+01 -2.819914999999999949e+00 -6.525484999999999758e+00 3.376707999999999821e+00 -1.479530000000000012e+00 4.600297000000000303e+00 1.545792999999999973e+00 2.864651999999999976e+00 -8.197901999999999134e+00 -6.639395000000000158e-01 7.589340999999999449e-01
-3.496992999999999796e+00 1.077769999999999939e+01 -2.300964000000000009e+00 -8.489252999999999716e+00 6.009183000000000163e+00 -6.209928000000000115e-01 8.255599000000000132e-01 2.989218999999999848e+00 3.983203000000000049e+00 -9.536156000000000077e+00 -9.959685999999999817e-01 4.475934999999999775e-01
-2.870039999999999925e+00 8.746159000000000461e+00 -1.845537999999999901e+00 -6.661310000000000286e+00 2.525946999999999942e+00 1.333633000000000068e+00 4.290434000000000192e-01 5.100591999999999793e+00 1.763188999999999895e+00 -1.330546000000000006e+01 1.430287000000000086e+00 2.090202999999999811e+00
-3.067857000000000056e+00 8.191155999999999437e+00 -9.848890999999999618e-01 -5.626409999999999911e+00 3.662618999999999847e+00 4.805564999999999976e-01 -9.160823999999999634e-01 2.654119999999999813e+00 1.835465000000000013e-01 -1.258838000000000079e+01 1.865601000000000065e+00 4.407149999999999679e+00
-3.435534999999999783e+00 8.542531999999999570e+00 -1.508450000000000069e+00 -6.174967999999999790e+00 5.287867999999999569e+00 -9.322662999999999922e-01 -1.059029999999999916e+00 2.696382999999999974e+00 -1.611869999999999914e+00 -1.133123999999999931e+01 1.811803000000000052e+00 2.806090000000000195e+00
-4.145285999999999582e+00 8.522325999999999624e+00 3.439933000000000018e-01 -6.750252999999999837e+00 6.472917999999999950e+00 -3.496567000000000203e+00 -4.026590999999999809e+00 2.543838000000000044e+00 4.288632000000000000e-01 -1.208821999999999974e+01 2.286129999999999995e+00 5.296253000000000100e+00
-5.354378999999999778e+00 7.228583999999999676e+00 3.879312999999999789e+00 -5.559811999999999976e+00 8.266400000000000858e+00 -5.345875000000000377e+00 -6.091002999999999723e+00 2.653119999999999923e+00 -1.325425999999999993e+00 -1.273872000000000071e+01 5.450364999999999682e+00 8.762829999999999231e+00
-6.322976999999999848e+00 7.637101000000000361e+00 5.964336000000000304e+00 -5.723677999999999599e+00 1.035014999999999930e+01 -9.553528000000000020e+00 -7.310859999999999914e+00 1.584554000000000018e+00 -2.144050999999999874e-01 -8.731617999999999213e+00 5.702929000000000137e+00 8.224090000000000344e+00
-6.999223999999999890e+00 6.786918000000000006e+00 8.796791999999999945e+00 -3.394495000000000040e+00 1.006381000000000014e+01 -1.407010999999999967e+01 -1.241961000000000048e+01 5.161609999999999587e+00 2.382127999999999801e+00 -7.334443000000000268e+00 3.252238000000000184e+00 6.454867000000000132e+00
-6.841738999999999571e+00 7.092515999999999821e+00 8.992487999999999815e+00 -1.896913999999999989e+00 9.517262000000000555e+00 -1.375961999999999996e+01 -1.457595000000000063e+01 4.302857000000000376e+00 2.410222000000000087e+00 -5.725630999999999915e+00 3.022056000000000076e+00 4.182277000000000022e+00
-7.146252999999999744e+00 7.527553000000000161e+00 9.033982999999999208e+00 -2.707044999999999924e+00 1.178625000000000078e+01 -1.235693999999999981e+01 -1.640296000000000021e+01 7.645621000000000222e-01 1.377402000000000015e+00 -5.109744000000000064e+00 2.977087000000000039e+00 3.776327000000000211e+00
-7.081593999999999944e+00 5.626716000000000051e+00 9.317280000000000229e+00 2.015727000000000046e+00 1.097645999999999944e+01 -1.310002000000000066e+01 -1.662924999999999898e+01 3.083247000000000071e+00 -2.543320000000000025e+00 -4.832581000000000238e+00 2.144652999999999921e+00 1.921201999999999910e-01
-7.759548999999999808e+00 5.461604999999999599e+00 1.093612000000000073e+01 4.263853000000000115e+00 1.408137999999999934e+01 -1.501797999999999966e+01 -1.675754999999999839e+01 4.171318000000000303e+00 -4.423887999999999820e+00 -7.389663999999999788e+00 1.253740000000000132e-01 -1.464522000000000046e-01
-8.376685000000000159e+00 5.888117000000000267e+00 1.272195999999999927e+01 6.715715999999999575e+00 1.247226000000000035e+01 -1.512174000000000085e+01 -1.704091999999999985e+01 7.697109000000000201e+00 -5.032690999999999804e+00 -9.510528000000000759e+00 -8.290300000000000447e-01 -4.021785999999999639e+00
-8.602456999999999354e+00 5.293967000000000311e+00 1.429982000000000042e+01 1.162031999999999954e+01 1.067179999999999929e+01 -1.642573000000000150e+01 -1.738591999999999871e+01 9.328839999999999577e+00 -5.068315000000000126e+00 -1.121366000000000085e+01 -2.202319999999999833e+00 -4.328635000000000232e+00
-8.560204999999999842e+00 5.321748999999999619e+00 1.479725999999999964e+01 1.102663000000000082e+01 9.973587000000000202e+00 -1.332352999999999987e+01 -1.428247999999999962e+01 1.040315999999999974e+01 -1.018318000000000012e+01 -1.413800999999999952e+01 -1.679534000000000082e+00 -3.702866000000000213e+00
-8.857889999999999375e+00 6.050070999999999977e+00 1.575677999999999912e+01 1.188100999999999985e+01 7.682374000000000258e+00 -1.486585000000000001e+01 -1.182812000000000019e+01 1.025511000000000017e+01 -9.373376000000000374e+00 -1.166784999999999961e+01 -1.052847000000000088e+00 -3.903033000000000197e+00
-9.258858999999999284e+00 7.124086000000000141e+00 1.648525000000000063e+01 1.166370000000000040e+01 6.649433000000000149e+00 -1.704788999999999888e+01 -8.980774999999999508e+00 1.163701999999999970e+01 -9.179033999999999693e+00 -1.034385999999999939e+01 1.399528999999999912e-01 -5.420433000000000057e+00
-9.554410000000000736e+00 7.778851000000000404e+00 1.714098999999999862e+01 1.158220000000000027e+01 5.903710000000000235e+00 -1.725072000000000116e+01 -9.578328000000000841e+00 1.169804000000000066e+01 -7.564637000000000278e+00 -7.152663000000000437e+00 -1.489555999999999936e-01 -5.020940000000000403e+00
-1.024366999999999983e+01 7.400957000000000008e+00 1.775317000000000078e+01 1.397447000000000017e+01 7.506294999999999717e+00 -1.706816999999999851e+01 -1.155636999999999937e+01 1.197212000000000032e+01 -8.256852000000000302e+00 -6.917245999999999562e+00 1.771762000000000059e+00 -5.194156999999999691e+00
-9.657479000000000369e+00 8.229039999999999466e+00 1.828442000000000078e+01 1.268675999999999959e+01 5.549371999999999971e+00 -1.748904999999999887e+01 -1.208825000000000038e+01 1.121439999999999948e+01 -8.037024000000000612e+00 -7.970146999999999871e+00 9.089380000000000237e-01 -4.373273000000000188e+00
-9.343149000000000370e+00 7.135451999999999906e+00 1.783615999999999957e+01 1.299521999999999977e+01 6.187006000000000228e+00 -1.526138000000000083e+01 -1.143312000000000062e+01 8.874207000000000178e+00 -8.753857999999999251e+00 -6.974845000000000184e+00 -3.990554000000000046e-01 -4.631273000000000195e+00
-9.561878999999999351e+00 7.768748000000000431e+00 1.762765999999999877e+01 1.301581000000000010e+01 5.069075999999999915e+00 -1.576768999999999998e+01 -9.305564999999999642e+00 9.059511000000000536e+00 -8.673341000000000633e+00 -5.454280999999999935e+00 2.993421000000000016e-03 -4.670576999999999757e+00
-1.013868000000000080e+01 8.623034999999999783e+00 1.794783999999999935e+01 1.517849999999999966e+01 5.633488999999999969e+00 -1.847747999999999990e+01 -9.073211999999999833e+00 7.949683000000000277e+00 -8.244688000000000017e+00 -6.787779999999999703e+00 5.453287999999999885e-02 -5.140253999999999657e+00
-9.822646999999999906e+00 7.996685000000000265e+00 1.760511999999999944e+01 1.522625999999999991e+01 6.278533000000000364e+00 -1.594049000000000049e+01 -9.664702999999999378e+00 7.382766000000000162e+00 -9.919909000000000532e+00 -6.684999999999999609e+00 1.443840000000000012e+00 -5.536940000000000417e+00
-1.003603999999999985e+01 8.127069000000000543e+00 1.683361000000000018e+01 1.498703000000000074e+01 7.440046999999999855e+00 -1.660555000000000092e+01 -8.332205999999999335e+00 1.066723999999999961e+01 -9.626801999999999637e+00 -8.691193000000000168e+00 6.077093000000000078e-01 -4.821615000000000428e+00
-9.909712000000000742e+00 8.185472999999999999e+00 1.641404999999999959e+01 1.472983999999999938e+01 6.750111999999999668e+00 -1.592332000000000036e+01 -7.590694000000000052e+00 1.052419000000000082e+01 -8.165328999999999837e+00 -7.741864999999999775e+00 6.430272000000000210e-01 -7.958883000000000152e+00
-1.091139000000000081e+01 7.756120000000000125e+00 1.910100999999999871e+01 1.325372999999999912e+01 5.938577000000000439e+00 -1.344289000000000023e+01 -7.397234000000000087e+00 1.044441999999999915e+01 -8.405723000000000056e+00 -5.971880999999999773e+00 6.315283999999999898e-01 -7.352484999999999715e+00
-1.011073000000000022e+01 7.832836000000000354e+00 1.721679999999999922e+01 1.375234000000000023e+01 7.138010000000000410e+00 -1.424719999999999942e+01 -6.567833000000000254e+00 1.020759999999999934e+01 -1.047744999999999926e+01 -6.704023000000000287e+00 1.646711999999999954e+00 -6.430534999999999890e+00
-1.070461000000000062e+01 7.963219999999999743e+00 1.739097999999999900e+01 1.543087000000000053e+01 7.616997999999999713e+00 -1.548333000000000048e+01 -9.375776000000000110e+00 1.114087999999999923e+01 -8.401956999999999454e+00 -5.178175000000000416e+00 2.452658000000000005e+00 -9.635180999999999329e+00
-1.009622000000000064e+01 8.158955000000000624e+00 1.554776000000000025e+01 1.526219000000000037e+01 8.695268000000000441e+00 -1.565652000000000044e+01 -7.617465000000000153e+00 1.153448999999999991e+01 -8.285814999999999486e+00 -6.304793000000000092e+00 -4.386854000000000031e-01 -8.309246999999999161e+00
-1.028550000000000075e+01 7.786426999999999765e+00 1.674089000000000027e+01 1.597330000000000005e+01 8.150467000000000795e+00 -1.527893000000000079e+01 -7.053754999999999775e+00 7.978442000000000256e+00 -8.905333999999999861e+00 -5.513466000000000200e+00 -1.043975999999999932e-01 -5.077369000000000021e+00
-9.837583999999999662e+00 8.868335999999999331e+00 1.554879000000000033e+01 1.638777999999999935e+01 7.710703999999999780e+00 -1.571190999999999960e+01 -7.840727000000000224e+00 6.654800999999999966e+00 -6.642744000000000426e+00 -3.635682000000000080e+00 -1.393294999999999950e+00 -5.790167000000000286e+00
-9.750306000000000139e+00 9.044496999999999787e+00 1.600471999999999895e+01 1.573099999999999987e+01 6.044921999999999684e+00 -1.519116999999999962e+01 -8.701950999999999325e+00 7.108934999999999782e+00 -4.224912999999999919e+00 -7.278693999999999775e+00 -3.786490999999999829e+00 -3.798316999999999943e+00
-9.740275999999999712e+00 7.862195999999999962e+00 1.641353000000000151e+01 1.733593000000000117e+01 6.210105999999999682e+00 -1.624981000000000009e+01 -1.137603999999999971e+01 6.322203000000000017e+00 -2.447452999999999879e+00 -8.583921000000000134e+00 -2.153449999999999864e+00 -2.600400000000000045e+00
-9.247975000000000279e+00 6.845322999999999602e+00 1.695450999999999908e+01 1.484638999999999953e+01 5.966471000000000302e+00 -1.662115000000000009e+01 -1.389506000000000085e+01 6.998402999999999707e+00 -1.326295000000000002e+00 -8.568333000000000865e+00 -3.172740999999999811e+00 -3.471817000000000153e+00
-9.312846999999999653e+00 6.393553999999999959e+00 1.757284999999999897e+01 1.513336999999999932e+01 7.227793000000000134e+00 -1.881606000000000023e+01 -1.932253000000000043e+01 6.270438000000000400e+00 -1.100673000000000012e+00 -9.040751000000000204e+00 -1.793906000000000001e+00 -2.539479000000000042e+00
-8.064275999999999556e+00 7.212166999999999994e+00 1.451497999999999955e+01 1.449806000000000061e+01 7.167646999999999657e+00 -2.422901999999999845e+01 -1.953316999999999837e+01 5.480704000000000242e+00 1.337433000000000094e+00 -8.769928999999999419e+00 -4.428988999999999621e+00 -3.867659999999999876e+00
-7.809268999999999572e+00 8.482863999999999294e+00 1.333671000000000006e+01 9.801137999999999906e+00 9.937412000000000134e+00 -2.294530999999999921e+01 -2.468434999999999846e+01 2.783157999999999799e+00 -2.395953000000000145e-03 -8.873238000000000625e+00 -2.477224000000000093e-01 -3.825549000000000088e+00
-7.146252999999999744e+00 9.211185999999999652e+00 1.126603000000000065e+01 4.477668000000000426e+00 9.350770999999999944e+00 -2.112721000000000160e+01 -2.187286999999999892e+01 4.484688000000000008e-01 -1.103569000000000022e+00 -1.005612999999999957e+01 3.195565000000000211e+00 -5.234860000000000069e-01
-6.702391999999999683e+00 1.037454999999999927e+01 9.681006000000000000e+00 1.172735000000000083e+00 6.989387999999999934e+00 -2.064235000000000042e+01 -1.673836000000000013e+01 3.568140000000000089e+00 -5.004017000000000159e+00 -1.048892000000000024e+01 3.987547999999999870e+00 1.753033999999999981e+00
-5.688767999999999603e+00 9.857110999999999734e+00 9.537053000000000225e+00 -4.269349000000000061e-01 1.717899000000000065e+00 -2.002137000000000100e+01 -1.146292000000000044e+01 7.984943999999999598e+00 -7.700472999999999679e+00 -8.301738999999999535e+00 1.147334000000000076e+00 9.355194999999999483e-01
-5.082940999999999931e+00 1.120988999999999969e+01 8.688698999999999728e+00 -4.438596999999999682e+00 -1.109396999999999966e+00 -1.763962000000000074e+01 -6.795639999999999681e+00 1.081328000000000067e+01 -1.011192999999999920e+01 -1.001728999999999914e+01 4.892302000000000040e-01 1.341188999999999965e+00
-4.905396999999999785e+00 1.225107000000000035e+01 8.246591999999999700e+00 -4.353595999999999577e+00 -3.367922000000000082e+00 -1.948931999999999931e+01 -4.967622999999999678e+00 1.183108000000000004e+01 -8.068882000000000332e+00 -1.104852999999999952e+01 -5.062410999999999994e-01 1.259492999999999974e+00
-4.374897999999999954e+00 1.234135999999999989e+01 9.488896999999999693e+00 -2.811761999999999873e+00 -6.086256999999999806e+00 -2.037516000000000105e+01 -7.439663999999999611e+00 1.252804000000000073e+01 -3.195278000000000063e+00 -1.015996999999999950e+01 -1.380768999999999913e+00 -2.328362999999999960e+00
-3.952803999999999984e+00 1.295288000000000039e+01 8.138498000000000232e+00 -3.751145999999999869e+00 -7.158860999999999919e+00 -1.734083000000000041e+01 -6.120804999999999829e+00 1.275934999999999953e+01 -4.470228999999999786e+00 -1.201265000000000072e+01 -1.593498000000000081e+00 -2.441781999999999897e+00
-4.409468000000000387e+00 1.419420999999999999e+01 9.313693999999999917e+00 -3.891353000000000062e+00 -7.336683999999999983e+00 -1.975650999999999868e+01 -6.244557999999999609e+00 1.398521999999999998e+01 -3.874171000000000031e+00 -1.081972000000000023e+01 -1.770086999999999966e+00 -4.380571999999999910e+00
-3.574667999999999957e+00 1.355964999999999954e+01 8.022721000000000657e+00 -2.657535000000000203e+00 -7.537606000000000250e+00 -1.738022000000000133e+01 -6.298099999999999810e+00 1.230796999999999919e+01 -4.661964000000000219e+00 -8.707046000000000063e+00 -2.696359999999999868e+00 -5.560521999999999743e+00
-3.972223000000000059e+00 1.366098999999999997e+01 9.772705999999999449e+00 -2.746478000000000197e+00 -8.944062999999999874e+00 -1.758267000000000024e+01 -5.648520000000000429e+00 1.212566999999999950e+01 -3.522848999999999897e+00 -1.127364000000000033e+01 -1.892673000000000050e+00 -5.173943000000000403e+00
-4.045843999999999774e+00 1.363732000000000077e+01 9.228141000000000815e+00 -3.139495000000000147e+00 -8.224925999999999959e+00 -1.677600999999999942e+01 -5.165629000000000026e+00 1.258854999999999968e+01 -6.424653000000000169e+00 -1.110797999999999952e+01 -2.448477000000000015e-01 -6.200609000000000037e+00
-4.695842999999999989e+00 1.291089000000000020e+01 1.019943999999999917e+01 -4.977515999999999607e+00 -4.944355999999999973e+00 -1.535538000000000025e+01 -7.043652999999999942e+00 1.135044000000000075e+01 -7.606342999999999854e+00 -9.542761999999999745e+00 -1.691648999999999958e+00 -4.188265000000000349e+00
-5.218447000000000280e+00 1.243291999999999931e+01 1.068049000000000071e+01 -2.662354000000000109e+00 -5.058110000000000106e+00 -1.655990999999999858e+01 -5.651551000000000435e+00 1.231221999999999994e+01 -1.079025000000000034e+01 -1.157352999999999987e+01 -1.007262000000000102e+00 -1.087212000000000067e+00
-6.108088000000000406e+00 1.102331000000000039e+01 1.029984999999999928e+01 -3.043102999999999891e+00 -4.730699999999999905e-01 -1.430376000000000047e+01 -6.654207999999999679e+00 9.802979999999999805e+00 -1.107843000000000089e+01 -1.305155000000000065e+01 -2.792251999999999956e+00 2.499802999999999997e+00
-6.721383999999999581e+00 1.084557000000000038e+01 1.141254999999999953e+01 -1.527557000000000054e+00 1.681289000000000033e+00 -1.399093000000000053e+01 -8.850960999999999856e+00 5.690765999999999991e+00 -9.076216000000000506e+00 -1.291151999999999944e+01 1.427002000000000104e+00 4.026751000000000080e-01
-7.339375000000000426e+00 9.500368999999999176e+00 1.190281000000000056e+01 3.775758999999999865e+00 5.351499999999999702e+00 -1.561711999999999989e+01 -1.461585999999999963e+01 4.446399000000000434e+00 -5.872907999999999795e+00 -1.085643999999999920e+01 9.235168999999999739e-01 -3.257893000000000150e+00
-7.195759999999999934e+00 7.422740000000000116e+00 1.294736999999999938e+01 7.244119999999999671e+00 7.569055999999999784e+00 -1.569045000000000023e+01 -1.831079000000000079e+01 4.288103000000000442e+00 -3.864901999999999838e+00 -8.932157999999999376e+00 -6.167120999999999853e-01 -5.401341999999999643e+00
-8.121038000000000423e+00 6.165934000000000026e+00 1.450883999999999929e+01 1.121241000000000021e+01 6.594953000000000287e+00 -1.708455000000000013e+01 -1.836786000000000030e+01 6.840105999999999575e+00 -1.395516999999999896e+00 -9.266655999999999338e+00 -4.207226000000000354e+00 -6.761247000000000007e+00
-8.046350000000000335e+00 5.172422000000000075e+00 1.563996999999999993e+01 1.361870000000000047e+01 5.550243000000000038e+00 -1.681813999999999965e+01 -1.849970000000000070e+01 1.063547999999999938e+01 3.115629999999999789e-01 -1.062340999999999980e+01 -6.386667000000000094e+00 -6.191063999999999901e+00
-8.314374000000000819e+00 4.514185000000000336e+00 1.566302999999999912e+01 1.400252000000000052e+01 7.407358999999999583e+00 -1.848059999999999903e+01 -1.655197000000000074e+01 1.261680999999999919e+01 7.406638000000000110e-02 -1.146677999999999997e+01 -7.229574000000000389e+00 -4.768273999999999901e+00
-8.707660999999999873e+00 5.154427000000000092e+00 1.622603000000000151e+01 1.581600000000000072e+01 5.170190999999999981e+00 -1.853872000000000142e+01 -1.404557999999999929e+01 1.249102000000000068e+01 -9.855313000000000268e-02 -1.128078000000000003e+01 -5.937185999999999630e+00 -5.887584000000000373e+00
-9.366623000000000587e+00 6.264432000000000222e+00 1.826597999999999900e+01 1.462906000000000084e+01 2.820574999999999832e+00 -1.660789000000000115e+01 -9.171205000000000496e+00 1.052519000000000027e+01 -2.552299000000000095e+00 -1.261717999999999940e+01 -2.819767000000000134e+00 -4.820771999999999835e+00
-9.522401000000000337e+00 7.134504999999999875e+00 1.756875000000000142e+01 1.407656000000000063e+01 4.325531999999999933e+00 -1.595881999999999934e+01 -7.960944999999999716e+00 1.128442000000000078e+01 -4.770864999999999689e+00 -1.144088999999999956e+01 -2.153245000000000076e+00 -4.639133000000000173e+00
-9.794266000000000361e+00 6.225285999999999653e+00 1.893912999999999869e+01 1.764438000000000173e+01 5.439540000000000042e+00 -1.512134000000000000e+01 -1.200036000000000058e+01 8.468085999999999558e+00 -2.965310999999999808e+00 -1.022284999999999933e+01 1.085526999999999909e+00 -4.193880000000000052e+00
-1.020355999999999952e+01 6.760082999999999842e+00 1.974855000000000160e+01 1.647804000000000002e+01 7.085708999999999591e+00 -1.564286000000000065e+01 -1.234989999999999988e+01 8.955980000000000274e+00 -2.363170000000000215e+00 -1.010158000000000023e+01 3.337904999999999900e-01 -4.952157999999999838e+00
-9.680312999999999946e+00 7.017380000000000173e+00 1.867171000000000092e+01 1.544576999999999956e+01 5.667048000000000307e+00 -1.496453999999999951e+01 -9.206058000000000519e+00 1.052044000000000068e+01 -4.304270999999999958e+00 -1.017529000000000039e+01 -2.200677999999999912e+00 -3.694163000000000086e+00
-9.648303999999999547e+00 7.903236999999999846e+00 1.916966000000000037e+01 1.617483999999999966e+01 6.043614999999999959e+00 -1.660632999999999981e+01 -1.085880000000000045e+01 1.266081999999999930e+01 -3.494175999999999949e+00 -1.113730999999999938e+01 -2.727777000000000118e+00 -3.627066000000000123e+00
-9.142132000000000147e+00 7.655412000000000106e+00 1.764968999999999966e+01 1.617791000000000068e+01 5.894556999999999825e+00 -1.657199999999999918e+01 -8.983805999999999514e+00 1.040865999999999936e+01 -3.680117999999999778e+00 -1.006010000000000026e+01 -2.656730000000000036e+00 -3.481923999999999797e+00
-8.979525000000000645e+00 7.356442000000000370e+00 1.696014999999999873e+01 1.703316999999999837e+01 5.296147999999999634e+00 -1.663714999999999833e+01 -6.893633000000000344e+00 9.392360000000000042e+00 -5.578354000000000035e+00 -1.004081000000000046e+01 -1.747088999999999892e+00 -2.351945000000000174e+00
-9.460089999999999222e+00 7.932913000000000103e+00 1.809436000000000178e+01 1.821572000000000102e+01 5.365010999999999974e+00 -1.855354000000000170e+01 -8.824695000000000178e+00 9.579413999999999874e+00 -3.725880000000000081e+00 -1.004397999999999946e+01 -1.088575000000000070e+00 -3.123698999999999781e+00
-9.530509999999999593e+00 6.944767999999999830e+00 1.850726999999999833e+01 1.827881999999999962e+01 4.329889999999999795e+00 -1.778628000000000142e+01 -8.736803999999999348e+00 1.056971000000000060e+01 -3.224819999999999798e+00 -9.894432999999999367e+00 -1.951810000000000045e+00 -2.237122999999999973e+00
-9.393936999999999315e+00 6.636644000000000432e+00 1.820244999999999891e+01 1.712999999999999901e+01 3.666542000000000190e+00 -1.532066999999999979e+01 -7.296715999999999980e+00 8.963233000000000672e+00 -4.458643999999999608e+00 -9.430733999999999284e+00 -1.478715000000000002e+00 -1.262674000000000074e+00
-1.008127999999999957e+01 6.205080999999999847e+00 1.961227999999999838e+01 1.560964000000000063e+01 3.714048000000000016e+00 -1.219935000000000080e+01 -8.581732999999999834e+00 7.898919000000000246e+00 -1.854289999999999994e+00 -1.242033999999999949e+01 -2.661658000000000079e+00 1.888911999999999924e+00
-1.014785999999999966e+01 4.192485999999999713e+00 1.609846999999999895e+01 1.811713999999999913e+01 7.694142000000000259e+00 -1.450503999999999927e+01 -1.251961999999999975e+01 1.280887000000000064e+01 2.601958000000000215e+00 -1.356888999999999967e+01 -6.755861999999999590e+00 -2.564465000000000217e+00
-1.134179999999999922e+01 -3.182292000000000193e-03 1.737612999999999985e+01 2.022419000000000011e+01 8.364900999999999698e+00 -1.385246000000000066e+01 -1.544677000000000078e+01 1.194285999999999959e+01 5.814981999999999651e-01 -1.333399999999999963e+01 -5.931026000000000131e+00 -3.902191000000000187e+00
-1.348258000000000045e+01 -1.168751000000000095e+00 1.914198999999999984e+01 1.702177999999999969e+01 9.649756999999999252e+00 -1.693945000000000078e+01 -1.697172000000000125e+01 1.148222999999999949e+01 1.829672999999999994e-01 -1.107203999999999944e+01 -6.213157999999999959e+00 -2.198379999999999779e+00
-1.368637000000000015e+01 -6.257449000000000483e-01 1.805440000000000111e+01 1.766321999999999903e+01 9.671986000000000416e+00 -1.440479000000000021e+01 -1.632871000000000095e+01 1.382192000000000043e+01 2.547506999999999966e+00 -1.099198999999999948e+01 -7.753592000000000262e+00 -5.360354000000000063e+00
-1.176923000000000030e+01 1.975632000000000055e+00 1.316714999999999947e+01 1.656173000000000073e+01 1.128852000000000011e+01 -1.290459000000000067e+01 -1.972056999999999860e+01 7.477794000000000274e+00 1.684120000000000061e+00 -1.112726999999999933e+01 -6.257100000000000328e+00 -4.062212999999999852e+00
-1.204259000000000057e+01 4.359492000000000367e+00 6.401832999999999885e+00 1.770748000000000033e+01 9.768741999999999592e+00 -7.745176999999999978e+00 -1.625344000000000122e+01 -7.863957000000000308e-01 -3.974513000000000074e-01 -7.501955999999999847e+00 -1.168245999999999896e+00 3.300473000000000212e+00
-1.298985000000000056e+01 1.346124000000000098e+00 9.392587000000000685e+00 1.543305999999999933e+01 1.038719999999999999e+01 -1.153506999999999927e+01 -1.693737000000000137e+01 6.359714000000000311e+00 8.488267999999999924e-01 -9.508412999999999116e+00 -1.673373999999999917e+00 -2.864015000000000200e+00
-1.251610999999999940e+01 8.649957999999999814e-01 9.410004999999999953e+00 1.511015000000000086e+01 1.078642999999999930e+01 -9.812141999999999697e+00 -1.753846000000000060e+01 3.612903000000000198e+00 1.649364000000000052e+00 -7.683473000000000219e+00 -5.789549000000000056e+00 -7.002402000000000015e+00
-1.268725000000000058e+01 1.682029999999999914e+00 1.315229000000000070e+01 1.469566000000000017e+01 9.218712000000000018e+00 -6.578096999999999639e+00 -1.848000000000000043e+01 3.961256000000000110e+00 1.823879999999999946e-01 -5.964747000000000021e+00 2.808094999999999786e+00 -3.363450999999999969e+00
-8.966082000000000107e+00 4.377487000000000350e+00 1.020712999999999937e+01 1.570295999999999914e+01 1.002501999999999960e+01 -9.924481000000000108e+00 -1.570489000000000068e+01 1.965416999999999970e+00 -2.723469999999999835e+00 -4.859530999999999601e+00 1.711640000000000106e-01 -3.443742999999999999e+00
-8.190604999999999691e+00 5.305964000000000347e+00 8.549355999999999511e+00 1.090964999999999918e+01 1.263962000000000074e+01 -7.862978000000000023e+00 -1.763999000000000095e+01 1.372741999999999907e+00 -5.359683000000000419e+00 -5.433937000000000239e+00 1.045075999999999894e+00 -3.924930999999999948e+00
-7.944774999999999920e+00 1.037297000000000047e+01 1.082751000000000019e+01 5.674242999999999704e+00 8.924519999999999342e+00 -5.616971000000000380e+00 -1.458454000000000050e+01 1.257457999999999965e+00 -2.352743999999999946e+00 -6.936270000000000380e+00 -1.471075000000000021e-01 -2.014215000000000089e+00
-7.853869000000000433e+00 1.249069000000000074e+01 1.290229000000000070e+01 3.309572000000000180e+00 9.557359999999999189e+00 -3.713443999999999967e+00 -1.531695999999999991e+01 1.176684000000000063e+00 -4.682237999999999900e+00 -7.091363999999999557e+00 9.849124999999999686e-01 -1.796642000000000072e+00
-7.525882000000000183e+00 1.422672999999999988e+01 1.569683999999999990e+01 4.353672999999999682e+00 6.339985999999999677e+00 -7.531030999999999587e+00 -1.315859999999999985e+01 5.185116999999999976e+00 -5.863349000000000366e+00 -9.156741999999999493e+00 -8.111658000000000479e-01 -2.423252999999999879e+00
-6.877375999999999934e+00 1.423114999999999952e+01 1.501703000000000010e+01 5.003880999999999801e+00 5.741140999999999828e+00 -8.231980999999999327e+00 -9.603078999999999255e+00 2.827920999999999907e+00 -7.298466999999999594e+00 -8.291963000000000861e+00 -2.476445000000000007e+00 -5.159059999999999757e-01
-7.120004999999999917e+00 1.459294000000000047e+01 1.561896999999999913e+01 4.692358999999999725e+00 5.813926999999999623e+00 -7.914075999999999667e+00 -8.386252999999999957e+00 1.043144000000000071e+00 -9.114447000000000187e+00 -7.274729999999999919e+00 -2.446670999999999818e+00 2.100309999999999899e+00
-7.311847000000000207e+00 1.579828999999999972e+01 1.613228000000000151e+01 4.020243999999999929e+00 5.350192999999999977e+00 -8.505418000000000589e+00 -9.144937999999999789e+00 4.070287999999999684e+00 -7.485278000000000098e+00 -1.044769999999999932e+01 -1.865774000000000044e+00 5.062723000000000223e-02
-7.256151000000000018e+00 1.642622000000000071e+01 1.654980000000000118e+01 3.817820000000000213e+00 3.443827000000000194e+00 -7.213125999999999927e+00 -9.227776999999999674e+00 4.746488000000000262e+00 -7.180007999999999946e+00 -1.033858000000000033e+01 -2.247904999999999820e+00 8.285576000000000052e-01
-6.727358999999999867e+00 1.550563999999999965e+01 1.557543000000000077e+01 5.543675999999999604e+00 1.605887999999999982e+00 -7.509186999999999834e+00 -8.073586000000000595e+00 5.029071000000000069e+00 -6.600457999999999714e+00 -1.072433999999999976e+01 -1.669472000000000067e+00 -1.547625000000000028e+00
-6.282858000000000054e+00 1.525055000000000049e+01 1.425934999999999953e+01 2.722894000000000148e+00 1.873930000000000096e+00 -5.717609000000000385e+00 -7.245699000000000112e+00 5.941589999999999705e+00 -8.691587000000000174e+00 -1.086753999999999998e+01 -1.311776000000000053e+00 -2.947956000000000021e+00
-5.715656000000000070e+00 1.537967000000000084e+01 1.198630999999999958e+01 2.419258999999999826e+00 2.915153000000000105e+00 -5.031481000000000314e+00 -8.889853999999999701e+00 5.044825999999999588e+00 -8.128835999999999729e+00 -1.020594000000000001e+01 5.481618000000000324e-01 -4.888150000000000439e+00
-5.756628000000000078e+00 1.624879999999999924e+01 1.411590999999999951e+01 -8.738434999999999953e-01 5.255345000000000155e-02 -3.141995999999999789e+00 -6.459233000000000224e+00 4.621700999999999837e+00 -8.066276000000000224e+00 -1.243698999999999977e+01 -1.139088000000000100e+00 -1.764917999999999987e+00
-5.847533999999999565e+00 1.674033999999999978e+01 1.289666000000000068e+01 -1.558664999999999967e+00 5.838427999999999951e-01 -2.823700999999999794e+00 -8.129654000000000380e+00 3.881982999999999961e+00 -5.138984999999999914e+00 -1.279526000000000074e+01 -8.241019000000000538e-01 -1.999336000000000002e+00
-6.277097000000000371e+00 1.711792000000000158e+01 1.417276999999999987e+01 -1.840392999999999946e+00 -6.674548000000000147e-01 -4.134325999999999723e+00 -5.573258000000000045e+00 4.022024000000000044e+00 -4.781870999999999761e+00 -1.267346000000000039e+01 -2.892662000000000067e+00 -1.747230999999999979e+00
-6.223535000000000039e+00 1.669613999999999976e+01 1.317380999999999958e+01 -4.786361000000000088e-01 -4.883243999999999918e-01 -6.205973000000000184e+00 -6.343055999999999806e+00 6.552020999999999873e+00 -3.927751999999999910e+00 -1.057426000000000066e+01 -3.923245000000000093e+00 -3.290178000000000047e+00
-6.164850999999999637e+00 1.709046000000000021e+01 1.231622999999999912e+01 -2.599699000000000204e+00 -3.767493000000000092e-01 -5.769487999999999950e+00 -5.410105999999999860e+00 5.406182000000000265e+00 -3.804079999999999906e+00 -1.144063000000000052e+01 -4.095728000000000257e+00 -2.694447999999999954e+00
-5.468758000000000230e+00 1.678485999999999834e+01 1.287002000000000024e+01 -2.479208999999999996e+00 -2.709366999999999859e+00 -8.842045999999999850e+00 -5.052988000000000035e+00 6.721320999999999657e+00 -5.546783999999999715e+00 -1.134604000000000035e+01 -4.405580999999999747e+00 -3.838182000000000205e+00
-4.027277999999999913e+00 1.652693000000000012e+01 1.051707000000000036e+01 -3.765166999999999931e+00 -1.131625000000000103e+00 -1.031182000000000087e+01 -6.335479000000000305e+00 6.566024999999999778e+00 -4.247213999999999601e+00 -1.061018999999999934e+01 -5.266967000000000176e+00 -4.104885999999999591e+00
-3.512783999999999907e+00 1.807133999999999929e+01 9.704060000000000130e+00 -4.774653999999999954e+00 -3.231068000000000051e+00 -1.190718999999999994e+01 -7.190135999999999861e+00 8.708157999999999177e+00 -2.989770999999999956e-01 -7.208148000000000444e+00 -7.579467000000000176e+00 -8.748884999999999579e+00
-3.034567000000000014e+00 1.821087999999999951e+01 7.655408000000000435e+00 -5.997080999999999662e+00 -4.105362999999999651e+00 -1.560308000000000028e+01 -4.140241999999999756e+00 1.299342000000000041e+01 -2.426889000000000074e+00 -7.596016999999999797e+00 -3.484030999999999878e+00 -9.186277999999999722e+00
-2.361521000000000203e+00 1.794315999999999889e+01 8.438701000000000008e+00 -6.469401999999999653e+00 -9.223872000000000071e+00 -1.415944000000000003e+01 -1.655572999999999961e+00 1.180957000000000079e+01 -1.957977999999999996e+00 -4.144033000000000300e+00 -2.469053000000000164e+00 -9.144168000000000518e+00
-2.089869000000000199e+00 1.758168999999999826e+01 8.587265000000000370e+00 -6.113627000000000145e+00 -9.979618999999999573e+00 -1.393983000000000061e+01 -1.250469999999999970e+00 1.097358000000000011e+01 -4.886847999999999748e-01 -2.373785999999999952e+00 -2.082403999999999922e+00 -6.449345000000000105e+00
-2.399718000000000018e+00 1.773321999999999932e+01 8.399767000000000650e+00 -5.103702000000000183e+00 -9.722908999999999580e+00 -1.565301000000000009e+01 -3.271440999999999821e+00 1.115362999999999971e+01 2.499718000000000107e+00 -3.764355000000000118e+00 -2.321210000000000218e+00 -3.916227999999999820e+00
-2.295795000000000030e+00 1.686410000000000053e+01 8.217390999999999224e+00 -2.522146999999999917e+00 -1.041502000000000017e+01 -1.729012000000000171e+01 -3.553297000000000150e+00 1.115287999999999968e+01 1.730750000000000011e+00 -1.846410000000000107e+00 -1.144427000000000083e+00 -4.136046999999999585e+00
-1.379051999999999945e+00 1.775469000000000008e+01 7.092913000000000245e+00 -2.359157000000000171e+00 -1.190995999999999988e+01 -1.695348999999999862e+01 -5.653067000000000064e+00 9.580164999999999154e+00 3.628696000000000144e+00 -2.722107000000000276e-01 -2.660015000000000018e+00 -3.344079999999999941e+00
-1.460995999999999961e+00 1.806880999999999915e+01 8.852633000000000862e+00 -3.726172000000000040e+00 -1.322489000000000026e+01 -1.697298999999999936e+01 -7.354804999999999815e+00 8.476589000000000595e+00 3.517187999999999981e+00 -4.354963000000000028e-01 1.775662999999999991e+00 -1.210175999999999918e+00
-2.045269999999999921e+00 1.790370000000000061e+01 8.377226000000000283e+00 -3.546094000000000079e+00 -1.278599999999999959e+01 -1.671086999999999989e+01 -7.725559999999999761e+00 7.921924999999999883e+00 3.719349999999999934e+00 -2.076807000000000070e+00 1.968311000000000088e-01 1.338381000000000043e+00
-2.180775000000000130e+00 1.707245999999999952e+01 9.435107000000000355e+00 -1.325010000000000077e-01 -1.448098000000000063e+01 -1.767588999999999899e+01 -8.375140000000000029e+00 6.037368999999999986e+00 3.920643000000000100e+00 -2.999533999999999812e-01 2.989818000000000087e+00 -3.483042000000000082e-01
-2.048684000000000172e+00 1.780519999999999925e+01 8.347001000000000559e+00 -1.538510000000000044e+00 -1.254846000000000039e+01 -1.508545999999999943e+01 -8.371098999999999180e+00 5.691266999999999854e+00 2.007057000000000091e+00 -4.201716999999999813e-01 2.532944000000000084e+00 1.313115000000000032e+00
-2.334206000000000003e+00 1.952040999999999826e+01 9.111338999999999189e+00 -2.462120999999999782e+00 -1.181973999999999947e+01 -1.904853999999999914e+01 -8.079646999999999579e+00 7.118438000000000265e+00 2.268593000000000082e+00 1.039358000000000004e+00 1.181213999999999986e+00 5.652236000000000482e-01
-2.621007999999999782e+00 1.928111000000000175e+01 7.635429000000000244e+00 -2.498488000000000042e+00 -1.169159999999999933e+01 -1.509286999999999956e+01 -7.129522999999999833e+00 4.329365000000000130e+00 1.306442000000000103e+00 -8.970818999999999876e-01 2.381406000000000134e+00 2.255558999999999870e+00
-2.919760999999999829e+00 1.838736000000000104e+01 7.934093999999999980e+00 -2.132636000000000198e+00 -1.133028999999999975e+01 -1.533431999999999995e+01 -7.445219999999999949e+00 5.983852999999999867e+00 5.299860999999999933e+00 -2.475245000000000140e+00 -9.811843999999999566e-01 1.403793999999999986e+00
-2.977803999999999895e+00 1.730639000000000038e+01 7.039634999999999643e+00 -1.677402999999999977e+00 -1.159004999999999974e+01 -1.537645000000000017e+01 -5.284330999999999889e+00 4.494663000000000075e+00 6.555987000000000009e+00 -1.923032999999999992e+00 -2.223059000000000118e+00 9.343966000000000216e-01
-3.224488000000000021e+00 1.460557000000000016e+01 4.896209999999999951e+00 -2.372739999999999849e+00 -1.161838000000000015e+01 -1.417192000000000007e+01 -5.396467000000000347e+00 7.975940999999999725e+00 5.431064000000000114e+00 -3.728158000000000083e+00 -1.965567000000000064e+00 -9.984938000000000147e-02
-4.196074000000000304e+00 1.271641999999999939e+01 5.039651000000000103e+00 -1.862300000000000066e+00 -1.131851999999999947e+01 -1.449372999999999934e+01 -2.717328999999999883e+00 9.851744999999999308e+00 4.245607999999999826e+00 -6.895051999999999737e+00 -2.208890999999999938e+00 1.217381999999999964e+00
-5.459368999999999694e+00 1.180972000000000044e+01 7.310124000000000066e+00 -7.945391000000000536e-01 -9.291427999999999798e+00 -1.352753000000000050e+01 -4.353907000000000416e+00 8.938475999999999644e+00 1.932042999999999955e+00 -8.740337000000000245e+00 -1.782202000000000064e+00 1.871787000000000090e+00
-6.471498999999999668e+00 1.146402999999999928e+01 6.248657999999999824e+00 -4.191043999999999770e+00 -3.128209000000000017e+00 -8.332618999999999332e+00 -4.817098999999999798e+00 9.471883000000000052e+00 -1.800130000000000008e+00 -1.055048000000000030e+01 -2.389793000000000056e+00 9.430994999999999795e-01
-5.471319000000000266e+00 1.215446999999999989e+01 4.202055999999999791e+00 -2.559390000000000054e+00 -2.244761000000000006e+00 -5.185557000000000194e+00 -6.445089000000000290e+00 5.441692999999999891e+00 -2.833530000000000104e+00 -1.296144999999999925e+01 -4.704960999999999949e+00 1.639896000000000020e+00
-7.468905000000000349e+00 7.048002999999999574e+00 5.530937999999999910e+00 1.948690999999999951e+00 3.263825000000000198e+00 -6.715790000000000148e+00 -1.103861999999999988e+01 4.848518000000000328e+00 -3.468688000000000216e+00 -1.054573000000000071e+01 1.605850000000000000e+00 -6.032161000000000328e-01
-1.029019000000000084e+01 8.209467000000000070e+00 7.820019999999999749e-01 1.096497999999999973e+00 4.430664000000000269e-01 -5.492149999999999643e+00 -5.833393000000000050e+00 1.875639999999999974e+00 -3.506920000000000037e+00 -7.472891999999999868e+00 -1.233131999999999895e+00 9.596632000000000495e-01
-1.280355999999999916e+01 7.671827999999999648e+00 6.908142000000000449e-01 -3.677099000000000117e+00 -2.025097000000000147e+00 -2.381755000000000067e+00 -8.701950999999999325e+00 -7.281286000000000147e-01 -3.217868999999999868e+00 -2.350798999999999861e+00 1.123104000000000102e+00 2.820968999999999838e+00
-1.496161000000000030e+01 6.164039999999999964e+00 -1.478058999999999901e-01 -9.562148000000000314e-01 8.178891000000000355e-01 -7.906720000000000415e-01 -5.615687999999999569e+00 -2.403122999999999898e+00 -3.920800999999999981e+00 -1.398563999999999918e+00 3.386322999999999972e+00 2.306092000000000031e+00
-1.484745000000000026e+01 6.040284999999999904e+00 3.218456999999999901e+00 3.543102999999999891e+00 3.797293999999999947e+00 -1.806407000000000096e+00 -6.118783999999999779e+00 -1.673907999999999952e+00 -7.073555000000000259e-01 -8.246866000000000474e-01 1.951842000000000077e+00 2.068867000000000012e+00
-1.217488999999999955e+01 4.235106000000000037e+00 1.372092999999999918e+01 1.137452000000000041e+01 8.938466000000000022e+00 -6.052675999999999945e+00 -9.731379000000000445e+00 8.611378999999999451e+00 2.813677000000000206e+00 -8.620119000000000753e+00 -4.128171000000000035e+00 3.172175000000000189e+00
-1.151593000000000089e+01 4.028006000000000419e+00 1.770091999999999999e+01 1.292379999999999995e+01 6.377468999999999610e+00 -8.466801999999999495e+00 -1.153616000000000064e+01 6.144650000000000389e+00 2.367075000000000082e-02 -8.267918999999999130e+00 -5.138427000000000078e+00 2.882169999999999899e+00
-1.151828000000000074e+01 5.006363000000000341e+00 2.210251999999999839e+01 1.003816999999999915e+01 -6.317158999999999969e-01 -2.238990999999999953e+00 -9.320719000000000420e+00 3.245795000000000208e+00 3.709503000000000217e+00 -6.530433999999999628e+00 -6.926497000000000348e+00 3.723551999999999973e-01
-1.027974000000000032e+01 8.524853000000000236e+00 1.784179999999999922e+01 1.363535000000000075e+01 4.621902999999999651e+00 -6.542990999999999779e+00 -6.390537000000000134e+00 9.037755000000000649e+00 -1.217394000000000087e+00 -7.832226000000000354e+00 -2.506012999999999824e+00 -3.059128999999999987e+00
-1.072061000000000064e+01 9.161621999999999488e+00 1.866813000000000144e+01 1.523896000000000051e+01 7.295347999999999722e+00 -5.694984999999999964e+00 -7.324498000000000175e+00 6.626043000000000127e+00 -4.860781000000000129e-01 -8.199750999999999124e+00 -3.710310999999999915e+00 -1.428029999999999911e+00
-1.114739999999999931e+01 8.993983999999999313e+00 2.088992999999999967e+01 1.399770000000000003e+01 7.567313000000000400e+00 -2.820971000000000117e+00 -7.666966999999999643e+00 6.351212000000000302e+00 -3.279850000000000154e+00 -8.951181000000000054e+00 -1.245657999999999932e+00 -1.779236000000000040e+00
-1.138747000000000043e+01 8.293443999999999150e+00 2.029106000000000165e+01 1.713614000000000104e+01 7.175492000000000203e+00 -1.532969999999999944e+00 -4.171053999999999817e+00 3.283555999999999919e+00 -8.142737999999999587e+00 -6.968239999999999768e+00 -1.545449000000000073e+00 -2.804498000000000157e+00
-1.181127000000000038e+01 9.347884999999999778e+00 2.225722999999999985e+01 1.474079000000000050e+01 3.926737999999999840e+00 -4.416344999999999743e+00 -2.372333999999999943e+00 2.733392999999999962e+00 -7.434592999999999563e+00 -6.003851000000000049e+00 -1.259579000000000115e-01 -3.217185999999999879e+00
-1.130766000000000027e+01 8.094867999999999952e+00 2.098623999999999867e+01 1.595358000000000054e+01 5.032028999999999641e+00 -6.277745000000000353e+00 -5.095922999999999981e+00 3.549383999999999872e+00 -6.919920000000000293e+00 -3.093774999999999942e+00 -1.961870999999999921e+00 -2.333136000000000099e+00
-1.164588999999999963e+01 7.474198999999999593e+00 2.112302000000000035e+01 1.705508000000000024e+01 4.550425999999999860e+00 -5.443001999999999896e+00 -4.785781000000000063e+00 4.437146000000000257e+00 -8.083942999999999657e+00 -3.099587000000000092e+00 -1.454485000000000028e+00 -3.984166999999999792e+00
-1.189620000000000033e+01 6.427018999999999593e+00 2.120857000000000170e+01 1.738369000000000142e+01 3.855259999999999909e+00 -5.263961000000000112e+00 -2.579937000000000147e+00 3.157519000000000187e+00 -8.409197999999999951e+00 -3.136048999999999864e+00 -1.095761999999999903e+00 -4.135486000000000217e+00
-1.201421000000000028e+01 6.274849999999999817e+00 2.192577999999999960e+01 1.703053999999999846e+01 4.141170999999999935e+00 -6.038243999999999723e+00 -3.552286000000000055e+00 5.703520000000000145e+00 -7.670061999999999713e+00 -6.438487000000000293e+00 -7.503860999999999448e-01 -3.370750000000000135e+00
-1.154794000000000054e+01 6.501208000000000098e+00 2.063532000000000011e+01 1.611832000000000065e+01 4.465436999999999657e+00 -5.110274000000000427e+00 -7.200238999999999834e+00 7.353006999999999849e+00 -5.913166000000000366e+00 -6.434523000000000437e+00 -7.319058999999999982e-01 -4.934472000000000413e+00
-1.126007000000000069e+01 7.346972000000000058e+00 2.056616000000000000e+01 1.408663999999999916e+01 5.857947000000000237e+00 -6.746996000000000215e+00 -8.458484999999999587e+00 8.710157999999999845e+00 -4.500639999999999752e+00 -8.480349000000000359e+00 -8.852921999999999736e-01 -5.181803999999999633e+00
-1.139921000000000006e+01 7.142712999999999646e+00 2.151902000000000115e+01 1.563635999999999981e+01 7.247405999999999793e+00 -9.463813000000000031e+00 -9.621767999999999432e+00 7.105184000000000388e+00 -6.448981999999999992e+00 -8.630687999999999249e+00 -1.418346000000000107e+00 -3.125103000000000186e+00
-1.083478000000000030e+01 6.413758999999999766e+00 2.077005000000000123e+01 1.471274999999999977e+01 8.539236000000000715e+00 -1.004072000000000031e+01 -1.395011000000000045e+01 1.004180000000000028e+01 -5.751553000000000360e+00 -1.248823999999999934e+01 -2.848514000000000213e+00 -4.120045000000000179e+00
-9.323517000000000721e+00 6.597813000000000372e+00 2.020653000000000077e+01 1.218640000000000079e+01 8.840401999999999205e+00 -1.480188000000000059e+01 -2.098537999999999926e+01 1.078827000000000069e+01 -1.125871000000000066e+00 -1.107864999999999966e+01 -4.237409999999999677e+00 -1.656552000000000024e+00
-8.278736999999999568e+00 5.844865999999999673e+00 1.830030000000000001e+01 9.588198999999999472e+00 5.899352000000000373e+00 -1.537255000000000038e+01 -2.289825000000000088e+01 9.684946000000000055e+00 2.897670000000000190e+00 -8.229608000000000700e+00 -4.624058999999999919e+00 -9.235404000000000391e-01
-7.896120999999999945e+00 4.929648000000000252e+00 1.767427999999999955e+01 5.389886999999999873e+00 5.480508999999999631e+00 -1.438021999999999956e+01 -2.582187000000000054e+01 1.040715999999999930e+01 5.482038000000000189e+00 -7.310664000000000051e+00 -1.856533999999999907e+00 -1.752564999999999928e+00
-7.274075999999999986e+00 5.687961999999999740e+00 1.631824999999999903e+01 4.620942000000000327e+00 5.203750000000000320e+00 -1.434198999999999913e+01 -2.825401000000000096e+01 6.908625999999999934e+00 5.098857999999999890e+00 -5.083321999999999896e+00 8.333741000000000065e-01 -1.735160000000000036e+00
-6.676998000000000211e+00 6.474058000000000312e+00 1.365432999999999986e+01 5.193159999999999776e+00 4.137685000000000279e+00 -1.476248000000000005e+01 -2.850202000000000169e+01 5.026820999999999984e+00 7.345519000000000354e+00 -4.084056000000000353e+00 1.426222000000000045e-01 -5.114142000000000410e-01
-6.386782000000000181e+00 6.096479000000000426e+00 1.074657000000000018e+01 5.805686999999999820e+00 4.483305999999999791e+00 -1.643274999999999864e+01 -2.457524000000000086e+01 3.377333000000000141e+00 5.611792999999999587e+00 -1.877588000000000035e+00 4.960479999999999751e-02 -1.590578000000000047e+00
-6.016755999999999993e+00 6.452274000000000065e+00 8.759907999999999362e+00 3.905888000000000027e+00 6.230590000000000295e+00 -1.510730000000000040e+01 -2.503135999999999939e+01 6.781339000000000006e+00 3.910795999999999939e+00 -3.511499999999999844e+00 2.646084999999999798e+00 -2.493719000000000019e+00
-6.649682999999999566e+00 5.634609000000000201e+00 9.461745999999999768e+00 4.971020000000000216e+00 5.682303000000000104e+00 -1.405178000000000083e+01 -2.448129000000000133e+01 7.644593000000000416e+00 6.939746999999999666e+00 -4.525298000000000265e+00 2.070979000000000014e-01 -6.643722000000000343e-03
-6.547253999999999685e+00 3.834480999999999806e+00 9.163080000000000780e+00 3.514184999999999892e+00 4.909994000000000192e+00 -1.328256999999999977e+01 -2.440450999999999837e+01 3.221286999999999789e+00 6.244924000000000142e+00 -4.840507999999999811e+00 7.794123999999999497e-02 3.330512000000000139e+00
-8.699764999999999304e+00 -1.051309999999999967e+00 8.853657000000000110e+00 6.160147000000000261e+00 8.165285000000000792e+00 -1.301887999999999934e+01 -2.342661000000000016e+01 7.374513999999999569e+00 5.852476000000000234e+00 -5.474097999999999686e+00 2.758608999999999867e+00 -3.831160000000000121e-01
-9.594101000000000212e+00 -1.008375000000000021e+00 8.394132000000000815e+00 7.802317000000000391e+00 8.719238000000000710e+00 -1.039996999999999971e+01 -2.454442999999999842e+01 5.959596000000000338e+00 7.057915999999999634e+00 -4.621471999999999802e+00 1.912212000000000023e+00 -4.721104999999999885e-01
-7.903590000000000337e+00 6.023236999999999952e+00 8.750686999999999216e+00 6.204837999999999631e+00 5.821772000000000169e+00 -1.213420999999999950e+01 -2.328518000000000043e+01 2.768654000000000170e+00 5.650313999999999837e+00 -3.555889000000000078e+00 2.460049999999999848e+00 3.720744999999999747e-01
-7.845119999999999649e+00 9.832803000000000182e+00 5.838824999999999932e+00 5.565145000000000231e+00 3.761554999999999982e+00 -1.227659000000000056e+01 -1.976955999999999847e+01 -2.069525000000000059e+00 2.729105000000000114e+00 3.177131000000000149e+00 4.603968000000000060e+00 -1.068683000000000050e+00
-1.390701999999999927e+01 4.703289999999999971e+00 4.849591000000000207e+00 4.345786000000000371e+00 5.637846999999999831e+00 -9.166971000000000203e+00 -2.039338000000000051e+01 3.134290000000000131e-01 2.863783000000000190e+00 -3.319678999999999824e+00 -8.376540999999999570e-01 -4.903545000000000126e-02
-8.745217999999999492e+00 2.583356999999999903e+00 5.454607000000000205e+00 9.504512999999999323e+00 4.383498999999999590e+00 -1.322054999999999936e+01 -2.216028000000000020e+01 2.011429999999999829e+00 7.902186999999999628e+00 -1.729098000000000024e+00 7.912801999999999891e-01 2.134840000000000071e+00
