-5.981537999999999577e+00 7.468615999999999921e+00 -5.774439000000000100e+00 -8.014322999999999197e+00 -2.714354000000000156e+00 1.026199000000000083e+00 9.467434000000000793e+00 3.749438000000000049e+00 4.885246999999999673e+00 -4.472775999999999641e+00 -4.327790000000000248e+00 2.171597999999999917e+00
1.734457000000000082e-01 1.474610000000000021e+01 -4.944650000000000212e+00 -1.252106000000000030e+01 -3.363392000000000159e+00 -3.816253000000000117e+00 8.799386999999999404e+00 3.356422999999999934e+00 5.812549999999999883e+00 -4.637062000000000239e+00 -6.034158999999999828e+00 2.520939999999999959e+00
6.626969000000000332e-01 1.437827000000000055e+01 -4.470485000000000042e+00 -1.311886999999999937e+01 -7.382207000000000185e+00 -3.714090000000000114e+00 9.702607000000000426e+00 6.391594000000000442e+00 5.454721000000000153e+00 -3.530202000000000062e+00 -5.806799999999999962e+00 3.612273000000000067e+00
9.317292000000000629e-02 1.323990000000000045e+01 -2.621868000000000087e+00 -1.114724999999999966e+01 -5.800049999999999706e+00 -5.513702000000000325e+00 6.970117000000000118e+00 5.393959999999999866e+00 8.388241999999999976e+00 -2.348558999999999841e+00 -6.241762999999999728e+00 2.138962999999999948e+00
1.277568000000000037e-01 1.589324000000000048e+01 -2.121659999999999879e+00 -1.227466000000000079e+01 -5.586049000000000042e+00 -4.206897999999999804e+00 9.281793999999999656e+00 2.609510000000000218e+00 5.356359999999999566e+00 1.365393000000000079e+00 -6.331501000000000268e+00 1.493440000000000101e+00
5.710018999999999512e-01 1.348462999999999923e+01 -4.844069000000000180e+00 -1.156686999999999976e+01 -2.785436999999999941e+00 -1.759395999999999960e+00 6.998545000000000016e+00 1.093631000000000020e+00 8.795590000000000686e+00 -1.267586000000000102e+00 -8.308089999999999975e+00 1.703003999999999962e+00
-8.704414000000000595e-02 1.316243000000000052e+01 -2.228527000000000147e+00 -1.087562999999999924e+01 -1.516496000000000066e+00 -2.681067999999999785e+00 5.587505000000000166e+00 4.265283000000000269e-01 9.025551000000000101e+00 -1.384328999999999921e+00 -6.214641000000000304e+00 2.953203999999999940e+00
-7.304952000000000112e-01 1.535064000000000028e+01 6.434064999999999923e-01 -1.218328999999999951e+01 -4.656697000000000308e+00 -2.757874000000000159e+00 6.887419000000000402e+00 6.410196000000000227e-01 9.817524000000000584e+00 -2.790153000000000105e+00 -7.313265999999999600e+00 4.423846000000000167e+00
-5.575755999999999490e-01 1.714167000000000129e+01 9.684970999999999997e-01 -1.412017999999999951e+01 -5.567712000000000216e+00 -8.531587999999999949e-01 7.280236000000000374e+00 -7.674824999999999564e-01 9.479366000000000625e+00 -1.710024999999999906e+00 -8.716599999999999682e+00 4.735831000000000124e+00
-1.269876999999999923e+00 1.607426999999999850e+01 1.428293999999999953e+00 -1.329705000000000048e+01 -3.850674000000000152e+00 -1.143477999999999994e+00 4.001592999999999734e+00 -1.025816999999999979e+00 9.972186999999999912e+00 -6.209308999999999523e-01 -6.768809000000000076e+00 2.112280000000000157e+00
-2.159857999999999834e+00 1.415785999999999945e+01 2.782538999999999874e+00 -1.282781999999999911e+01 5.906192999999999582e-01 -6.257139999999999702e+00 7.401777999999999968e-01 2.066323999999999828e+00 1.112876999999999938e+01 -9.549176000000000331e-01 -8.665705000000000879e+00 2.089291999999999927e+00
-4.299617999999999718e+00 1.240394000000000041e+01 8.593759000000000370e+00 -1.308042000000000016e+01 7.332872999999999752e-01 -7.718657999999999575e+00 -2.993736999999999870e+00 3.110164999999999846e+00 1.156833999999999918e+01 -1.345013999999999932e-01 -8.458099999999999952e+00 7.214815999999999452e-01
-4.271061999999999692e+00 1.248817999999999984e+01 9.750434000000000268e+00 -1.251154999999999973e+01 1.850769000000000108e+00 -6.754724999999999646e+00 -7.942713999999999608e+00 3.449359999999999982e+00 8.964498999999999995e+00 -1.252528000000000086e+00 -4.693106000000000222e+00 2.028741999999999823e+00
-4.972259000000000206e+00 1.294327999999999967e+01 1.236912000000000056e+01 -1.050148000000000081e+01 1.969073000000000073e+00 -1.091474000000000011e+01 -9.238320999999999117e+00 4.164244000000000057e+00 8.123685999999999297e+00 -6.940222000000000335e-01 -5.377194000000000251e+00 8.427864999999999940e-01
-5.970115999999999978e+00 1.301197999999999944e+01 1.386300999999999917e+01 -7.890710000000000335e+00 3.717006000000000032e+00 -1.347395999999999994e+01 -1.162364999999999959e+01 3.016439000000000092e+00 6.113398000000000110e+00 -1.644039999999999946e+00 -4.320424000000000042e+00 1.811582999999999943e+00
-6.017074000000000034e+00 1.362329000000000079e+01 1.449836999999999954e+01 -5.337405000000000399e+00 4.678759000000000334e+00 -1.368085999999999913e+01 -1.218359000000000059e+01 9.494987000000000288e-01 2.023292000000000090e+00 -9.355671999999999600e-02 -2.522641999999999829e+00 9.626546000000000269e-01
-7.658699000000000368e+00 1.361224999999999952e+01 1.779507999999999868e+01 -2.784926000000000013e+00 6.361638000000000126e+00 -1.178679999999999950e+01 -1.169342999999999932e+01 1.375067999999999957e+00 -1.192739000000000021e-01 -5.465092000000000283e+00 -5.130078000000000138e+00 3.392993999999999732e-01
-8.264393000000000100e+00 1.210078999999999994e+01 1.953457999999999828e+01 3.793113000000000040e-02 8.153527000000000413e+00 -1.138183000000000078e+01 -1.298170999999999964e+01 5.819492000000000553e-01 -1.692704999999999904e+00 -4.513721000000000316e+00 -7.513837999999999795e+00 3.493568000000000229e-01
-8.313254999999999839e+00 1.358317000000000085e+01 1.861139999999999972e+01 3.764533000000000129e+00 9.002501000000000531e+00 -1.046161999999999992e+01 -9.514412999999999343e+00 2.286328999999999834e+00 -4.707288000000000139e+00 -9.185473999999999251e+00 -9.002223000000000752e+00 1.699924999999999908e+00
-8.545189000000000590e+00 1.399764000000000053e+01 1.810939000000000121e+01 3.724431000000000047e+00 8.704606999999999317e+00 -7.836623999999999590e+00 -9.616923999999999140e+00 5.223535999999999735e-01 -4.040131999999999834e+00 -6.505967000000000056e+00 -7.511495000000000033e+00 1.288802999999999921e+00
-8.462379000000000318e+00 1.288510999999999918e+01 1.814576999999999884e+01 4.986613000000000184e+00 7.066186000000000078e+00 -8.738082999999999601e+00 -8.766683000000000447e+00 4.963663999999999632e+00 -2.474162999999999890e+00 -8.737790000000000390e+00 -8.135310000000000485e+00 1.503292999999999990e+00
-8.703196999999999406e+00 1.336904000000000003e+01 1.711750999999999934e+01 4.045660999999999952e+00 6.875543999999999656e+00 -8.286801999999999779e+00 -5.840798999999999630e+00 4.711630000000000429e+00 -6.203726999999999769e+00 -7.778804000000000052e+00 -4.629151000000000238e+00 1.632806999999999897e+00
-9.194986000000000104e+00 1.455052000000000056e+01 1.733573000000000164e+01 4.531433999999999962e+00 8.872894999999999754e+00 -8.487821000000000282e+00 -8.198131999999999309e+00 4.881490999999999580e+00 -4.852115999999999651e+00 -5.397922999999999583e+00 -4.479474999999999874e+00 1.645944000000000074e+00
-9.698833000000000482e+00 1.379906000000000077e+01 1.751893000000000100e+01 4.956019999999999648e+00 7.443704000000000320e+00 -6.227005000000000123e+00 -4.373333999999999833e+00 3.419430999999999887e+00 -4.185298000000000407e+00 -3.054094000000000086e+00 -5.774989999999999846e+00 -3.269537000000000138e-01
-9.361876999999999782e+00 1.291117999999999988e+01 1.699986000000000175e+01 8.002126999999999768e+00 6.139096000000000330e+00 -5.593448000000000420e+00 -5.098667999999999978e+00 -6.107489000000000390e-01 -7.690667999999999616e+00 -2.403547000000000100e+00 -2.704463000000000061e+00 -1.794721999999999928e+00
-1.027946000000000026e+01 1.418143000000000065e+01 1.968365999999999971e+01 5.648090999999999973e+00 6.794665000000000177e+00 -7.215929000000000038e+00 -4.634350999999999665e+00 -4.288491999999999998e-02 -4.822947000000000095e+00 -4.844153999999999627e+00 -5.002501999999999782e+00 2.448828000000000116e-01
-1.038289999999999935e+01 1.359796000000000049e+01 1.997731999999999886e+01 5.695635000000000225e+00 6.640693999999999875e+00 -6.906132000000000382e+00 -5.666788000000000380e+00 3.181312000000000140e+00 -5.652567999999999593e+00 -5.588602999999999987e+00 -3.086856000000000044e+00 -8.205886000000000013e-01
-1.000595999999999997e+01 1.263386999999999993e+01 1.871781999999999968e+01 6.050766000000000311e+00 6.839877000000000429e+00 -5.661067000000000071e+00 -3.960703999999999780e+00 4.014073999999999920e+00 -6.239340000000000330e+00 -5.622103000000000073e+00 -5.488362000000000407e+00 -4.084394000000000080e-01
-1.068463000000000029e+01 1.312556999999999974e+01 2.068991000000000113e+01 7.428294000000000175e+00 8.654120000000000701e+00 -6.453748000000000040e+00 -7.302233000000000196e+00 2.534949999999999815e+00 -6.089425000000000310e+00 -6.569414000000000087e+00 -5.383891000000000204e+00 1.974143999999999899e+00
-1.121575999999999951e+01 1.379554000000000080e+01 2.182188999999999979e+01 6.607234000000000052e+00 9.078357000000000454e+00 -6.249055000000000248e+00 -8.854979999999999407e+00 3.224105000000000221e+00 -4.207005999999999801e+00 -7.167849000000000359e+00 -4.271201999999999721e+00 1.456904999999999895e+00
-1.018300999999999945e+01 1.436196999999999946e+01 1.911296000000000106e+01 5.118909000000000376e+00 8.136950000000000571e+00 -4.182642999999999667e+00 -5.121495999999999604e+00 2.130869999999999986e-01 -4.772749000000000130e+00 -5.085253999999999941e+00 -4.333148000000000444e+00 7.465224999999999778e-01
-1.057136000000000031e+01 1.357413999999999987e+01 2.034191999999999823e+01 7.370415000000000383e+00 7.591395000000000337e+00 -9.147838000000000136e+00 -4.636073999999999806e+00 1.671433999999999975e-01 -4.036400999999999684e+00 -5.220946999999999782e+00 -4.898030999999999580e+00 3.604405999999999999e-01
-1.035815000000000019e+01 1.371907000000000032e+01 1.996294999999999931e+01 7.062414000000000414e+00 7.154348999999999847e+00 -7.949811000000000405e+00 -5.175766000000000311e+00 3.769090999999999969e-01 -5.696321000000000190e+00 -4.858028000000000013e+00 -2.490496999999999961e+00 1.168112999999999957e+00
-1.012144999999999939e+01 1.343998999999999988e+01 2.012684000000000140e+01 1.005602000000000018e+01 6.655764999999999709e+00 -9.659755000000000535e+00 -8.498343000000000202e+00 8.557736000000000232e-01 -5.281171999999999755e+00 -4.757697000000000287e+00 -2.160004999999999953e+00 7.015719999999999734e-01
-1.001864999999999917e+01 1.328402999999999956e+01 1.989515000000000100e+01 1.022303999999999924e+01 3.662249999999999783e+00 -8.081740999999999175e+00 -9.532071999999999434e+00 1.096255999999999897e+00 -3.522890999999999995e+00 -6.294813999999999687e+00 -4.611739000000000033e+00 -1.050746000000000041e-01
-9.253049000000000746e+00 1.156846999999999959e+01 1.963515999999999906e+01 9.443735000000000213e+00 4.010379999999999612e+00 -1.086365999999999943e+01 -8.703366000000000824e+00 2.765981000000000023e+00 -4.642506000000000022e+00 -8.763168000000000291e+00 -4.515972999999999793e+00 7.945518999999999776e-01
-8.412247999999999948e+00 1.139620999999999995e+01 2.135716000000000037e+01 1.164811000000000085e+01 1.753312999999999899e+00 -1.514863000000000071e+01 -1.296964999999999968e+01 3.475350999999999857e+00 -3.085694999999999855e+00 -8.715626000000000317e+00 -4.206911999999999985e+00 -2.872026999999999913e-02
-7.872548000000000101e+00 1.180767999999999951e+01 2.073392000000000124e+01 7.494855000000000267e+00 2.885613999999999901e+00 -1.587259000000000064e+01 -1.576373000000000069e+01 1.835029999999999939e+00 -1.982698999999999989e+00 -8.130048999999999637e+00 -5.900221000000000160e+00 -1.357326999999999950e+00
-7.725963000000000136e+00 1.378903000000000034e+01 1.898319000000000045e+01 3.884011999999999798e+00 4.294459999999999944e+00 -1.798016000000000147e+01 -1.826061999999999941e+01 2.211244000000000209e+00 -3.945162999999999975e+00 -8.056449999999999889e+00 -3.825858000000000203e+00 6.036660999999999833e-01
-6.451118000000000130e+00 1.437701000000000029e+01 1.820009999999999906e+01 -1.020019999999999927e+00 -3.028135000000000132e-01 -1.891910000000000025e+01 -1.470804000000000045e+01 7.240370999999999668e+00 -3.598526999999999809e+00 -7.925156000000000311e+00 -3.201038000000000050e+00 -1.277894000000000085e+00
-4.855180999999999969e+00 1.500761999999999929e+01 1.521681000000000061e+01 -6.840200000000000280e+00 -5.615246999999999877e-01 -1.575792999999999999e+01 -9.423531000000000546e+00 7.008289000000000435e+00 -8.606439999999999202e+00 -5.583695999999999771e+00 -1.157815000000000039e+00 1.095042999999999989e+00
-4.330712000000000117e+00 1.570443000000000033e+01 1.476824000000000048e+01 -7.717071999999999932e+00 -3.410111000000000114e+00 -1.586744000000000021e+01 -6.653137000000000079e+00 6.420734999999999637e+00 -6.667038999999999938e+00 -4.049794000000000338e+00 -3.495032000000000139e+00 6.471797999999999718e-01
-3.240842999999999918e+00 1.687237999999999971e+01 1.229143999999999970e+01 -9.697784999999999656e+00 -6.133360999999999841e+00 -1.304583000000000048e+01 -2.764594000000000218e+00 6.858907000000000309e+00 -8.427355000000000373e+00 -6.132388999999999868e+00 -4.731277999999999651e+00 1.543933000000000000e+00
-2.601516000000000162e+00 1.739742999999999995e+01 1.127350999999999992e+01 -1.030716999999999928e+01 -5.048531999999999798e+00 -1.339422000000000068e+01 -3.450731999999999911e+00 5.781986999999999988e+00 -7.513957999999999693e+00 -4.000389000000000195e+00 -4.098422000000000232e+00 -3.002708000000000044e-01
-2.605323999999999973e+00 1.916639999999999944e+01 1.271038000000000068e+01 -9.542336999999999847e+00 -7.182522999999999769e+00 -1.561533999999999978e+01 -6.518753000000000242e+00 9.844459000000000515e+00 -3.047368000000000077e+00 -5.433114999999999917e+00 -5.736146999999999885e+00 -3.295126000000000221e+00
-2.513628999999999891e+00 1.855610000000000070e+01 1.174004000000000048e+01 -9.859019999999999229e+00 -6.880358000000000196e+00 -1.182648999999999972e+01 -7.238916999999999824e+00 8.801406000000000063e+00 -5.035609000000000002e+00 -5.091682999999999737e+00 -6.021435000000000315e+00 -3.042869000000000046e+00
-3.903648000000000007e+00 1.885447999999999880e+01 1.426623000000000019e+01 -9.930956000000000117e+00 -6.332543000000000255e+00 -1.410274000000000072e+01 -7.756643000000000399e+00 1.029339000000000048e+01 -6.286824000000000190e+00 -4.837386999999999659e+00 -7.124413999999999803e+00 -1.514345999999999970e+00
-3.935058999999999862e+00 1.842145000000000010e+01 1.414634000000000036e+01 -9.775921999999999557e+00 -4.489162999999999570e+00 -1.342802999999999969e+01 -6.374030999999999558e+00 8.384237000000000606e+00 -9.653470999999999691e+00 -5.236512000000000278e+00 -5.468606000000000300e+00 2.686921999999999922e-01
-3.821788999999999881e+00 1.731117000000000061e+01 1.321327999999999925e+01 -1.042292999999999914e+01 -2.040449000000000179e+00 -1.203448999999999991e+01 -5.876548999999999801e+00 5.588236000000000203e+00 -1.051260000000000083e+01 -6.021228999999999942e+00 -5.421058999999999628e+00 2.242411000000000154e+00
-5.281609999999999694e+00 1.660985000000000156e+01 1.610632000000000019e+01 -8.553015000000000256e+00 -8.041606999999999505e-01 -1.269046999999999947e+01 -7.707110000000000127e+00 2.672255999999999965e+00 -8.307287000000000532e+00 -4.766155999999999615e+00 -5.630671999999999677e+00 4.215718999999999994e+00
-6.040236000000000161e+00 1.537922000000000011e+01 1.784356999999999971e+01 -3.245893999999999835e+00 -1.809868999999999950e+00 -1.533862000000000059e+01 -8.888144999999999740e+00 -1.584004999999999996e-01 -4.770713999999999899e+00 -5.533953999999999596e+00 -4.657612000000000307e+00 -1.157477999999999979e-01
-6.216327999999999854e+00 1.363507000000000069e+01 1.752702000000000027e+01 -1.105186000000000002e+00 -1.104127000000000025e-01 -1.312373999999999974e+01 -1.143671999999999933e+01 -1.384703000000000017e+00 -3.160991000000000106e+00 -7.324014000000000024e+00 -4.876600999999999964e+00 -3.653360999999999970e-01
-7.229414000000000229e+00 1.200600999999999985e+01 2.038637999999999906e+01 3.547072000000000003e+00 1.174352000000000062e+00 -1.703423000000000087e+01 -1.432427000000000028e+01 1.037185000000000024e+00 -5.507039000000000240e-01 -8.890909000000000617e+00 -7.630698999999999899e+00 6.551846999999999532e-01
-7.355692999999999593e+00 1.080497000000000085e+01 2.127318999999999960e+01 6.044565000000000410e+00 2.840151000000000092e+00 -1.736019999999999897e+01 -1.540365000000000073e+01 1.550705000000000000e+00 3.118170000000000108e-01 -6.525084999999999802e+00 -7.329673999999999801e+00 -3.700570000000000248e-01
-8.619751000000000829e+00 1.162889999999999979e+01 2.225115999999999872e+01 8.458133000000000123e+00 3.866204999999999892e+00 -1.931894000000000133e+01 -1.409296999999999933e+01 1.174754000000000076e+00 2.919391000000000069e+00 -5.694009999999999572e+00 -1.125439000000000078e+01 3.860971999999999738e-01
-8.661633000000000138e+00 1.032353999999999949e+01 2.248060999999999865e+01 9.040646999999999878e+00 4.489372000000000362e+00 -1.651238999999999990e+01 -1.295888000000000062e+01 9.077555999999999958e-01 1.821144000000000096e+00 -7.446678999999999604e+00 -9.044748000000000232e+00 2.119669000000000025e+00
-7.951869000000000298e+00 9.540983999999999909e+00 2.025705999999999918e+01 1.023834000000000088e+01 3.787586999999999815e+00 -1.393002000000000073e+01 -1.134670000000000023e+01 2.922451999999999828e+00 1.941234000000000015e-01 -8.456929000000000585e+00 -7.661839999999999762e+00 2.507804000000000144e+00
-8.890076999999999785e+00 1.143005999999999922e+01 2.249812000000000012e+01 9.610345000000000582e+00 4.817408000000000357e+00 -1.389547999999999917e+01 -1.234854999999999947e+01 3.833711999999999787e+00 -1.022834999999999939e+00 -7.123859000000000385e+00 -8.041218999999999895e+00 3.473726999999999787e+00
-9.114395999999999276e+00 1.138241999999999976e+01 2.217752000000000123e+01 1.133722000000000030e+01 4.231665999999999705e+00 -1.433830999999999989e+01 -9.044496999999999787e+00 6.974647999999999959e-01 -2.032217999999999858e+00 -5.314680000000000071e+00 -7.871787999999999563e+00 3.497330999999999968e+00
-9.508143999999999707e+00 1.053040999999999983e+01 2.264179999999999993e+01 1.015606000000000009e+01 4.770940999999999654e+00 -1.351732999999999940e+01 -6.509276999999999980e+00 1.142724999999999991e+00 -4.857882000000000033e+00 -7.234003999999999657e+00 -4.021408000000000094e+00 3.474957999999999991e+00
-9.417400999999999911e+00 1.105094000000000065e+01 2.365165000000000006e+01 1.118260000000000076e+01 4.098290999999999684e+00 -1.428721999999999959e+01 -7.890165999999999791e+00 3.707695000000000185e+00 -5.119045999999999985e+00 -6.337620000000000253e+00 -5.363464999999999705e+00 3.455665000000000209e+00
-1.007957000000000036e+01 1.094739000000000040e+01 2.307062000000000168e+01 1.146950999999999965e+01 5.485285000000000188e+00 -1.253649000000000058e+01 -7.467198999999999920e+00 4.122238000000000291e+00 -7.068622000000000405e+00 -5.396738000000000035e+00 -5.009534000000000376e+00 1.122341999999999951e+00
-9.971377999999999631e+00 1.068837000000000081e+01 2.079004000000000119e+01 8.750422999999999618e+00 7.429889000000000188e+00 -7.456268999999999814e+00 -8.950169999999999959e+00 1.225686000000000053e+00 -5.505704999999999849e+00 -5.058182999999999652e+00 -3.994619999999999838e+00 1.660927000000000042e+00
-1.049648000000000003e+01 1.140598999999999918e+01 1.988258000000000081e+01 8.072822000000000386e+00 6.251371999999999929e+00 -2.808587999999999862e+00 -7.673513999999999946e+00 -1.361075000000000035e+00 -5.536908999999999637e+00 -8.282152999999999210e+00 -6.805976000000000248e+00 2.509034999999999904e+00
-1.215873000000000026e+01 8.147620999999999114e+00 2.123501999999999867e+01 1.049837999999999916e+01 7.584362999999999744e+00 -8.514647000000000077e+00 -8.363958000000000226e+00 3.685904999999999987e+00 -4.829391000000000211e+00 -6.179763000000000339e+00 -5.306206999999999674e+00 2.195612999999999815e+00
-1.348433999999999955e+01 7.280560999999999616e+00 2.061223000000000027e+01 1.039419999999999966e+01 8.153778000000000858e+00 -9.467556000000000083e+00 -7.744583000000000439e+00 3.165821999999999914e+00 -3.665683000000000025e+00 -3.596188000000000162e+00 -5.396950000000000358e+00 3.476601000000000052e+00
-1.363663999999999987e+01 7.805360000000000298e+00 2.031587999999999994e+01 1.297312999999999938e+01 7.094066999999999901e+00 -3.990076999999999874e+00 -4.207076999999999956e+00 -1.838664000000000132e-01 -7.566530000000000200e+00 -6.380764000000000102e+00 -6.863904999999999923e+00 2.603245999999999949e+00
-1.494384999999999941e+01 7.615801000000000265e+00 9.988414999999999822e+00 6.760201000000000349e+00 2.400091000000000196e+00 -4.509712000000000387e+00 -3.927970000000000184e+00 9.219325000000000436e-01 -3.314297999999999966e+00 -4.214080000000000048e+00 -2.680019000000000151e+00 2.764985999999999944e+00
-1.396757000000000026e+01 6.064219999999999722e+00 1.554279999999999973e+01 1.160842000000000063e+01 2.762789000000000161e+00 -6.003201999999999927e+00 -5.033197999999999617e+00 1.296007999999999882e-01 -5.691233999999999682e+00 -6.057097999999999871e+00 -5.008530000000000371e+00 1.701362000000000041e+00
-1.487880000000000003e+01 8.110511999999999944e+00 5.448820999999999692e+00 8.119951999999999614e+00 -8.027162000000000186e-02 -2.574861999999999984e+00 -4.681300000000000239e+00 -3.978814999999999991e+00 -2.645785000000000053e+00 -3.586036000000000001e+00 -1.905189000000000021e+00 -4.579602999999999646e+00
-1.615968000000000160e+01 7.853000999999999898e+00 4.100862000000000229e+00 4.487197000000000102e+00 1.898241000000000067e+00 1.989729000000000081e-01 -3.097970999999999808e+00 -5.734651000000000387e+00 -3.197961999999999971e+00 -3.125154000000000210e+00 5.974412000000000056e-01 -1.308065999999999951e+00
-1.759189999999999898e+01 6.984688000000000230e+00 3.024560999999999833e+00 4.595927999999999791e+00 1.115642000000000023e-02 -1.396312999999999915e+00 -4.586972000000000271e+00 -6.053632000000000346e+00 -6.298695999999999628e+00 -4.614220999999999684e+00 3.627150000000000096e-01 -1.229864000000000068e+00
-1.322321999999999953e+01 9.805013999999999896e+00 2.032575999999999894e+01 5.986271999999999593e+00 5.034925999999999569e+00 -9.148573000000000732e+00 -9.123749999999999361e+00 3.701919000000000182e+00 -6.981792999999999694e+00 -4.020354000000000205e+00 -4.773469000000000406e+00 3.024837000000000220e+00
-1.184177000000000035e+01 1.205315000000000047e+01 2.086728000000000094e+01 7.805335999999999608e+00 6.755733000000000210e+00 -8.190519000000000105e+00 -7.501225999999999949e+00 3.584827999999999903e+00 -4.460369000000000028e+00 -5.851359000000000421e+00 -4.088041999999999732e+00 -6.001461999999999630e-01
-1.071160000000000068e+01 1.321934000000000076e+01 1.991401000000000110e+01 7.503950999999999816e+00 5.850244000000000000e+00 -5.952487999999999779e+00 -6.516599000000000252e+00 1.862597000000000058e+00 -7.048270999999999731e+00 -4.542820999999999998e+00 -2.587267000000000206e+00 -3.333098000000000116e+00
-1.065037000000000056e+01 1.278105000000000047e+01 1.916997999999999891e+01 6.599380000000000024e+00 8.941967999999999250e+00 -4.511181999999999803e+00 -6.436916000000000082e+00 3.212028000000000105e+00 -9.344822000000000628e+00 -7.261751000000000289e+00 -1.925613999999999937e+00 -7.128305000000000335e-01
-1.099398000000000053e+01 1.250975000000000037e+01 2.100332999999999828e+01 9.383787999999999130e+00 7.803137000000000434e+00 -4.879776999999999809e+00 -6.948180999999999941e+00 1.240650000000000031e+00 -5.402595999999999954e+00 -6.357245999999999952e+00 -2.688390000000000057e+00 2.016016000000000030e+00
-1.017190000000000083e+01 1.240970000000000084e+01 2.014974000000000132e+01 1.038469000000000086e+01 5.870840000000000281e+00 -6.052445999999999771e+00 -5.280432000000000237e+00 3.082860999999999851e+00 -3.239679999999999893e+00 -7.056519999999999904e+00 -5.855351999999999890e+00 3.516145999999999994e-01
-9.442467000000000610e+00 1.255086999999999975e+01 2.007476000000000127e+01 1.145339000000000063e+01 4.959573999999999927e+00 -8.911540000000000461e+00 -9.542760999999999605e-01 3.098612999999999840e+00 -7.970825999999999745e+00 -5.242096000000000089e+00 -3.020556000000000019e+00 -1.075719000000000092e+00
-1.015349999999999930e+01 1.275822999999999929e+01 2.084751999999999938e+01 1.105319000000000074e+01 4.894770000000000287e+00 -8.440782000000000451e+00 -1.043434999999999890e+00 2.169763000000000108e+00 -8.518592999999999194e+00 -4.122885000000000133e+00 -2.797884999999999955e+00 -1.337212000000000067e+00
-9.806392000000000664e+00 1.246662000000000070e+01 2.038772000000000162e+01 1.195858999999999916e+01 4.648115999999999914e+00 -9.789479999999999293e+00 -2.674573000000000089e+00 2.836078000000000099e+00 -7.355902999999999636e+00 -3.089624000000000148e+00 -1.667113999999999985e+00 -1.190660999999999969e+00
-9.929180000000000561e+00 1.272564000000000028e+01 2.106934000000000040e+01 1.044546000000000063e+01 5.440324000000000382e+00 -1.094229999999999947e+01 -1.864819000000000004e+00 4.492937999999999654e+00 -9.632103000000000748e+00 -3.334108000000000072e+00 -1.503710000000000102e+00 1.814593999999999929e-01
-9.451351000000000724e+00 1.182097000000000087e+01 2.075682000000000116e+01 1.123096999999999923e+01 4.321587000000000067e+00 -1.112678999999999974e+01 -4.425802999999999821e-01 3.547286000000000161e+00 -9.972295000000000798e+00 -4.654320000000000235e+00 -3.825187999999999811e+00 1.055223999999999940e+00
-9.434535000000000338e+00 1.168557000000000023e+01 2.138094999999999857e+01 1.226741999999999955e+01 4.302246000000000237e+00 -1.325641000000000069e+01 -2.450598999999999972e+00 4.652821999999999569e+00 -9.013787999999999911e+00 -3.429701999999999806e+00 -3.663457999999999881e+00 -1.779396000000000033e-01
-8.618482000000000198e+00 1.139822000000000024e+01 2.080934999999999846e+01 9.555773000000000295e+00 3.931258999999999837e+00 -1.183677999999999919e+01 -3.276289999999999925e+00 5.176318000000000197e+00 -8.675292000000000670e+00 -6.923195999999999906e+00 -4.686409000000000269e+00 1.567536999999999958e+00
-8.834868999999999417e+00 1.090626999999999924e+01 2.216987999999999914e+01 1.142816999999999972e+01 4.325103000000000364e+00 -1.673767000000000138e+01 -6.517459999999999809e+00 5.167653999999999748e+00 -5.717011000000000287e+00 -7.928371000000000279e+00 -6.582634999999999792e+00 2.096270000000000078e+00
-7.826224999999999987e+00 1.120238999999999940e+01 2.176306999999999903e+01 8.924061999999999273e+00 4.142750000000000377e+00 -1.690414000000000172e+01 -7.101948000000000150e+00 4.835283999999999693e+00 -8.152284999999999116e+00 -7.924648999999999610e+00 -7.247637000000000107e+00 5.201140999999999792e+00
-6.912766000000000410e+00 1.195837000000000039e+01 2.091801999999999850e+01 7.050424999999999720e+00 3.378671999999999898e+00 -1.688429000000000002e+01 -1.133592999999999940e+01 3.063696000000000197e+00 -3.383490000000000109e+00 -9.372602000000000544e+00 -8.448389999999999844e+00 5.965915999999999997e+00
-6.274390999999999607e+00 1.189192000000000071e+01 2.067510000000000048e+01 1.832603999999999900e+00 2.820307999999999815e+00 -1.719152000000000058e+01 -1.344774999999999920e+01 5.847095000000000375e+00 1.544038000000000022e+00 -7.943597999999999715e+00 -1.235568999999999917e+01 5.457297999999999760e+00
-5.710577999999999932e+00 1.049831000000000003e+01 1.961809999999999832e+01 2.155901000000000067e+00 -7.499693000000000331e-02 -1.916642999999999830e+01 -1.277626000000000062e+01 7.983082999999999707e+00 2.823065999999999853e+00 -6.022751999999999661e+00 -1.131465999999999994e+01 5.832296000000000369e+00
-5.540195999999999898e+00 1.031226000000000020e+01 1.865674999999999883e+01 1.854927999999999910e+00 -4.410229000000000232e-02 -2.030382000000000176e+01 -1.489195999999999920e+01 1.041652000000000022e+01 5.155568999999999846e+00 -6.488031999999999577e+00 -9.335058999999999330e+00 7.579208999999999641e+00
-4.901505000000000223e+00 1.038396999999999970e+01 1.861274999999999835e+01 1.822680999999999996e+00 -1.360767000000000060e+00 -2.049418000000000006e+01 -1.444702000000000019e+01 6.229608999999999952e+00 6.731035000000000323e+00 -4.732656000000000418e+00 -6.952303999999999817e+00 6.591117999999999810e+00
-5.067760999999999960e+00 1.079569000000000045e+01 1.910622000000000043e+01 8.226094000000000461e-01 -3.134320000000000217e+00 -1.830060999999999893e+01 -1.591663999999999923e+01 2.914312999999999931e+00 8.176258000000000692e+00 -2.174459999999999837e+00 -7.931054999999999744e+00 7.371082000000000356e+00
-4.483324999999999783e+00 1.192327000000000048e+01 1.530302000000000007e+01 -2.977690000000000059e-01 -6.923873999999999862e-01 -1.634554999999999936e+01 -1.637362999999999857e+01 -9.076762999999999915e-01 6.695421999999999763e+00 8.223466999999999583e-02 -7.551340999999999859e+00 7.297395999999999994e+00
-4.732393000000000072e+00 1.391966000000000037e+01 1.404665999999999926e+01 -2.330986999999999920e+00 -1.196498000000000062e+00 -1.634702000000000055e+01 -1.582619000000000042e+01 1.527339000000000002e+00 8.458451000000000164e+00 -3.284533999999999843e+00 -8.700528000000000262e+00 8.871486000000000871e+00
-5.226085999999999565e+00 1.407110999999999912e+01 1.433852000000000082e+01 -5.296889000000000181e+00 -5.240995000000000514e-01 -1.121903000000000006e+01 -1.514564999999999984e+01 8.064168999999999921e-01 5.964160999999999824e+00 5.943815000000000071e-01 -6.921497999999999706e+00 5.296584000000000181e+00
-5.271774999999999878e+00 1.079693999999999932e+01 1.299820000000000064e+01 -1.070870999999999906e+00 -2.142425999999999942e+00 -1.368820999999999977e+01 -1.501858999999999966e+01 4.659123000000000125e+00 7.319503000000000092e+00 -1.776856999999999909e+00 -7.479350000000000165e+00 5.684719000000000300e+00
-6.947667000000000037e+00 6.235476000000000241e+00 1.461377000000000059e+01 -6.876276000000000055e-01 4.512167000000000261e-01 -1.455145000000000088e+01 -1.697061000000000064e+01 5.153738999999999848e+00 1.097207000000000043e+01 -2.308291000000000093e+00 -7.314606000000000385e+00 5.923839000000000077e+00
-8.188561999999999230e+00 4.837098000000000120e+00 1.625942999999999827e+01 8.175404000000000004e-02 1.152751000000000081e+00 -1.201134000000000057e+01 -1.618455000000000155e+01 1.874147999999999925e+00 1.171486999999999945e+01 -1.851977999999999902e+00 -1.022105999999999959e+01 6.842553999999999803e+00
-5.195943999999999896e+00 1.287683000000000000e+01 1.065970000000000084e+01 -1.617831000000000019e+00 -9.965614999999999890e-01 -1.335342999999999947e+01 -1.662862000000000151e+01 -1.817661000000000138e-01 7.874393000000000420e+00 1.715284000000000031e+00 -4.889994999999999870e+00 2.994254999999999889e+00
-9.288266999999999385e+00 1.185833000000000048e+01 1.301975000000000016e+01 8.908243000000000134e-01 2.944828999999999919e-01 -7.770843000000000167e+00 -1.456503999999999976e+01 -9.320920999999999790e-01 4.026796000000000042e+00 -2.093586000000000169e+00 -2.464379000000000097e+00 3.264574000000000087e+00
-8.758404000000000522e+00 7.535061999999999927e+00 1.604479999999999862e+01 -2.869677999999999951e+00 2.912176000000000209e-01 -1.198304000000000080e+01 -1.849752000000000152e+01 1.769921999999999995e+00 8.396720999999999435e+00 -1.098900999999999906e+00 -7.296189000000000036e+00 5.411936999999999998e+00
-1.193251000000000062e+01 7.749946999999999697e+00 8.262382000000000559e+00 1.094534000000000062e-01 -2.502361000000000057e+00 -8.972543999999999187e+00 -1.852421999999999969e+01 -5.093539999999999957e+00 5.478462999999999639e+00 -4.664577999999999780e-01 6.771678999999999893e-02 6.435946999999999640e+00
-1.534361999999999959e+01 6.655215000000000103e+00 2.597541999999999796e+00 2.378735999999999962e+00 -2.476239000000000079e+00 -7.040267000000000053e+00 -1.376993000000000045e+01 -5.647490000000000343e+00 -1.606214999999999948e+00 -3.925267999999999979e+00 4.514488999999999863e-01 4.541045999999999694e+00
-1.531126000000000076e+01 8.036542999999999992e+00 2.160645999999999844e+00 -2.630413999999999808e-01 -4.456509999999999749e+00 -7.461781000000000219e+00 -1.120326999999999984e+01 -6.788467999999999947e+00 -3.188124999999999876e+00 6.722101999999999800e-01 6.395278000000000240e+00 6.245471000000000217e+00
-1.737836000000000070e+01 6.964628000000000263e+00 3.730962999999999918e-01 3.612285000000000079e-01 -3.741160999999999959e+00 -3.582895000000000163e+00 -4.885030000000000427e+00 -3.823131000000000057e+00 9.847617999999999649e-02 1.457095999999999947e+00 6.740503000000000355e+00 7.342347000000000179e+00
-2.013016000000000005e+01 2.734389999999999876e+00 -2.400053000000000214e+00 -1.059403000000000011e-01 -2.594542999999999822e+00 3.589093999999999784e+00 1.719205000000000094e+00 1.718464999999999909e+00 1.667497999999999925e+00 1.679753999999999969e+00 9.588022999999999740e+00 8.157614000000000587e+00
