-1.246535000000000082e+01 1.598218999999999890e-01 -4.738402999999999921e+00 -6.039995000000000225e+00 -5.457639000000000351e+00 2.856770000000000032e+00 2.611098999999999837e+00 4.583204000000000278e+00 1.299952000000000041e+01 -1.754882999999999971e+00 -4.270239000000000118e+00 5.828472999999999793e+00
-1.528783999999999921e+01 1.473281999999999980e+00 -6.675597999999999921e+00 -5.283470999999999584e+00 -4.367229000000000028e+00 3.720272000000000023e+00 4.912613000000000341e+00 9.481153000000000830e+00 1.183606999999999942e+01 2.137990999999999975e+00 -4.576333999999999957e-02 5.519931999999999839e+00
-3.838959000000000010e+00 9.109664000000000428e+00 1.103590000000000071e+00 -4.003235000000000099e+00 -4.206088000000000271e+00 2.402893999999999863e+00 1.330667000000000100e-01 4.171835999999999878e+00 9.865650000000000475e+00 -4.757794999999999774e+00 -9.693917000000000783e+00 2.754827000000000137e+00
-1.373906000000000072e+00 1.102271999999999963e+01 2.119078000000000073e-01 -9.586085999999999885e+00 -4.635040000000000049e+00 6.348949999999999871e-01 1.903032999999999975e+00 1.891059999999999963e+00 9.101160000000000139e+00 -5.411904999999999966e+00 -9.062856000000000023e+00 4.316334000000000337e+00
-9.287269000000000219e-01 1.302074999999999960e+01 4.158229999999999982e-01 -1.212238999999999933e+01 -8.026308999999999472e+00 -1.908760000000000012e+00 5.434597000000000122e+00 3.156280000000000197e+00 1.162471000000000032e+01 -3.099340999999999902e+00 -1.024178999999999995e+01 3.002378000000000213e+00
-1.419977000000000045e+00 1.154156000000000049e+01 2.035518000000000161e+00 -1.142674000000000056e+01 -6.998942000000000441e+00 -3.167247000000000146e+00 3.195641999999999872e+00 1.290545999999999971e+00 1.318244999999999933e+01 -4.523322000000000176e-01 -7.944748999999999839e+00 3.025625999999999927e+00
-1.230517000000000083e+00 1.152097000000000016e+01 1.797617000000000020e+00 -1.076036999999999999e+01 -4.411863999999999564e+00 -4.980146000000000406e+00 2.193909999999999805e+00 3.432647999999999922e+00 1.203739000000000026e+01 -5.729912999999999812e-01 -9.582758999999999361e+00 3.916952000000000211e+00
-1.421272000000000091e+00 1.232694000000000045e+01 2.133897999999999850e+00 -1.254851999999999990e+01 -3.991989999999999927e+00 -4.514558000000000071e+00 2.256467999999999918e+00 2.289197000000000148e+00 1.182704000000000022e+01 2.171635000000000093e-01 -1.014833999999999925e+01 5.862915000000000099e+00
-8.955973000000000406e-01 1.386102999999999952e+01 2.009581999999999979e+00 -1.242398000000000025e+01 -5.569100999999999857e+00 -2.931036999999999892e+00 1.911799000000000026e+00 2.121366999999999781e+00 1.169795000000000051e+01 4.673893000000000075e-01 -9.141389000000000209e+00 5.191011999999999738e+00
-1.183929000000000009e+00 1.315825000000000067e+01 3.021555999999999909e+00 -1.141883999999999943e+01 -6.823679000000000272e+00 -3.725563000000000180e+00 2.037713000000000108e+00 1.421380000000000088e+00 1.215578000000000003e+01 1.422538999999999998e+00 -9.923458000000000112e+00 5.201344999999999885e+00
-1.900357000000000074e+00 1.390642000000000067e+01 2.924964000000000119e+00 -1.277622000000000035e+01 -4.865529000000000437e+00 -4.918979000000000212e+00 1.025619999999999976e+00 1.898409999999999931e+00 1.246645000000000003e+01 -3.349123999999999990e-01 -9.210834000000000188e+00 7.145872999999999919e+00
-3.036083000000000087e+00 1.440387999999999913e+01 5.761890000000000178e+00 -1.448861999999999917e+01 -5.204705999999999833e+00 -4.608585999999999849e+00 -1.218115999999999977e+00 2.755691999999999808e+00 1.261627999999999972e+01 -1.053805000000000103e+00 -7.684216000000000157e+00 6.874355999999999689e+00
-3.274977999999999945e+00 1.344220999999999933e+01 5.650541999999999732e+00 -1.205129999999999946e+01 -3.424087999999999798e+00 -5.837466000000000044e+00 -4.611016000000000226e+00 2.404106000000000076e+00 1.378641999999999967e+01 -1.246332999999999913e+00 -5.892168999999999990e+00 4.530160000000000409e+00
-4.647528999999999577e+00 1.324268999999999963e+01 9.600058999999999898e+00 -1.089188000000000045e+01 -3.052128000000000174e+00 -9.801963000000000648e+00 -5.811979000000000006e+00 5.818533000000000399e+00 1.291892999999999958e+01 -2.047825000000000006e+00 -7.457937000000000261e+00 3.354833000000000176e+00
-5.138779999999999681e+00 1.292441999999999958e+01 1.163607999999999976e+01 -9.282640000000000668e+00 -3.609185999999999783e+00 -1.175769000000000020e+01 -5.768945000000000434e+00 4.605254999999999654e+00 1.209993000000000052e+01 -3.121408000000000182e+00 -4.833953000000000166e+00 1.850872999999999990e+00
-5.683607000000000298e+00 1.243698999999999977e+01 1.340469000000000044e+01 -7.065578000000000358e+00 -9.431764000000000259e-01 -1.309426999999999985e+01 -1.172833999999999932e+01 3.013195000000000068e+00 1.177152000000000065e+01 -4.096157000000000270e-01 -6.643943000000000154e+00 8.979827999999999699e-01
-6.316951999999999678e+00 1.316668999999999912e+01 1.536245000000000083e+01 -7.119946999999999804e+00 3.095682000000000045e+00 -9.542001000000000843e+00 -1.733946999999999861e+01 6.280457000000000400e-01 1.157689000000000057e+01 -4.090120999999999896e+00 -7.132152999999999743e+00 4.962118000000000251e+00
-6.745567000000000313e+00 1.155291000000000068e+01 1.730456999999999823e+01 -8.182129999999999681e-01 3.259596000000000160e+00 -1.222296000000000049e+01 -1.545555000000000057e+01 6.236355000000000093e-01 8.501875000000000071e+00 -4.149843999999999866e+00 -9.157235000000000014e+00 3.245766999999999847e+00
-6.515989000000000253e+00 1.188859000000000066e+01 1.718427000000000149e+01 1.292434000000000083e+00 4.350259000000000320e+00 -1.295892000000000088e+01 -1.467455999999999960e+01 3.231497000000000064e+00 4.697817999999999827e+00 -6.251254999999999562e+00 -1.075259999999999927e+01 1.276699000000000028e+00
-6.571636999999999951e+00 1.246311999999999998e+01 1.734213000000000093e+01 4.917987000000000108e+00 5.614168000000000269e+00 -1.066807000000000016e+01 -1.367163000000000039e+01 7.329090000000000327e-01 -1.332511000000000112e-01 -7.328481000000000023e+00 -8.726585000000000036e+00 1.136061999999999905e+00
-7.044509999999999827e+00 1.257659999999999911e+01 1.847305000000000064e+01 5.761408999999999558e+00 3.354667000000000066e+00 -9.088124999999999787e+00 -1.185304999999999964e+01 -4.223022000000000165e-01 7.305625000000000036e-01 -7.901813999999999893e+00 -9.831640999999999408e+00 2.815818000000000154e+00
-7.660773999999999972e+00 1.233380000000000010e+01 1.807864000000000004e+01 6.571373000000000353e+00 4.538382999999999612e+00 -9.060795000000000599e+00 -1.089195999999999920e+01 8.245417999999999914e-01 1.374325999999999937e+00 -7.492464000000000013e+00 -7.088109000000000215e+00 2.331624000000000141e+00
-8.249342000000000397e+00 1.182762999999999920e+01 1.929766000000000048e+01 5.766055999999999848e+00 4.806950999999999752e+00 -9.284316999999999709e+00 -9.155070999999999515e+00 3.186906000000000017e+00 3.225668999999999897e-01 -7.486591999999999913e+00 -6.736691000000000429e+00 1.882587999999999928e+00
-8.558896999999999977e+00 1.175083000000000055e+01 1.909777000000000058e+01 7.180589000000000333e+00 4.709610999999999770e+00 -7.687456000000000067e+00 -9.939641999999999200e+00 2.467073000000000071e+00 -6.827073999999999643e-01 -6.484271999999999814e+00 -5.462218000000000018e+00 -5.777778000000000080e-02
-8.583227000000000828e+00 1.197568000000000055e+01 1.984590999999999994e+01 7.524928000000000061e+00 3.781601999999999908e+00 -7.625638000000000361e+00 -9.447143999999999764e+00 1.423340999999999967e+00 5.342565000000000230e-01 -6.735712999999999617e+00 -6.512044000000000388e+00 8.655500000000000416e-01
-9.165067000000000519e+00 1.214775000000000027e+01 2.005563000000000073e+01 7.686177999999999955e+00 3.426537000000000166e+00 -7.766193000000000346e+00 -6.800562000000000218e+00 1.311126999999999931e+00 -7.974346000000000212e-02 -7.698353000000000002e+00 -5.487618000000000329e+00 1.723008000000000095e+00
-9.414315000000000211e+00 1.192158000000000051e+01 2.007441999999999993e+01 8.173178999999999306e+00 6.197199999999999598e+00 -7.782460999999999629e+00 -6.945204000000000377e+00 -2.316862000000000088e-01 -9.917139000000000371e-01 -4.640983000000000303e+00 -5.505328999999999695e+00 2.148220999999999936e+00
-9.530269000000000545e+00 1.278930000000000078e+01 2.026625999999999905e+01 8.163420000000000343e+00 4.674558000000000213e+00 -6.857465999999999617e+00 -9.183362000000000691e+00 -1.109548999999999896e+00 1.116821000000000064e+00 -5.011058000000000234e+00 -7.022160000000000402e+00 3.080159000000000091e+00
-9.702645999999999660e+00 1.313739999999999952e+01 1.921985000000000099e+01 8.120666999999999192e+00 5.107545000000000002e+00 -7.213083000000000133e+00 -7.301029999999999909e+00 -6.312093000000000564e-02 9.081409000000000287e-01 -5.325054999999999872e+00 -6.298583999999999961e+00 1.639772999999999925e+00
-9.710929000000000144e+00 1.277743000000000073e+01 1.883170000000000144e+01 9.899986000000000175e+00 5.952588999999999686e+00 -6.468337000000000003e+00 -8.224265000000000825e+00 -7.339518999999999904e-01 7.553098000000000312e-01 -4.616284000000000276e+00 -4.572485999999999606e+00 6.135507000000000044e-01
-9.544245999999999341e+00 1.311548999999999943e+01 1.906243999999999872e+01 8.584433999999999898e+00 5.111580000000000013e+00 -5.703744000000000369e+00 -6.740793000000000035e+00 -2.697198000000000206e+00 -2.044831000000000010e-01 -3.964401000000000064e+00 -2.799316000000000138e+00 1.392222999999999988e+00
-9.547610000000000596e+00 1.341080000000000005e+01 1.850658999999999921e+01 8.314444999999999197e+00 5.237921000000000049e+00 -6.636222000000000065e+00 -5.914384000000000086e+00 -8.052491000000000509e-01 1.650539000000000034e-01 -4.478619000000000128e+00 -5.010360999999999621e+00 -9.162401999999999491e-01
-9.370573999999999515e+00 1.330498000000000047e+01 1.890548000000000073e+01 8.922731999999999886e+00 5.736977999999999689e+00 -5.129485999999999990e+00 -6.785021999999999665e+00 -2.156711000000000045e+00 -1.912044999999999995e+00 -4.495827000000000240e+00 -3.196642000000000206e+00 -1.649780000000000135e-01
-9.365655999999999537e+00 1.342240999999999929e+01 1.836527999999999849e+01 8.623468000000000799e+00 5.511027999999999594e+00 -6.038212999999999830e+00 -5.898047000000000040e+00 -2.072674000000000127e+00 -1.268615999999999966e+00 -4.190940000000000332e+00 -3.872913000000000050e+00 -1.984152000000000138e-01
-9.010806000000000537e+00 1.381378999999999913e+01 1.867473000000000027e+01 8.985466000000000619e+00 2.296282000000000156e+00 -4.634290000000000020e+00 -4.665206999999999660e+00 -1.823990999999999918e+00 -2.610653999999999808e+00 -6.672549000000000063e+00 -3.606319000000000052e+00 2.166733999999999938e+00
-8.761558000000000845e+00 1.305452999999999975e+01 1.842520999999999987e+01 1.074851999999999919e+01 3.011706999999999912e+00 -8.478078000000000003e+00 -5.076020999999999894e+00 -2.804266999999999843e+00 -4.236616999999999855e+00 -5.411297000000000246e+00 -7.961390999999999885e-01 2.356307000000000151e+00
-8.235623999999999612e+00 1.318990999999999936e+01 1.903605999999999909e+01 1.118904999999999994e+01 1.717284999999999950e+00 -1.027959000000000067e+01 -7.379127999999999687e+00 -2.128535999999999984e+00 -1.454555000000000042e+00 -4.300262000000000029e+00 -5.825986999999999583e+00 1.357637999999999900e+00
-7.202911000000000286e+00 1.249926999999999921e+01 1.794359000000000037e+01 8.269835000000000491e+00 2.719852000000000034e-02 -1.006290000000000084e+01 -9.941634000000000526e+00 2.166778000000000037e-01 4.325919999999999765e-01 -8.591554000000000357e+00 -5.854416999999999760e+00 3.101756999999999986e-01
-6.359399999999999942e+00 1.218970999999999982e+01 1.778662999999999883e+01 6.615520000000000067e+00 9.049480000000000024e-02 -1.334511999999999965e+01 -1.560815999999999981e+01 3.374666000000000055e-01 3.937675000000000036e+00 -7.822859000000000229e+00 -8.754549000000000802e+00 -1.262667999999999902e+00
-5.589653000000000205e+00 1.256392999999999915e+01 1.686230000000000118e+01 1.526639999999999997e+00 1.578258999999999912e-01 -1.479426999999999914e+01 -1.337477999999999945e+01 -1.564283000000000090e+00 1.501740999999999993e+00 -6.845438999999999830e+00 -7.113743000000000372e+00 1.228050000000000086e+00
-4.507503999999999955e+00 1.323900000000000077e+01 1.426595999999999975e+01 -2.367971999999999966e+00 -2.039892000000000039e+00 -1.473928000000000083e+01 -1.044927000000000028e+01 -3.563951000000000202e-01 -7.218347999999999987e-01 -5.909724999999999895e+00 -3.912062999999999846e+00 1.674072000000000005e+00
-3.965523999999999827e+00 1.433553000000000033e+01 1.280232999999999954e+01 -8.068854999999999222e+00 -2.115292999999999868e+00 -1.190118000000000009e+01 -8.782111000000000445e+00 8.955940000000000012e-01 -4.628893999999999842e+00 -4.893638000000000154e+00 -2.831707999999999892e+00 5.305387999999999771e+00
-3.068436000000000163e+00 1.399455999999999989e+01 1.123987999999999943e+01 -9.475488999999999606e+00 -3.597081000000000195e+00 -1.184455999999999953e+01 -6.011210000000000164e+00 5.087430000000000341e+00 -7.353768999999999778e+00 -5.977545000000000108e+00 -4.005510000000000126e+00 7.197822999999999638e+00
-2.543537999999999855e+00 1.541253000000000029e+01 9.680104000000000042e+00 -1.108055000000000057e+01 -5.935261999999999816e+00 -1.011040000000000028e+01 -3.561469000000000218e+00 4.758630000000000138e+00 -5.668613999999999820e+00 -7.934408000000000349e+00 -3.991295000000000037e+00 6.697986000000000217e+00
-2.433279000000000192e+00 1.593268999999999913e+01 8.907372000000000511e+00 -1.130128000000000021e+01 -6.257038999999999795e+00 -1.072175000000000011e+01 -2.683657999999999877e+00 8.982317000000000107e+00 -7.153785000000000061e+00 -7.562105999999999995e+00 -5.357118999999999964e+00 4.367995999999999768e+00
-2.464338000000000140e+00 1.709203000000000117e+01 1.049845000000000006e+01 -1.190305999999999997e+01 -8.108769999999999811e+00 -1.032480999999999938e+01 -3.376980999999999788e+00 9.240309999999999135e+00 -6.265223999999999904e+00 -7.497727000000000253e+00 -5.116158999999999679e+00 3.749191999999999858e+00
-2.383325000000000138e+00 1.745463000000000164e+01 9.529851000000000738e+00 -1.225483000000000011e+01 -6.269648000000000110e+00 -9.993273999999999546e+00 -3.659091999999999789e+00 6.609663000000000288e+00 -6.442802000000000362e+00 -4.644423999999999886e+00 -5.225452999999999903e+00 7.441427000000000458e-01
-2.683562999999999921e+00 1.737466999999999828e+01 1.170316000000000045e+01 -1.100294000000000061e+01 -7.291466999999999921e+00 -1.124135000000000062e+01 -4.684731000000000201e+00 8.801256000000000412e+00 -7.593885000000000218e+00 -5.699583999999999762e+00 -3.057519999999999794e+00 9.290518999999999861e-02
-2.754481000000000179e+00 1.724245000000000161e+01 1.100062999999999924e+01 -1.125852000000000075e+01 -6.254768999999999579e+00 -1.030561999999999934e+01 -3.263021000000000171e+00 5.818287999999999904e+00 -8.129630000000000578e+00 -5.400364999999999860e+00 -5.096351000000000298e+00 2.919718000000000035e+00
-2.800552000000000152e+00 1.681148999999999916e+01 1.099482000000000070e+01 -1.135518000000000072e+01 -5.402413000000000132e+00 -7.927571000000000367e+00 -3.221581000000000028e+00 5.184942999999999635e+00 -7.575826000000000171e+00 -1.075289000000000073e+01 -4.478572999999999915e+00 7.900148999999999866e+00
-3.198366000000000042e+00 1.607360999999999862e+01 1.092460999999999949e+01 -8.416448000000000818e+00 -3.003709999999999880e+00 -7.842652000000000179e+00 -5.592825000000000379e+00 1.525754000000000055e+00 -7.545059000000000182e+00 -7.659281000000000006e+00 -2.844059000000000115e+00 7.545253999999999905e+00
-4.157831999999999972e+00 1.583821000000000012e+01 1.388809000000000005e+01 -6.495396999999999643e+00 -3.219320999999999877e+00 -8.546727999999999881e+00 -7.556046000000000262e+00 1.542168999999999901e+00 -7.407276999999999667e+00 -7.877924000000000149e+00 -7.970711999999999797e-01 6.073728000000000016e+00
-5.458947000000000216e+00 1.535552999999999990e+01 1.755408999999999864e+01 -4.624997999999999720e+00 -3.022623999999999977e+00 -1.193370999999999960e+01 -8.547019000000000588e+00 -9.789596000000000409e-01 -1.523446000000000078e+00 -6.266236000000000139e+00 -3.310363999999999862e+00 2.872072999999999876e+00
-5.880573000000000050e+00 1.436298000000000030e+01 1.826959000000000088e+01 2.417572000000000054e-01 -1.160805000000000087e+00 -1.331387999999999927e+01 -1.176459999999999972e+01 -1.524102000000000068e+00 -1.261257999999999990e+00 -4.876631999999999856e+00 -4.497215999999999880e+00 1.528985999999999956e+00
-6.687590000000000146e+00 1.369345000000000034e+01 1.862643999999999878e+01 4.513237000000000165e+00 9.088074000000000430e-01 -1.229551000000000016e+01 -1.453389999999999915e+01 -3.492738000000000120e+00 -2.456171000000000049e-01 -5.992322999999999844e+00 -5.419106000000000201e+00 2.362477999999999856e+00
-6.508741999999999805e+00 1.173210000000000086e+01 1.931375999999999848e+01 5.971452000000000204e+00 5.809779999999999944e-01 -1.093615999999999921e+01 -1.296993999999999936e+01 -3.681884000000000157e+00 2.750808999999999838e+00 -9.500343000000000870e+00 -7.408534000000000397e+00 1.316163999999999890e+00
-6.630907999999999802e+00 1.107734999999999914e+01 2.020901999999999887e+01 8.407384999999999664e+00 -4.902676000000000256e-01 -1.166464000000000034e+01 -1.422190999999999939e+01 -1.313395000000000090e+00 5.789373000000000324e+00 -9.619180999999999315e+00 -1.055265999999999948e+01 7.402678999999999787e-01
-7.302042000000000144e+00 1.199784999999999968e+01 2.206169999999999831e+01 7.436172000000000004e+00 -5.631464999999999943e-01 -1.092867999999999995e+01 -1.261012999999999984e+01 -6.153682000000000318e-01 2.061898999999999926e+00 -8.370886000000000493e+00 -9.609325000000000117e+00 3.594491000000000103e+00
-7.473901999999999823e+00 1.133070000000000022e+01 2.092585000000000051e+01 8.735459000000000529e+00 1.416185999999999945e+00 -9.409254000000000673e+00 -1.151556000000000068e+01 -5.881722999999999812e-01 -1.947827999999999893e+00 -7.506433000000000355e+00 -7.372412999999999883e+00 3.122206999999999955e+00
-7.465101999999999904e+00 1.098629999999999995e+01 2.074295000000000044e+01 8.938067000000000206e+00 1.520083000000000073e+00 -9.758364999999999512e+00 -1.147053000000000011e+01 4.494350999999999763e-01 6.573240000000000194e-01 -8.046967999999999677e+00 -9.513780999999999821e+00 3.430461000000000205e+00
-7.655597000000000207e+00 1.095146000000000086e+01 2.203530999999999906e+01 9.015205999999999165e+00 1.314054999999999973e+00 -9.883627999999999858e+00 -1.047955999999999932e+01 2.916501000000000232e-01 -8.218271999999999800e-01 -8.108513000000000304e+00 -5.212869000000000419e+00 2.284266000000000130e+00
-8.071787999999999741e+00 1.224619000000000035e+01 2.263006000000000029e+01 8.085350999999999289e+00 1.381562000000000068e-01 -8.447167999999999566e+00 -9.025572000000000372e+00 -3.299343000000000137e-01 -3.533010999999999791e-01 -8.433847000000000094e+00 -5.149949999999999584e+00 2.581182999999999783e+00
-8.353130999999999418e+00 1.217202999999999946e+01 2.155950999999999951e+01 8.376250000000000639e+00 7.547276000000000540e-01 -8.190785999999999234e+00 -6.635997999999999841e+00 -2.167407000000000084e-01 -2.229411999999999949e+00 -8.298814000000000135e+00 -5.886575999999999809e+00 3.934460000000000068e+00
-8.841535000000000366e+00 1.243884000000000079e+01 2.134084000000000003e+01 9.151827000000000822e+00 2.877044999999999852e+00 -7.554058999999999635e+00 -8.658986999999999767e+00 6.483813000000000493e-01 -1.558559999999999945e+00 -8.761813000000000073e+00 -4.472280999999999729e+00 1.297938000000000036e+00
-9.172314000000000078e+00 1.271911000000000058e+01 2.012808000000000064e+01 7.816756999999999955e+00 4.658419000000000310e+00 -3.153582000000000107e+00 -8.637071999999999861e+00 -1.802345999999999948e-01 -2.576563000000000048e-01 -9.479490999999999445e+00 -8.083638999999999797e+00 2.575155999999999779e+00
-9.427773999999999432e+00 1.202134000000000036e+01 1.958787999999999840e+01 7.765640000000000320e+00 5.646194000000000379e+00 -2.601122999999999852e+00 -8.703613999999999962e+00 -1.214166999999999996e+00 3.971431999999999740e-01 -9.449934000000000722e+00 -1.066497999999999990e+01 3.642135000000000122e+00
-9.996931000000000012e+00 7.094742000000000104e+00 2.000554999999999950e+01 1.338845000000000063e+01 8.273369000000000639e+00 -7.322728999999999822e+00 -1.037993999999999950e+01 3.676921000000000106e+00 2.777543000000000095e-01 -8.073691999999999425e+00 -8.342541999999999902e+00 -9.129395000000000149e-01
-9.540879999999999583e+00 1.180282000000000053e+01 1.831878000000000029e+01 8.891132000000000701e+00 6.298070000000000057e+00 -6.668107000000000006e+00 -7.993555999999999884e+00 1.595091000000000037e+00 -1.840833000000000053e-01 -7.251145000000000174e+00 -7.921446000000000431e+00 7.837507000000000223e-01
-1.083344999999999914e+01 1.210579000000000072e+01 1.734750000000000014e+01 8.194089999999999208e+00 5.504723000000000255e+00 -5.140547999999999895e+00 -8.658189999999999387e+00 -3.600702000000000069e-01 -2.404649000000000036e+00 -7.180693999999999910e+00 -7.969217999999999691e+00 1.179688000000000070e+00
-1.128354999999999997e+01 4.911448000000000036e+00 1.915410999999999930e+01 1.595496999999999943e+01 4.376990000000000158e+00 -5.653639000000000081e+00 -1.019266999999999967e+01 3.685824999999999796e-01 -2.521363000000000021e+00 -1.043687000000000076e+01 -8.873165000000000191e+00 2.343678000000000150e+00
-1.338081000000000031e+01 8.128726000000000340e+00 9.785638999999999754e+00 1.287542999999999971e+01 3.420233000000000079e+00 -1.613007999999999997e+00 -5.721926999999999985e+00 -2.324211999999999945e-01 1.026191999999999993e+00 -8.529806999999999917e+00 -5.959050000000000402e+00 -6.483115000000000405e-01
-1.620097000000000165e+01 6.418614999999999959e+00 4.320621000000000045e+00 9.072364000000000317e+00 2.709347000000000172e+00 -2.582147000000000192e-01 -1.417346999999999912e+00 -1.908763999999999905e+00 -2.717000000000000082e+00 -4.905581999999999887e+00 -3.248142999999999780e+00 -6.209016000000000535e-01
-1.754247000000000156e+01 5.924056000000000211e+00 3.236651000000000167e+00 6.931976999999999833e+00 2.186005000000000031e-01 -2.164817000000000213e+00 -5.248953000000000202e+00 -4.678575000000000372e+00 -5.180691000000000379e+00 -4.034246000000000443e+00 -9.925882999999999790e-01 1.462542000000000009e+00
-1.785745999999999967e+01 5.320503000000000426e+00 4.069303999999999810e+00 5.591331000000000273e+00 2.039819000000000049e+00 -1.356951000000000018e+00 -7.454437999999999676e+00 -6.141026000000000096e+00 -6.937078999999999773e+00 -7.794921000000000433e+00 -5.126413000000000331e+00 -2.764833999999999903e-01
-1.444795000000000051e+01 8.744946000000000552e+00 9.666242000000000445e+00 1.035445999999999955e+01 3.549347000000000030e+00 -1.806272000000000100e+00 -6.413257999999999903e+00 -2.273824999999999985e+00 -4.928201999999999749e+00 -6.905363999999999614e+00 -1.317906000000000022e+00 2.450231999999999966e-01
-1.100272999999999968e+01 6.329943000000000097e+00 2.091870000000000118e+01 1.596472999999999942e+01 6.644561000000000384e+00 -9.712488999999999706e+00 -1.433666999999999980e+01 2.187273999999999941e+00 -2.843077000000000076e+00 -9.787212000000000245e+00 -8.382158000000000442e+00 3.793391999999999875e+00
-1.176755999999999958e+01 6.938509999999999955e+00 2.170215999999999923e+01 1.419424000000000063e+01 8.417360999999999649e+00 -8.668412000000000006e+00 -8.200756000000000157e+00 5.226104000000000305e+00 2.861149000000000053e-01 -6.049008999999999858e+00 -9.065419000000000338e+00 7.869078999999999935e-01
-1.050292999999999921e+01 9.485993999999999815e+00 1.957267999999999830e+01 1.088189000000000028e+01 7.352672000000000097e+00 -6.218786999999999843e+00 -7.490698000000000079e+00 1.450781000000000098e+00 -2.935043999999999986e+00 -6.194365999999999595e+00 -7.779526999999999859e+00 2.272784999999999833e+00
-9.949823999999999558e+00 1.267001999999999917e+01 2.001181000000000054e+01 1.028011000000000053e+01 6.167946999999999846e+00 -3.549869000000000163e+00 -6.201276000000000010e+00 -1.303595000000000059e+00 -4.997761999999999816e+00 -6.844832000000000249e+00 -6.823380000000000223e+00 5.882863000000000397e+00
-9.211914000000000158e+00 1.358629999999999960e+01 2.020276000000000138e+01 8.864181000000000310e+00 4.499043000000000347e+00 -4.460223000000000049e+00 -7.319757000000000069e+00 -4.137269000000000085e-01 -2.532398999999999845e+00 -7.737627999999999950e+00 -5.847425999999999569e+00 4.039220000000000255e+00
-9.440974000000000643e+00 1.354381000000000057e+01 2.031321000000000154e+01 9.237330000000000041e+00 6.484681000000000139e+00 -5.447035999999999767e+00 -7.716226999999999947e+00 -4.443527999999999922e-01 -4.306845000000000034e+00 -6.051033000000000328e+00 -5.256446999999999647e+00 3.033088999999999924e+00
-9.205702000000000496e+00 1.381220000000000070e+01 2.020410000000000039e+01 1.056032000000000082e+01 5.968727999999999589e+00 -6.222691000000000194e+00 -6.087715000000000209e+00 3.921032999999999880e-01 -3.923931000000000058e+00 -6.029978999999999978e+00 -6.860898999999999859e+00 2.544302000000000064e+00
-8.704874999999999474e+00 1.366521000000000008e+01 1.957669999999999888e+01 9.623027999999999693e+00 5.279277000000000442e+00 -6.348930000000000184e+00 -4.731749999999999901e+00 2.138762999999999970e+00 -5.778304999999999580e+00 -6.022285000000000110e+00 -7.050824000000000424e+00 2.265610000000000124e+00
-8.967064999999999841e+00 1.339575999999999922e+01 2.048582000000000036e+01 1.112491999999999948e+01 4.289989000000000274e+00 -6.150135999999999825e+00 -5.409532999999999703e+00 1.247999000000000053e-01 -5.731485000000000163e+00 -7.784190999999999860e+00 -4.919243999999999950e+00 3.220365999999999840e+00
-8.810734999999999317e+00 1.272122000000000064e+01 2.129209000000000174e+01 9.866063999999999723e+00 4.458948000000000356e+00 -7.026977999999999724e+00 -6.114012999999999920e+00 -2.120856000000000130e-01 -4.975690000000000168e+00 -6.983305999999999791e+00 -5.766796000000000255e+00 2.587210999999999927e+00
-8.932382999999999740e+00 1.294500999999999991e+01 2.124201000000000050e+01 8.326992999999999867e+00 4.624880000000000102e+00 -7.488336999999999577e+00 -6.016788000000000025e+00 4.357147000000000103e-01 -6.187304000000000137e+00 -7.205999000000000265e+00 -5.840900999999999677e+00 3.116610000000000102e+00
-8.182047999999999988e+00 1.291783000000000037e+01 1.937859999999999872e+01 9.118833999999999662e+00 4.304363000000000383e+00 -8.660930000000000462e+00 -6.195299000000000333e+00 -1.949351000000000000e-01 -5.920434000000000196e+00 -5.896363000000000021e+00 -6.175540999999999947e+00 1.933821000000000012e+00
-8.294378000000000029e+00 1.253726999999999947e+01 2.131936999999999927e+01 9.631391999999999953e+00 2.211298999999999904e+00 -1.137213999999999992e+01 -7.527356000000000158e+00 2.071140999999999899e+00 -3.728628000000000053e+00 -8.964261000000000479e+00 -8.516152999999999196e+00 3.430461000000000205e+00
-7.863175000000000026e+00 1.148481999999999914e+01 2.101529000000000025e+01 9.103498000000000090e+00 2.182297999999999849e+00 -1.288993999999999929e+01 -9.033540999999999599e+00 7.537346000000000323e-01 -3.085533999999999999e+00 -8.844210000000000349e+00 -6.003560000000000230e+00 5.194744000000000028e+00
-7.714349999999999596e+00 1.113355999999999923e+01 2.022645999999999944e+01 5.876654000000000266e+00 4.845282000000000089e+00 -1.592229000000000028e+01 -1.236827000000000076e+01 2.829194999999999904e+00 6.616714999999999680e-01 -5.181518999999999764e+00 -9.992668999999999357e+00 2.601704999999999934e+00
-6.855309000000000097e+00 1.257579999999999920e+01 1.932270000000000110e+01 5.187974999999999781e+00 -4.595020000000000215e-01 -1.760179000000000116e+01 -1.141912999999999911e+01 1.232234000000000052e+00 7.396607999999999628e+00 -3.364142999999999883e+00 -1.244233999999999973e+01 2.615194999999999936e+00
-6.145869000000000248e+00 1.195271999999999935e+01 1.685068000000000055e+01 3.385886000000000173e+00 1.002113000000000032e+00 -1.752663000000000082e+01 -1.424222999999999928e+01 2.922051999999999872e+00 9.080425999999999220e+00 -3.479133000000000031e+00 -1.135942999999999969e+01 4.304996000000000045e+00
-6.207211000000000034e+00 1.281067999999999962e+01 1.901951000000000036e+01 9.852697999999999734e-01 -2.553828000000000209e+00 -1.463972000000000051e+01 -1.396529999999999916e+01 2.889551000000000203e-01 9.089121000000000450e+00 -2.844459000000000071e+00 -9.404486999999999597e+00 5.252003000000000199e+00
-6.644884000000000235e+00 1.307380000000000031e+01 1.927306000000000097e+01 -2.907836999999999783e-01 -1.320179999999999909e+00 -1.474384000000000050e+01 -1.787500000000000000e+01 -7.898136000000000045e-01 1.119063000000000052e+01 3.238536000000000192e-01 -8.202486999999999639e+00 4.199949000000000154e+00
-6.115586000000000411e+00 1.199151999999999951e+01 1.949397000000000091e+01 -5.714597000000000149e-01 -1.601609000000000060e+00 -1.597368999999999950e+01 -1.782957999999999998e+01 1.139621999999999913e+00 1.090034999999999954e+01 -3.079501000000000044e+00 -7.126559999999999562e+00 7.593615999999999921e+00
-5.925091000000000108e+00 1.288141000000000069e+01 1.887640999999999991e+01 -8.628238000000000296e-01 -1.703740999999999950e+00 -1.541569999999999929e+01 -1.713944000000000045e+01 -7.704579999999999762e-01 1.090536999999999956e+01 -2.777042999999999928e+00 -4.714870999999999590e+00 4.894237999999999644e+00
-6.126197999999999588e+00 1.343772000000000055e+01 1.763234999999999886e+01 -9.520452999999999832e-01 -1.899682000000000093e+00 -1.627854999999999919e+01 -1.440639999999999965e+01 -2.593805000000000138e+00 9.722851999999999606e+00 -1.130128000000000021e+00 -6.641147000000000133e+00 7.903880000000000017e+00
-5.502946999999999811e+00 1.245809999999999995e+01 1.749327999999999861e+01 -5.301017999999999564e-01 -3.617507999999999946e+00 -1.521885999999999939e+01 -1.388241999999999976e+01 -5.690617999999999510e-01 1.076825999999999972e+01 -4.264833999999999570e+00 -6.407877000000000045e+00 8.141958999999999946e+00
-5.848995999999999640e+00 1.255336999999999925e+01 1.645715999999999823e+01 -3.145871999999999780e+00 -6.546866000000000074e-01 -1.347006000000000014e+01 -1.580100999999999978e+01 2.572181000000000051e+00 9.829197999999999880e+00 -3.592706000000000177e+00 -6.173910000000000231e+00 4.101072000000000273e+00
-5.696806999999999732e+00 1.114728000000000030e+01 1.512275999999999954e+01 -2.087295999999999818e+00 -9.883161000000000307e-01 -1.303212000000000081e+01 -1.531049999999999933e+01 5.535634000000000388e-01 1.044252999999999965e+01 -1.583409999999999984e+00 -6.719212999999999880e+00 5.306392999999999915e+00
-6.606577999999999840e+00 8.313459999999999184e+00 1.552433000000000085e+01 -1.553360999999999992e+00 1.327167999999999903e+00 -1.053271999999999942e+01 -1.757656000000000063e+01 1.089639999999999942e+00 1.308145999999999987e+01 -7.533725000000000005e-01 -8.742198999999999387e+00 4.682134999999999714e+00
-5.618382999999999683e+00 1.333479999999999954e+01 1.481509999999999927e+01 -4.469214000000000242e-01 1.573216000000000059e-01 -1.050733999999999924e+01 -1.767257999999999996e+01 -2.368888000000000105e+00 1.011613000000000007e+01 3.266878999999999755e-01 -8.463020999999999461e+00 3.165258999999999823e+00
-7.370112999999999914e+00 1.112274000000000029e+01 1.550286999999999971e+01 -1.736804999999999877e-01 1.612632000000000065e+00 -8.918613000000000568e+00 -1.924211999999999989e+01 -8.285247999999999502e-01 1.224440000000000062e+01 -5.661079999999999446e-01 -7.966421999999999670e+00 2.840932000000000013e+00
-8.429225999999999885e+00 8.976392000000000593e+00 1.413047000000000075e+01 8.254146999999999457e-01 7.716233999999999593e-01 -8.304010999999999143e+00 -2.067818000000000112e+01 -4.049066000000000054e-01 1.242064000000000057e+01 7.241314000000000084e-02 -8.422240000000000393e+00 3.421419999999999906e+00
-9.666928000000000409e+00 1.372959999999999958e+01 1.255593000000000004e+01 2.282699000000000034e+00 1.980304999999999982e+00 -7.232929999999999637e+00 -1.376526999999999923e+01 -4.313269000000000020e+00 5.840853999999999768e-01 -9.414466999999999697e-01 -1.984622000000000108e+00 4.912894999999999790e+00
-1.173338999999999999e+01 1.028880000000000017e+01 8.482996999999999233e+00 5.733991999999999756e+00 -7.959053999999999851e-01 -8.242843999999999838e+00 -1.440361000000000047e+01 -6.551167999999999658e+00 1.424488999999999894e+00 2.514342000000000077e+00 2.829434000000000005e+00 2.710913999999999824e+00
-1.296617999999999959e+01 9.820099000000000800e+00 1.047117000000000075e+01 7.202429999999999666e+00 1.587666000000000022e+00 -4.249390000000000001e+00 -1.641026000000000096e+01 -6.575179999999999580e+00 5.247943000000000247e+00 2.693950999999999985e-01 -1.370805999999999969e+00 2.148220999999999936e+00
