-1.330324000000000062e+00 1.008608000000000082e+01 -9.028711999999999849e-01 -9.552130999999999261e+00 -4.171583000000000041e+00 -2.581526999999999905e+00 9.776930000000000121e+00 5.204952999999999941e-01 5.577068999999999832e+00 -5.635040000000000049e+00 -5.823782999999999710e+00 4.866855000000000153e+00
-2.277417999999999942e+00 1.461228999999999978e+01 1.362673000000000023e+00 -1.361314999999999920e+01 -6.562534999999999563e+00 1.705894999999999939e+00 5.684060999999999808e+00 1.321269999999999945e+00 1.138409000000000049e+01 -6.514297000000000004e+00 -8.043051000000000172e+00 4.575084000000000373e+00
-2.198945999999999845e+00 1.437294999999999945e+01 1.144225999999999965e+00 -1.323738999999999955e+01 -5.760601000000000305e+00 -7.824982000000000326e-01 6.264791999999999916e+00 5.648134000000000210e-01 1.226524999999999999e+01 -5.562388000000000332e+00 -7.840537000000000312e+00 5.983553999999999817e+00
-2.633963000000000054e+00 1.455949999999999989e+01 -5.551975000000000104e-01 -1.204106999999999950e+01 -2.606326000000000143e+00 -2.429675000000000029e+00 7.929588999999999999e+00 -1.180946000000000051e+00 8.887957999999999359e+00 -3.789287999999999990e+00 -8.108639999999999404e+00 6.953686000000000256e+00
-2.315593999999999930e+00 1.393335000000000079e+01 -5.488247000000000542e-01 -9.548842000000000496e+00 -1.010626000000000024e+00 -2.010613000000000206e+00 5.600334000000000145e+00 -1.978906999999999972e+00 8.115728000000000719e+00 -4.382889999999999731e+00 -7.350770999999999944e+00 5.748638999999999832e+00
-2.911328000000000138e+00 1.447193000000000040e+01 -3.785282999999999842e-01 -1.020735999999999954e+01 -4.102890000000000148e-01 -1.893089999999999939e+00 5.193870000000000431e+00 -3.136572000000000138e+00 1.064057999999999993e+01 -4.948146000000000377e+00 -8.211812000000000111e+00 6.842185999999999879e+00
-4.138143000000000349e+00 1.334425000000000061e+01 4.064754999999999896e+00 -1.046804000000000023e+01 -2.143358000000000096e+00 -8.561045999999999934e-01 3.101191000000000031e+00 -4.019885999999999626e+00 1.295092999999999961e+01 -4.101363000000000092e+00 -8.505767000000000522e+00 6.912149999999999572e+00
-4.976600000000000357e+00 1.445543999999999940e+01 4.233635999999999733e+00 -9.503282000000000451e+00 -1.227073999999999998e+00 -4.656734000000000151e+00 2.257597000000000076e+00 -3.106557000000000013e+00 1.329115999999999964e+01 -1.205731000000000108e+00 -9.103732000000000824e+00 4.097762999999999600e+00
-4.114577999999999847e+00 1.135818000000000083e+01 3.388881000000000032e+00 -8.500942999999999472e+00 -1.812179999999999902e-01 -3.728612000000000037e+00 -2.140484999999999971e+00 -2.167670000000000208e+00 1.382948000000000022e+01 -8.069693000000000005e-01 -6.502657000000000131e+00 2.227463000000000193e+00
-4.395476999999999634e+00 1.034928999999999988e+01 5.292943000000000175e+00 -6.518342999999999776e+00 -1.354417999999999900e+00 -5.651968000000000103e+00 -3.606187999999999949e+00 -2.800785999999999998e+00 1.400407000000000046e+01 -6.396198999999999982e-04 -6.199126999999999832e+00 2.426289999999999836e+00
-5.408789999999999765e+00 9.098760999999999655e+00 7.783660000000000245e+00 -6.949526999999999788e+00 1.942793999999999910e+00 -7.206673000000000329e+00 -9.345841999999999317e+00 -2.238954000000000111e+00 1.370451000000000086e+01 -7.172547999999999702e-01 -3.805832000000000104e+00 3.675936999999999788e+00
-6.474652999999999992e+00 9.582777999999999352e+00 9.633907000000000664e+00 -6.737692000000000014e+00 4.446609999999999729e+00 -1.075679000000000052e+01 -1.235074999999999967e+01 1.796342000000000105e+00 1.003884000000000043e+01 -6.572616999999999488e-01 -3.974114000000000146e+00 3.821992999999999974e+00
-6.879036000000000151e+00 7.828185000000000393e+00 1.301965000000000039e+01 -4.196620000000000239e+00 4.402429999999999843e+00 -1.332002999999999915e+01 -1.620411999999999964e+01 3.893362999999999907e+00 9.604229000000000127e+00 -2.887717000000000200e-01 -5.118816999999999950e+00 1.133234000000000075e+00
-7.581285000000000274e+00 7.359650000000000247e+00 1.394158999999999970e+01 7.718589999999999618e-01 6.261357000000000284e+00 -1.118512999999999913e+01 -1.711051000000000144e+01 1.411782000000000092e+00 5.512902999999999665e+00 -3.769749000000000017e+00 -4.944310999999999900e+00 2.057574999999999932e+00
-7.798086999999999769e+00 7.308379999999999654e+00 1.554116999999999926e+01 2.731914000000000176e+00 5.943925000000000125e+00 -9.500844000000000733e+00 -1.525878999999999941e+01 1.135790000000000077e+00 5.490518999999999927e+00 -8.825409000000000503e+00 -6.137607000000000035e+00 3.258026000000000089e+00
-7.832728000000000357e+00 8.894444000000000017e+00 1.637494999999999834e+01 5.497034000000000198e+00 3.490972000000000186e+00 -9.197758999999999574e+00 -1.158893999999999913e+01 2.822928000000000104e+00 2.810843999999999898e+00 -9.430018000000000455e+00 -8.933773999999999660e+00 1.198643999999999959e-01
-7.768393999999999799e+00 8.713475999999999999e+00 1.658596000000000004e+01 6.237748999999999988e+00 2.863161999999999985e+00 -5.433622999999999870e+00 -9.147721999999999909e+00 4.174514000000000280e+00 1.644665000000000044e+00 -1.166215000000000046e+01 -1.198248000000000069e+01 1.079782999999999937e+00
-8.486903999999999115e+00 8.826930000000000831e+00 1.745160999999999873e+01 5.920232000000000383e+00 2.887665000000000148e+00 -6.733178999999999803e+00 -1.089185999999999943e+01 5.232756000000000185e+00 2.008023999999999809e+00 -1.077215999999999951e+01 -1.017806000000000033e+01 -1.682900999999999841e-02
-8.491853000000000762e+00 8.708145999999999276e+00 1.684759999999999991e+01 6.356582999999999650e+00 1.864827999999999930e+00 -5.793923000000000378e+00 -1.317877000000000010e+01 2.759615999999999847e+00 2.867176000000000169e+00 -8.339959999999999596e+00 -6.414805999999999564e+00 -1.212342999999999948e+00
-9.095598000000000738e+00 9.579986999999999142e+00 1.717757999999999896e+01 8.766140000000000043e+00 1.577468000000000092e+00 -7.889852000000000309e+00 -1.100772000000000084e+01 3.034200999999999926e+00 3.349540000000000184e+00 -5.800709000000000337e+00 -6.383925999999999767e+00 -2.556808000000000192e+00
-8.975649999999999906e+00 8.659922999999999149e+00 1.639336000000000126e+01 8.090241999999999933e+00 2.626665000000000028e+00 -4.554674999999999585e+00 -1.035737999999999914e+01 4.271358000000000210e+00 4.378059999999999619e+00 -6.578142999999999851e+00 -5.895356999999999736e+00 -1.782439000000000107e+00
-8.947843999999999909e+00 9.731256999999999380e+00 1.739142000000000010e+01 9.093519999999999825e+00 3.294573000000000196e+00 -5.909281000000000006e+00 -1.013247999999999927e+01 1.369809000000000054e+00 1.041430000000000078e+00 -5.181513999999999953e+00 -5.213130999999999737e+00 2.243846999999999925e-01
-8.863008000000000663e+00 1.046807000000000087e+01 1.749090999999999951e+01 8.759093999999999269e+00 1.620163999999999938e+00 -6.071958000000000411e+00 -7.792519000000000418e+00 1.771252000000000049e+00 7.856786000000000325e-02 -6.381102000000000274e+00 -6.538802999999999699e+00 -1.497306000000000026e+00
-9.418208999999999165e+00 1.003354999999999997e+01 1.762049000000000021e+01 9.035747999999999891e+00 1.988831000000000016e+00 -5.821448000000000178e+00 -1.013734999999999964e+01 1.891543999999999892e+00 3.649105000000000043e+00 -4.897235000000000227e+00 -6.376504999999999868e+00 -4.393360000000000043e-01
-9.917794999999999916e+00 9.915523999999999560e+00 1.784282999999999930e+01 9.047959000000000529e+00 4.234988999999999670e+00 -5.226102000000000025e+00 -9.325884999999999536e+00 2.555846999999999980e+00 1.670033000000000101e+00 -7.254304000000000308e+00 -5.925040000000000084e+00 3.500771999999999995e+00
-1.011457000000000050e+01 9.247493999999999659e+00 1.771077000000000012e+01 9.802766000000000091e+00 3.462012999999999785e+00 -6.446793999999999691e+00 -1.051022999999999996e+01 2.312682999999999822e+00 1.831939999999999902e+00 -5.966103000000000378e+00 -4.512952000000000297e+00 1.236094999999999972e-01
-9.725737999999999772e+00 9.652067999999999870e+00 1.683415000000000106e+01 8.811232000000000397e+00 3.807291000000000203e+00 -7.308423000000000336e+00 -8.412679999999999936e+00 1.961421000000000081e+00 1.673391000000000073e+00 -5.624306999999999945e+00 -4.960109000000000101e+00 4.307016000000000178e-01
-1.036247000000000007e+01 9.851055999999999813e+00 1.716659999999999897e+01 8.671730000000000160e+00 4.271743999999999986e+00 -5.242492999999999626e+00 -8.150790999999999897e+00 7.751487000000000238e-01 1.489100000000000090e+00 -5.414882000000000417e+00 -5.720132000000000438e+00 3.517453999999999859e+00
-1.034551000000000087e+01 9.779989000000000487e+00 1.901542999999999850e+01 8.143788000000000693e+00 1.619791999999999899e+00 -4.772711000000000148e+00 -9.114620999999999640e+00 1.837612000000000023e+00 3.836006999999999945e+00 -7.129088999999999565e+00 -5.657415999999999556e+00 4.603212999999999888e-01
-1.080762000000000000e+01 9.344704000000000121e+00 1.947923000000000116e+01 9.054066000000000614e+00 2.801531999999999911e+00 -6.449268000000000001e+00 -7.836329000000000100e+00 2.759248000000000256e-01 3.241353000000000151e+00 -5.828778999999999932e+00 -6.967287999999999926e+00 5.199013000000000106e-01
-1.056583999999999968e+01 9.532778000000000418e+00 1.789274999999999949e+01 8.779291999999999874e+00 2.336707000000000090e+00 -3.690262999999999849e+00 -5.252487000000000350e+00 -1.810913000000000106e-01 8.172224999999999628e-01 -8.100813000000000486e+00 -4.906967999999999996e+00 3.417018999999999807e+00
-1.066976999999999975e+01 9.937350999999999601e+00 1.817528000000000077e+01 8.748291000000000039e+00 4.289194000000000173e+00 -6.657098000000000404e+00 -6.071254999999999846e+00 -1.332190999999999903e+00 3.188172000000000228e-01 -6.181858000000000075e+00 -4.986201999999999579e+00 3.195892999999999873e+00
-1.087242999999999959e+01 1.002771000000000079e+01 2.014449000000000112e+01 8.570275000000000531e+00 1.533659000000000106e+00 -6.148037999999999670e+00 -6.044969000000000037e+00 -2.050190999999999875e+00 9.679379000000000177e-01 -6.749590999999999674e+00 -5.565255999999999759e+00 3.023962000000000039e+00
-1.048643000000000036e+01 9.258661999999999281e+00 1.954862999999999928e+01 9.257445000000000590e+00 3.355839999999999934e-01 -5.755264000000000379e+00 -7.262898999999999994e+00 -1.806793000000000093e+00 2.327360999999999791e+00 -7.947803000000000395e+00 -7.727551000000000059e+00 4.699010000000000353e+00
-9.593064000000000036e+00 8.711446000000000467e+00 1.977982000000000085e+01 1.085300999999999938e+01 -1.171755000000000102e+00 -9.404351000000000127e+00 -9.782486999999999711e+00 -3.180319999999999814e-01 6.099350000000000271e+00 -1.014855999999999980e+01 -9.490565000000000140e+00 3.513198000000000043e+00
-8.814933999999999159e+00 6.906089999999999840e+00 1.979717000000000127e+01 1.041431000000000040e+01 -8.639757999999999605e-01 -1.300272000000000006e+01 -1.439475000000000016e+01 2.675434999999999786e+00 9.265492000000000061e+00 -1.056190999999999924e+01 -1.284854999999999947e+01 3.188572999999999880e+00
-7.312638999999999889e+00 8.181488999999999123e+00 1.688230000000000075e+01 6.908948999999999785e+00 7.250419000000000169e-01 -1.371311000000000035e+01 -1.645482000000000156e+01 -3.570907999999999721e-02 8.348516000000000048e+00 -1.049255999999999922e+01 -1.036285999999999952e+01 3.312840000000000007e+00
-6.649036999999999864e+00 8.597231000000000734e+00 1.524130000000000074e+01 4.644999000000000322e+00 4.076096000000000164e-01 -1.669850999999999885e+01 -1.735829000000000022e+01 -1.620376000000000039e+00 4.541087000000000096e+00 -9.580550999999999817e+00 -6.376984000000000208e+00 4.026947999999999972e+00
-5.564321999999999768e+00 1.018786000000000058e+01 1.251124000000000080e+01 -3.035522999999999971e+00 -1.588686999999999960e+00 -1.299282000000000004e+01 -1.356527999999999956e+01 -1.803509999999999946e+00 -1.994515000000000038e+00 -1.100029999999999930e+01 -2.580458999999999836e+00 6.955898999999999610e+00
-4.746838000000000335e+00 1.043279000000000067e+01 1.020498000000000083e+01 -1.010871999999999993e+01 -1.959209999999999896e+00 -9.571049000000000362e+00 -9.315174999999999983e+00 2.266255000000000130e+00 -7.616497999999999990e+00 -9.493864000000000303e+00 -3.340002999999999833e+00 8.598943999999999477e+00
-3.817889000000000088e+00 1.210997000000000057e+01 8.573183999999999472e+00 -1.281606999999999985e+01 -6.488653000000000226e+00 -8.074486999999999526e+00 -4.866954999999999920e+00 4.613240000000000229e+00 -5.766504000000000296e+00 -1.073858000000000068e+01 -6.492124999999999702e+00 6.591779999999999973e+00
-3.450504000000000016e+00 1.367141999999999946e+01 9.127266999999999797e+00 -1.386256000000000022e+01 -1.015118999999999971e+01 -8.525403000000000731e+00 -4.371896999999999700e+00 7.210188999999999737e+00 -2.245956000000000063e+00 -1.176012000000000057e+01 -7.755557999999999730e+00 4.713989999999999903e+00
-2.933479000000000170e+00 1.379071000000000069e+01 9.998929000000000400e+00 -1.282264999999999944e+01 -1.374949999999999939e+01 -1.034825000000000017e+01 -2.451051999999999786e+00 9.070144000000000872e+00 -1.251218000000000052e-01 -1.046833999999999953e+01 -7.381412000000000084e+00 8.458887999999999963e-01
-2.270348999999999950e+00 1.473564000000000007e+01 8.445373999999999270e+00 -9.650767000000000095e+00 -1.454660999999999937e+01 -1.254251999999999967e+01 -1.085626999999999898e+00 9.058887999999999607e+00 -1.464026999999999967e+00 -1.091361000000000026e+01 -5.223664000000000307e+00 2.997959000000000040e-01
-2.362960999999999867e+00 1.529833999999999961e+01 9.056810999999999723e+00 -6.996026999999999774e+00 -1.368044000000000082e+01 -1.331446000000000041e+01 -6.211448999999999998e+00 7.455931999999999782e+00 1.587753000000000081e-01 -8.876870000000000260e+00 -3.537249999999999783e+00 -6.538239000000000134e-01
-2.566094999999999793e+00 1.567627000000000059e+01 8.542735999999999663e+00 -6.456343000000000387e+00 -1.282912999999999926e+01 -1.364537999999999940e+01 -4.544217999999999869e+00 4.660840999999999568e+00 3.960402000000000089e-01 -6.832150000000000389e+00 -4.153167999999999971e+00 -1.666682999999999915e+00
-3.136141999999999985e+00 1.501763000000000048e+01 9.061059999999999448e+00 -7.292876999999999832e+00 -1.241070999999999991e+01 -1.454969000000000001e+01 -3.446523000000000003e+00 7.299293999999999727e+00 -2.029955999999999872e+00 -7.014606999999999815e+00 -6.609658999999999729e+00 -2.069443999999999839e+00
-3.363783999999999885e+00 1.458563999999999972e+01 1.017417999999999978e+01 -1.164040999999999926e+01 -1.225366999999999962e+01 -9.561769999999999214e+00 -1.275959000000000065e+00 6.429814999999999614e+00 -5.057320999999999955e+00 -7.003047999999999718e+00 -8.012409999999999144e+00 -1.985862000000000016e+00
-3.713023000000000184e+00 1.363739999999999952e+01 1.083023000000000025e+01 -1.232147999999999932e+01 -1.103145999999999916e+01 -7.687589000000000006e+00 -1.610864999999999991e+00 9.008005000000000706e+00 -5.954151999999999667e+00 -1.439816000000000074e+01 -8.509835999999999956e+00 3.405955000000000066e+00
-4.949029000000000345e+00 1.272952000000000083e+01 1.221066000000000074e+01 -1.152815999999999974e+01 -6.855833999999999762e+00 -6.230922999999999767e+00 -4.623562999999999867e+00 4.974351000000000411e+00 -8.947195999999999927e+00 -1.332709999999999972e+01 -3.961427000000000032e+00 7.083230000000000359e+00
-5.448144000000000098e+00 1.173459000000000074e+01 1.348451999999999984e+01 -1.078556000000000026e+01 -2.192736000000000018e+00 -5.860725999999999658e+00 -9.026025999999999883e+00 1.066148000000000096e+00 -9.809706000000000259e+00 -1.118853000000000009e+01 -7.982945000000000180e-01 8.032764000000000237e+00
-5.789843000000000295e+00 1.047897999999999996e+01 1.382227999999999923e+01 -5.935445999999999778e+00 -1.473594000000000070e+00 -4.704979999999999940e+00 -1.107928000000000068e+01 -5.646056999999999881e+00 -3.869504000000000055e+00 -1.244838999999999984e+01 -2.278583000000000136e-01 7.236094999999999722e+00
-6.574099999999999611e+00 9.467548000000000741e+00 1.511419000000000068e+01 -1.424455000000000027e+00 4.020406000000000257e-01 -7.050799999999999734e+00 -1.393473999999999968e+01 -5.807150000000000034e+00 -3.993732000000000060e+00 -9.372502000000000777e+00 -2.030370000000000008e+00 3.823183999999999916e+00
-6.747777000000000136e+00 8.306870999999999228e+00 1.528945000000000043e+01 3.329371000000000080e+00 1.388122999999999996e+00 -9.308785999999999561e+00 -1.593931000000000076e+01 -4.566241999999999912e+00 -1.452088999999999963e+00 -1.031010000000000026e+01 -6.482071000000000360e+00 3.265515999999999863e+00
-7.450497000000000369e+00 7.194672999999999874e+00 1.677184000000000097e+01 7.337785000000000224e+00 2.735816999999999943e+00 -1.268787999999999982e+01 -1.743470999999999904e+01 -2.745680999999999816e+00 3.431239000000000150e+00 -1.034890000000000043e+01 -1.047128999999999976e+01 4.039204999999999934e+00
-7.299207000000000001e+00 6.641873000000000360e+00 1.629494000000000042e+01 7.271556999999999604e+00 1.593061000000000060e+00 -1.040607999999999933e+01 -1.494481999999999999e+01 1.087252000000000107e+00 4.172505000000000130e+00 -1.173864999999999981e+01 -1.237218999999999980e+01 1.141915999999999931e+00
-7.672011999999999610e+00 6.424103999999999814e+00 1.651162000000000063e+01 8.760503999999999181e+00 2.913282999999999845e+00 -9.810114999999999696e+00 -1.482555999999999941e+01 2.126968999999999888e+00 2.486283999999999939e+00 -1.015185999999999922e+01 -1.080283000000000015e+01 7.063015000000000265e-01
-8.696400999999999826e+00 6.255065000000000097e+00 1.844718999999999909e+01 9.813100000000000378e+00 3.574136000000000202e+00 -8.773129000000000843e+00 -1.431686999999999976e+01 2.353584999999999983e-01 1.918490000000000029e+00 -1.013893000000000022e+01 -8.924677000000000859e+00 2.281595999999999957e+00
-8.759083999999999648e+00 7.703310000000000102e+00 1.849746000000000024e+01 7.813119999999999621e+00 2.602904000000000106e+00 -6.287829000000000335e+00 -1.121460000000000079e+01 2.000579999999999803e+00 8.791501999999999928e-01 -1.138612000000000002e+01 -1.042581000000000024e+01 3.367312999999999779e+00
-8.900005000000000166e+00 8.491645999999999361e+00 1.880796000000000134e+01 9.568386000000000280e+00 1.911979000000000095e+00 -8.418395999999999546e+00 -1.006531000000000020e+01 3.767208999999999808e+00 7.459685000000000343e-01 -1.106523999999999930e+01 -1.051271000000000022e+01 2.013825999999999894e+00
-9.249245000000000161e+00 8.209661999999999793e+00 1.871342999999999890e+01 1.040021999999999913e+01 3.192845999999999851e+00 -5.909281000000000006e+00 -1.284483999999999959e+01 1.343545999999999907e+00 1.200725999999999960e+00 -7.637380000000000280e+00 -6.492364000000000246e+00 1.898751999999999995e+00
-9.675777999999999324e+00 8.905103999999999687e+00 1.883133000000000123e+01 1.042229999999999990e+01 2.548328000000000149e+00 -8.067992000000000274e+00 -8.128398999999999930e+00 4.072746000000000421e+00 8.153572999999999515e-01 -9.639169000000000764e+00 -5.285422999999999760e+00 7.000030000000000419e-01
-9.800204000000000804e+00 8.242148999999999504e+00 1.807189999999999941e+01 1.254110999999999976e+01 2.931474000000000135e+00 -6.289994000000000085e+00 -6.700664999999999871e+00 2.513873999999999942e+00 -1.289436000000000027e+00 -9.052998000000000545e+00 -6.760705999999999882e+00 7.920966000000000395e-01
-1.025642999999999994e+01 7.638080000000000425e+00 1.949869999999999948e+01 1.295960999999999963e+01 4.875422000000000367e+00 -6.680602999999999625e+00 -9.942151000000000849e+00 3.094698999999999867e+00 -7.652892000000000028e-01 -9.723655000000000825e+00 -5.631802000000000419e+00 1.292397999999999936e+00
-1.013931000000000004e+01 8.116260000000000474e+00 2.004004000000000119e+01 9.834706000000000614e+00 3.061789000000000094e+00 -6.221026000000000167e+00 -9.816561999999999344e+00 3.200686999999999838e+00 1.132830000000000004e+00 -1.016066999999999965e+01 -7.041974999999999874e+00 1.267033999999999994e+00
-1.028140999999999927e+01 8.349766000000000687e+00 1.912341999999999942e+01 9.069096000000000046e+00 2.892119999999999802e+00 -4.824667999999999957e+00 -1.154367000000000054e+01 1.720467999999999997e-01 2.449723999999999791e+00 -9.764658999999999978e+00 -7.956875000000000142e+00 3.588099000000000149e+00
-1.107108999999999988e+01 5.763434000000000168e+00 1.867306999999999917e+01 1.337059999999999960e+01 6.564311000000000007e+00 -7.755627999999999744e+00 -1.547006000000000014e+01 2.666993999999999865e+00 2.318407999999999802e+00 -1.179865000000000030e+01 -8.917256000000000071e+00 3.266197000000000017e+00
-1.312763999999999953e+01 2.261607999999999841e+00 1.974157999999999902e+01 1.427336000000000027e+01 9.783927999999999514e+00 -1.076699999999999946e+01 -1.291055000000000064e+01 4.947384999999999700e+00 -4.877341000000000037e-01 -9.824377000000000137e+00 -1.136225999999999914e+01 1.604767000000000055e+00
-1.231628000000000078e+01 2.549682999999999922e+00 1.942471000000000103e+01 1.599762999999999913e+01 6.017064999999999664e+00 -1.164657000000000053e+01 -1.304781999999999975e+01 7.063634000000000412e+00 5.349503999999999593e+00 -1.052144999999999975e+01 -1.408756999999999948e+01 -2.885135999999999812e-01
-1.424864999999999959e+01 -7.960500999999999827e-01 2.192145000000000010e+01 1.288352000000000075e+01 6.569880000000000386e+00 -1.299714999999999954e+01 -1.761092999999999975e+01 7.241140999999999828e+00 4.685832999999999693e+00 -8.967135000000000744e+00 -1.591521000000000008e+01 1.624215999999999993e-01
-1.446968999999999994e+01 3.594622000000000206e+00 1.177375999999999934e+01 8.162577000000000638e+00 2.618497000000000074e+00 -6.112162999999999791e+00 -1.410804000000000080e+01 1.251627000000000045e+00 3.662161999999999917e+00 -7.239994000000000263e+00 -7.890566999999999886e+00 1.738056000000000045e+00
-1.285711000000000048e+01 1.588754999999999917e+00 1.230165000000000042e+01 1.009633000000000003e+01 -2.562145000000000117e+00 -1.025948999999999955e+01 -1.869936999999999827e+01 -1.722142999999999979e+00 8.545116999999999408e+00 -4.126130999999999993e+00 -8.622104999999999464e+00 3.323733999999999966e+00
-1.508450999999999986e+01 4.158589000000000091e+00 4.836577000000000126e+00 8.806065000000000254e+00 -6.351762999999999854e-03 -6.996058999999999806e+00 -8.677002999999999133e+00 -2.124524000000000079e+00 3.070492999999999917e+00 -9.338653000000000759e+00 -5.003915000000000113e+00 3.660445999999999867e+00
-1.674163000000000068e+01 4.548188999999999815e+00 9.877371999999999819e-01 6.026384000000000185e+00 -3.635094999999999854e-01 -2.845334999999999948e+00 -1.508640999999999899e+00 3.003115000000000090e-01 1.434260000000000090e+00 -3.725718000000000085e+00 -2.598651999999999962e+00 -3.562645999999999868e-01
-1.677367999999999881e+01 3.710104999999999986e+00 2.525361000000000189e+00 4.768060000000000187e+00 -7.856387000000000231e-01 -1.889996999999999927e+00 -5.347408999999999857e+00 -3.927732999999999919e+00 -1.967281999999999975e+00 -6.754819999999999602e+00 -2.381536000000000097e+00 5.709697999999999718e-01
-9.732571999999999335e+00 7.728436999999999557e+00 4.013418999999999848e+00 -2.961310999999999805e+00 -3.669630999999999865e+00 -6.375269000000000075e-02 -5.261734999999999829e+00 1.683319000000000010e+00 8.794693000000000538e+00 -2.837104000000000070e+00 -2.404037999999999897e+00 3.023962000000000039e+00
-5.970354000000000383e+00 4.892356000000000371e+00 5.018911000000000122e+00 -9.895479999999999166e+00 -1.224104000000000081e+00 -4.274551999999999796e-01 -6.733767000000000280e+00 2.400481999999999894e-01 1.170231000000000066e+01 -3.217426999999999815e+00 -4.131384999999999863e+00 6.516708999999999641e+00
-3.638792000000000026e+00 5.109618000000000215e+00 9.129144999999999621e-02 -1.436373000000000033e+01 -1.325830000000000064e+00 -2.180788999999999922e-01 -4.564663000000000359e+00 -4.749041999999999986e-01 1.127851000000000070e+01 -3.210547000000000040e+00 -4.473933999999999855e+00 6.371845000000000425e+00
-2.183863999999999805e+00 9.078201999999999217e+00 -1.280639000000000083e+00 -1.478364000000000011e+01 -4.583688000000000429e+00 2.574637000000000064e+00 -2.999169999999999892e+00 -9.593553999999999693e-01 8.395894000000000190e+00 -3.992109000000000130e+00 -4.768129000000000062e+00 3.983369999999999855e+00
-2.306874999999999787e+00 1.062086000000000041e+01 1.791069000000000022e+00 -1.421249000000000073e+01 -6.945681000000000438e+00 3.569252000000000091e+00 -2.408215000000000217e+00 -1.253872000000000098e+00 8.827522000000000091e+00 -3.778280000000000083e+00 -5.681593000000000337e+00 2.048553000000000068e+00
-2.236886000000000152e+00 1.112645999999999979e+01 2.206719000000000097e+00 -1.248540000000000028e+01 -6.150430000000000064e+00 6.704563000000000050e-01 -3.145204000000000111e+00 6.207221000000000266e-02 9.912373999999999796e+00 -2.870677999999999841e+00 -6.002837000000000423e+00 2.121580999999999939e+00
-2.571279000000000092e+00 1.256428999999999974e+01 3.661496999999999780e+00 -1.382451000000000008e+01 -7.159900999999999627e+00 2.056222000000000050e-01 -1.358711999999999920e+00 2.549215999999999982e-02 1.113115999999999950e+01 -4.152823999999999849e+00 -6.232160999999999618e+00 2.358538999999999941e+00
-2.393596000000000057e+00 1.231428999999999974e+01 3.316301000000000165e+00 -1.299878000000000000e+01 -7.766920999999999964e+00 1.529919999999999947e+00 -1.057393000000000027e+00 7.754838000000000009e-02 1.068310999999999922e+01 -4.148971999999999660e+00 -6.364057999999999993e+00 2.242783999999999889e+00
-2.604506000000000210e+00 1.160641000000000034e+01 3.896583999999999826e+00 -1.317069000000000045e+01 -6.708813000000000137e+00 1.020164999999999961e-01 -1.909750000000000059e+00 3.657334999999999892e-01 1.104012999999999955e+01 -2.556951999999999892e+00 -6.658731000000000400e+00 1.899985999999999897e-01
-2.590367000000000086e+00 1.181301000000000023e+01 3.682030999999999832e+00 -1.278083999999999953e+01 -6.269976999999999911e+00 -7.589936000000000460e-01 -3.470861999999999892e+00 2.826913999999999927e+00 9.249824000000000268e+00 -2.032150000000000123e+00 -6.904332000000000136e+00 1.131021000000000054e+00
-2.588010000000000144e+00 1.072137000000000029e+01 5.422170000000000378e+00 -1.220969000000000015e+01 -8.851388000000000034e+00 -1.680930000000000035e+00 -1.502313000000000009e+00 4.648882000000000403e+00 1.047270999999999930e+01 -5.993897999999999726e+00 -7.885779000000000316e+00 1.998675999999999897e+00
-2.781953999999999816e+00 1.094067000000000078e+01 6.092380000000000351e+00 -1.260845999999999911e+01 -6.678370000000000140e+00 -1.473408999999999969e+00 -5.012990000000000279e+00 5.002254999999999896e+00 9.115522999999999598e+00 -6.539064999999999905e+00 -5.735692000000000235e+00 3.056815999999999978e+00
-2.973069000000000184e+00 1.112645999999999979e+01 5.961737000000000286e+00 -1.079729999999999990e+01 -6.471574000000000382e+00 -3.222954999999999792e+00 -4.360700999999999716e+00 4.923701999999999579e+00 7.571809000000000012e+00 -6.819215999999999944e+00 -6.963218999999999603e+00 5.461802999999999741e+00
-4.009240000000000137e+00 1.127239999999999931e+01 8.984940999999999178e+00 -1.123600000000000065e+01 -6.631218999999999753e+00 -6.464421999999999890e+00 -1.951125999999999916e+00 6.054635000000000211e+00 4.044546999999999670e+00 -7.332460000000000200e+00 -6.573991999999999614e+00 6.790096000000000132e+00
-3.838626999999999789e+00 1.165844000000000058e+01 9.787209999999999965e+00 -9.675191999999999126e+00 -8.675036999999999665e+00 -6.589057999999999637e+00 -6.708878000000000341e-01 6.782484000000000179e+00 -1.336440999999999990e+00 -6.222588000000000008e+00 -5.239462999999999759e+00 5.766002000000000294e+00
-3.838626999999999789e+00 1.144702000000000019e+01 1.055477999999999916e+01 -9.561994000000000327e+00 -6.679853999999999736e+00 -6.953380000000000116e+00 -2.224210999999999938e+00 7.329543000000000141e+00 -3.425192000000000014e+00 -7.590595999999999677e+00 -3.971960000000000157e+00 5.782174000000000369e+00
-4.640793000000000390e+00 1.258357999999999954e+01 1.222658999999999985e+01 -1.012233999999999945e+01 -6.508701000000000292e+00 -5.731450999999999851e+00 -3.202157999999999838e+00 7.671191999999999567e+00 -4.432076000000000349e+00 -9.220318000000000680e+00 -4.245089000000000112e+00 5.560535999999999923e+00
-5.394650000000000389e+00 1.353334000000000081e+01 1.292866000000000071e+01 -9.890783000000000769e+00 -3.377073999999999909e+00 -4.305711999999999762e+00 -6.781470999999999805e+00 5.522348000000000035e+00 -4.378354999999999997e+00 -7.133492000000000388e+00 -4.260409000000000113e+00 3.068562000000000012e+00
-5.954800999999999789e+00 1.403513000000000055e+01 1.417985999999999969e+01 -7.738152000000000363e+00 -2.261048999999999864e+00 -4.766524999999999679e+00 -9.906615999999999644e+00 7.000791999999999682e+00 -4.968160000000000132e+00 -1.167700999999999922e+01 -3.593742999999999910e+00 3.803097000000000172e+00
-5.254908000000000357e+00 1.440263999999999989e+01 1.176667999999999914e+01 -5.420186000000000170e+00 -1.263087000000000071e+00 -3.092133000000000020e+00 -5.482734999999999914e+00 3.087664000000000186e+00 -6.081737999999999644e+00 -1.236170000000000080e+01 -6.351130999999999638e+00 1.139191999999999982e+00
-5.822363000000000177e+00 1.492168999999999990e+01 1.184244999999999948e+01 -4.414089999999999847e+00 -1.517031999999999936e+00 -2.212566999999999950e+00 -4.858679000000000414e+00 2.363097999999999921e+00 -7.352000000000000313e+00 -1.446779000000000082e+01 -8.272373999999999228e+00 3.382293000000000216e+00
-5.749545999999999601e+00 1.539555000000000007e+01 1.197025999999999968e+01 -3.686996000000000162e+00 -3.661082999999999976e-01 -1.905151000000000039e+00 -6.129182000000000130e+00 8.682402000000000175e-01 -7.924643999999999799e+00 -1.293493999999999922e+01 -8.027730000000000032e+00 1.714904999999999902e+00
-5.333381000000000149e+00 1.482422000000000040e+01 1.106531999999999982e+01 -2.040700000000000180e+00 -6.761061999999999628e-02 6.092206999999999484e-01 -5.854149999999999743e+00 2.353584999999999983e-01 -9.939156999999999798e+00 -1.584652999999999956e+01 -6.828210000000000335e+00 3.065157000000000131e+00
-5.514127000000000223e+00 1.544478999999999935e+01 1.204425999999999952e+01 -1.928441999999999990e+00 5.587147999999999559e-01 -1.170323999999999920e+00 -5.435516999999999932e+00 -2.382693999999999868e+00 -8.743506000000000000e+00 -1.586331999999999987e+01 -4.628572000000000131e+00 1.131361999999999979e+00
-5.495275000000000354e+00 1.455644999999999989e+01 1.223649999999999949e+01 -1.376544999999999908e+00 -4.866699999999999846e-03 -2.080198999999999909e+00 -8.705235999999999308e+00 -2.567705000000000126e+00 -7.813099000000000238e+00 -1.222878000000000043e+01 -3.188238000000000127e+00 3.328841000000000161e+00
-5.517897999999999747e+00 1.490264999999999951e+01 1.190759000000000079e+01 -1.033195000000000086e+00 9.611669000000000462e-01 -3.236562000000000161e+00 -7.772560999999999609e+00 -2.948178000000000187e-01 -1.044389999999999930e+01 -1.328003999999999962e+01 -1.677527999999999908e+00 3.537201000000000040e+00
-6.135782999999999987e+00 1.583718000000000004e+01 1.133333000000000013e+01 -2.375125999999999848e+00 2.456624999999999837e+00 2.984034999999999882e-01 -6.710887999999999742e+00 -2.104591999999999796e+00 -1.014470999999999989e+01 -1.128650000000000020e+01 -5.062083999999999584e+00 1.461605000000000043e+00
-6.073570000000000135e+00 1.497600000000000087e+01 1.085820000000000007e+01 -3.120068999999999981e+00 2.692378999999999856e+00 -7.487875999999999976e-01 -7.028270000000000017e+00 -3.768884000000000123e-01 -7.991420999999999886e+00 -1.120834999999999937e+01 -4.898111000000000104e+00 2.117665999999999826e+00
-6.169010000000000105e+00 1.466407000000000060e+01 1.148804999999999943e+01 -2.330035000000000078e+00 3.202869999999999884e+00 3.472682999999999742e-01 -7.963378999999999763e+00 -2.345880000000000187e+00 -7.882488000000000383e+00 -1.135502999999999929e+01 -3.580337999999999798e+00 2.293512000000000217e+00
-5.989677000000000362e+00 1.516281000000000034e+01 1.095875000000000021e+01 -2.275549999999999962e+00 2.199710000000000054e+00 -1.546782999999999908e-01 -8.143003000000000213e+00 -1.836807999999999996e+00 -6.724516000000000382e+00 -1.015268999999999977e+01 -2.478244999999999809e+00 1.063611000000000084e+00
-5.730457999999999608e+00 1.499071999999999960e+01 1.092299000000000042e+01 -9.425432000000000254e-01 2.061599000000000181e+00 -2.146769000000000038e-01 -8.724221000000000004e+00 -1.556125999999999898e+00 -9.160584000000000060e+00 -1.138062000000000040e+01 -1.236593999999999971e+00 2.890842999999999829e+00
-5.945610000000000284e+00 1.421381000000000050e+01 1.176102000000000025e+01 -1.096135000000000081e+00 2.121744000000000074e+00 3.880919999999999925e-01 -1.000250999999999912e+01 -2.496185999999999794e+00 -8.821474999999999511e+00 -1.222960999999999920e+01 -1.163105999999999973e+00 3.012726999999999933e+00
-5.432591000000000392e+00 1.487904999999999944e+01 1.099025999999999925e+01 -1.997956999999999983e+00 1.176871999999999918e+00 8.189064000000000343e-01 -8.051973999999999521e+00 -3.319002999999999926e+00 -7.532560000000000144e+00 -1.452833000000000041e+01 -2.426060999999999801e+00 4.463243000000000293e+00
-5.363072999999999979e+00 1.455035999999999952e+01 1.004955999999999960e+01 -6.400569000000000397e-01 1.910122000000000098e+00 -6.983764999999999556e-01 -7.272147999999999612e+00 -3.411157000000000217e+00 -8.187276999999999916e+00 -1.349882000000000026e+01 -3.346944999999999837e+00 4.357361000000000040e+00
-5.608623999999999832e+00 1.528057000000000087e+01 9.970252000000000336e+00 9.954357999999999818e-01 8.011513000000000106e-01 -2.254008999999999929e+00 -6.521529000000000131e+00 -4.223656000000000077e+00 -6.359293000000000085e+00 -1.180331999999999937e+01 -4.478004000000000318e+00 2.423395999999999884e+00
-5.450972000000000151e+00 1.358333999999999975e+01 1.093821999999999939e+01 3.416735000000000078e+00 2.250573000000000157e+00 -5.055385000000000240e+00 -9.637912000000000035e+00 -3.526289999999999925e+00 -4.330976999999999855e+00 -1.109276000000000018e+01 -4.928511999999999560e+00 2.327897999999999801e+00
-4.440958000000000183e+00 1.134371999999999936e+01 1.113931000000000004e+01 5.254668999999999812e+00 -1.031044999999999989e+00 -5.565063000000000315e+00 -1.156752000000000002e+01 -4.271959999999999980e+00 -5.056408999999999487e-01 -1.003242999999999974e+01 -6.936409000000000269e+00 3.736368000000000134e+00
-4.959869000000000305e+00 9.972124000000000876e+00 1.260045999999999999e+01 5.871852999999999767e+00 4.116934999999999900e-01 -8.704162000000000177e+00 -1.622165000000000035e+01 -2.910995000000000221e+00 3.618514999999999926e+00 -7.454098000000000113e+00 -8.213487999999999900e+00 2.620179999999999954e+00
-5.147921000000000191e+00 8.276160000000000849e+00 1.428501999999999938e+01 4.905681999999999654e+00 -9.096414000000000444e-01 -1.043267999999999951e+01 -1.463376000000000055e+01 1.457975999999999939e+00 6.381008999999999709e+00 -8.742573999999999401e+00 -9.640895000000000437e+00 4.668708999999999776e+00
-5.850876999999999661e+00 7.484016999999999697e+00 1.362542999999999971e+01 2.999172999999999867e+00 1.499501999999999891e+00 -1.162770000000000081e+01 -1.582005000000000017e+01 1.247875000000000068e+00 9.265492000000000061e+00 -6.380825999999999887e+00 -1.049404000000000003e+01 5.688547999999999938e+00
-5.475007999999999875e+00 7.369801999999999964e+00 1.201983000000000068e+01 3.860132000000000119e+00 1.249268999999999963e+00 -1.441020999999999930e+01 -1.660864000000000118e+01 1.145872999999999919e+00 1.055926000000000009e+01 -4.818802999999999948e+00 -9.763934000000000779e+00 6.328606999999999871e+00
-5.780415999999999777e+00 8.657892000000000365e+00 1.261816999999999922e+01 1.583968999999999960e+00 2.362324000000000090e+00 -1.581244000000000050e+01 -1.679994999999999905e+01 -9.337961999999999652e-01 1.207089000000000034e+01 -1.355439000000000060e+00 -1.078678999999999988e+01 6.530668000000000362e+00
-5.636667000000000094e+00 8.924393000000000242e+00 1.275872000000000028e+01 1.188012999999999986e+00 5.516607000000000038e-01 -1.388507000000000069e+01 -1.810112000000000165e+01 -2.338375999999999788e+00 1.170416999999999952e+01 -1.701913000000000009e+00 -7.421147999999999634e+00 7.315932000000000102e+00
-5.489855000000000373e+00 9.674658000000000868e+00 1.065108000000000033e+01 5.614337000000000355e-01 1.579323999999999950e+00 -1.282829000000000086e+01 -1.737775999999999854e+01 -4.137833999999999790e+00 1.146167999999999942e+01 -1.445704000000000100e+00 -7.505887999999999671e+00 8.222058000000000533e+00
-5.948202000000000211e+00 6.155826000000000242e+00 1.087236000000000047e+01 9.080717999999999845e-01 2.901031000000000137e+00 -9.653005000000000280e+00 -1.993483000000000160e+01 -5.046941000000000344e+00 1.267636000000000074e+01 -2.007932999999999968e+00 -6.186440000000000161e+00 6.327415000000000234e+00
-7.620638999999999719e+00 3.227104000000000195e+00 1.175534999999999997e+01 1.577393000000000045e+00 4.756988999999999912e+00 -9.925162999999999514e+00 -2.055108999999999853e+01 -2.555276999999999799e+00 1.284572999999999965e+01 -1.447629999999999972e+00 -6.866749999999999687e+00 5.452951999999999799e+00
-8.472528000000000503e+00 3.140301000000000009e+00 1.140662000000000020e+01 3.352386999999999784e+00 6.416546999999999557e+00 -1.044256999999999991e+01 -2.080958000000000041e+01 -4.241711999999999705e+00 1.216042000000000023e+01 5.120540000000000092e-01 -7.815642000000000422e+00 6.940237999999999907e+00
-8.512589999999999435e+00 2.665674000000000099e+00 1.204213000000000022e+01 3.695736999999999828e+00 5.978824000000000360e+00 -1.125038999999999945e+01 -2.212388999999999939e+01 -6.296759999999999913e+00 1.296138000000000012e+01 5.475545000000000551e-01 -6.370281999999999556e+00 6.214043000000000205e+00
-6.139789000000000385e+00 1.216225999999999985e+01 7.569107999999999947e+00 2.288987999999999801e+00 -5.183273000000000463e-01 -1.094143000000000043e+01 -1.622505999999999915e+01 -3.535200999999999816e+00 1.005973000000000006e+01 2.171497000000000011e+00 -3.161427999999999905e+00 3.093245000000000022e+00
-6.640553999999999846e+00 6.918019000000000140e+00 4.461996000000000073e+00 3.879859000000000169e+00 5.503974999999999618e+00 -1.302683999999999997e+01 -2.093759999999999977e+01 -1.447324000000000055e+00 1.172095999999999982e+01 1.824197000000000068e+00 -3.023067999999999866e+00 3.045069999999999943e+00
