-1.337884999999999991e+01 -1.051658999999999899e+00 -4.243056000000000161e+00 -9.459778000000000020e+00 -1.866408999999999985e+00 -1.425837999999999939e+00 4.947390999999999650e+00 8.793730000000000047e+00 9.999413000000000551e+00 -3.959442000000000128e+00 -7.062087999999999699e-01 5.880797000000000274e+00
-1.300191000000000052e+01 3.850547999999999860e+00 -5.573300999999999839e+00 -5.232911999999999786e+00 -2.443296999999999830e+00 -1.442366000000000037e+00 3.448427000000000131e+00 8.706922999999999746e+00 6.520165999999999684e+00 -3.376698000000000199e+00 -1.304990000000000094e+00 1.630293999999999910e+00
-9.023448000000000135e+00 4.277963999999999878e+00 -5.512008999999999936e+00 -4.965037999999999840e+00 -1.509366000000000041e-01 -2.293314999999999937e-01 4.124615999999999616e+00 9.335048000000000457e+00 7.400920000000000165e+00 -3.762532999999999905e+00 -2.488376999999999839e+00 2.577430999999999806e+00
-7.804920000000000080e+00 1.292295999999999978e+01 1.329433000000000087e+00 -3.124877999999999822e+00 4.467130000000000045e+00 4.516496999999999873e-02 5.829058999999999990e+00 1.269077999999999928e+00 1.889488000000000056e+00 -7.959818000000000282e+00 -5.809174999999999756e+00 2.148176999999999812e-03
-3.911357999999999890e+00 1.239091999999999949e+01 -5.727290000000000436e-01 -7.207265999999999728e+00 1.742752000000000079e+00 -2.180298000000000069e+00 4.561796000000000184e+00 2.434546000000000099e+00 5.300010999999999584e+00 -6.486659999999999648e+00 -9.294978999999999658e+00 -2.369896999999999976e-01
-1.489025000000000043e+00 1.275145999999999979e+01 -1.467168000000000028e+00 -1.083514000000000088e+01 -1.766370999999999913e+00 -3.509678000000000075e+00 4.428965999999999958e+00 6.397687999999999597e+00 6.171934000000000253e+00 -8.349977000000000871e+00 -7.319169999999999732e+00 4.067700999999999567e+00
-2.067633999999999972e+00 1.373839000000000077e+01 -2.899410000000000043e-01 -1.146138000000000012e+01 -2.611880000000000202e+00 7.247626000000000346e-01 6.001007999999999676e+00 5.116988000000000092e+00 4.096748999999999974e+00 -8.197971000000000785e+00 -7.716090000000000337e+00 3.324343999999999966e+00
-1.580181999999999976e+00 1.086533999999999978e+01 -7.101072999999999968e-01 -7.257653000000000354e+00 -1.439208000000000043e+00 -3.469491999999999798e+00 3.613928000000000029e+00 4.200629000000000168e+00 1.017985999999999969e+01 -5.258640999999999899e+00 -1.255227000000000004e+01 3.204251999999999878e+00
-2.290486000000000022e+00 1.299512999999999963e+01 3.673616000000000104e-01 -1.003203000000000067e+01 -2.020172000000000079e+00 -2.766560999999999826e+00 3.966852999999999962e+00 5.522287999999999641e+00 8.851438999999999169e+00 -5.371730999999999590e+00 -1.100684000000000040e+01 1.412496999999999892e+00
-2.639184000000000196e+00 1.592116000000000042e+01 1.233902000000000054e+00 -1.269021000000000043e+01 -2.977205000000000101e+00 -4.257657000000000025e+00 7.248927000000000120e+00 5.525038999999999589e+00 6.084395999999999916e+00 -4.916379000000000055e+00 -8.352012000000000214e+00 3.368698999999999888e+00
-2.295528000000000013e+00 1.482365000000000066e+01 1.048335000000000017e+00 -1.134467000000000070e+01 -5.454822000000000060e+00 -2.667067999999999994e+00 5.903857000000000355e+00 4.809497000000000355e+00 7.773723999999999634e+00 -5.338468999999999909e+00 -7.692558000000000007e+00 2.238494999999999902e+00
-3.220012000000000096e+00 1.443232000000000070e+01 2.030273999999999912e+00 -1.160276999999999958e+01 -4.049839000000000411e+00 -6.285429999999999851e+00 6.065488000000000213e+00 6.035485000000000433e+00 7.336801999999999602e+00 -4.738762000000000363e+00 -6.080498000000000403e+00 2.537469999999999892e+00
-3.333959000000000117e+00 1.350863000000000014e+01 1.759743999999999975e+00 -1.079607000000000028e+01 -3.845315999999999956e+00 -7.021741999999999706e+00 4.748359999999999914e+00 5.813272999999999691e+00 1.127716000000000030e+01 -7.135261999999999993e+00 -7.952257000000000353e+00 3.830655000000000143e+00
-3.706455000000000055e+00 1.235052999999999912e+01 1.802859999999999907e+00 -1.186139000000000010e+01 -1.929025999999999907e+00 -5.906255999999999950e+00 3.481097000000000108e+00 3.145198000000000160e+00 1.135816999999999943e+01 -5.447567000000000270e+00 -7.988546999999999620e+00 3.421422000000000185e+00
-4.372592000000000034e+00 1.102821999999999925e+01 2.658409999999999940e+00 -1.174160000000000004e+01 -4.377132000000000245e-01 -6.464972000000000385e+00 2.665136000000000172e-01 4.637717999999999563e+00 1.107943000000000033e+01 -5.674412000000000234e+00 -7.418401000000000245e+00 3.838187000000000015e+00
-5.502583999999999698e+00 1.126361999999999952e+01 4.799820999999999671e+00 -1.422188000000000052e+01 2.113265000000000171e+00 -7.080077000000000176e+00 -1.811058000000000057e+00 5.884490999999999694e+00 1.057225000000000037e+01 -7.264649999999999608e+00 -5.591436999999999991e+00 4.833863000000000021e+00
-6.126973999999999698e+00 1.082263000000000019e+01 6.962367999999999668e+00 -1.155084000000000088e+01 9.639353000000000504e-01 -1.066667999999999950e+01 -1.256094000000000044e+00 5.307717000000000240e+00 8.274380000000000734e+00 -4.936335999999999835e+00 -5.271917000000000186e+00 6.884004000000000012e+00
-6.655566999999999567e+00 9.140442000000000178e+00 1.118304999999999971e+01 -8.302415999999999130e+00 2.918257000000000212e-01 -1.321687000000000012e+01 -7.181880999999999737e+00 6.711292000000000257e+00 1.140039999999999942e+01 -5.859014000000000166e+00 -3.915869999999999962e+00 5.016301999999999595e+00
-7.292056999999999789e+00 9.853244000000000113e+00 1.434825000000000017e+01 -7.084896999999999778e+00 3.703743999999999925e-01 -1.409708000000000006e+01 -1.123127999999999993e+01 7.485214000000000034e+00 9.226929999999999410e+00 -4.041266000000000247e+00 -3.911617000000000122e+00 3.810779000000000138e+00
-7.584488000000000341e+00 9.438738999999999990e+00 1.469824999999999982e+01 -3.530031999999999837e+00 5.044999000000000011e-01 -1.536617999999999995e+01 -1.071414000000000044e+01 6.155914000000000108e+00 1.010998999999999981e+01 -5.761889000000000038e+00 -5.907270999999999717e+00 3.093157000000000156e+00
-7.694401000000000046e+00 9.058666999999999803e+00 1.557240000000000002e+01 -3.211926999999999977e-01 4.111809000000000047e+00 -1.359928999999999988e+01 -1.154508000000000045e+01 3.164759999999999796e+00 4.651155000000000150e+00 -6.275449000000000055e+00 -5.622906999999999655e+00 3.748641000000000112e+00
-7.727476000000000234e+00 9.313924999999999343e+00 1.620645000000000024e+01 1.136436000000000002e+00 5.269660000000000011e+00 -1.454949000000000048e+01 -1.106748999999999938e+01 6.285206999999999766e+00 6.037556000000000367e+00 -1.042683000000000071e+01 -9.407249999999999446e+00 4.114357000000000042e+00
-8.110257999999999967e+00 9.937336000000000169e+00 1.740776999999999930e+01 5.312400000000000233e+00 3.750558999999999976e+00 -1.431259000000000015e+01 -1.061440999999999946e+01 5.583725000000000271e+00 4.906089999999999840e+00 -9.050133999999999901e+00 -1.259792000000000023e+01 3.729811000000000210e+00
-8.457141000000000020e+00 9.364910000000000068e+00 1.717444000000000059e+01 5.517033999999999772e+00 5.453805000000000014e+00 -9.884672000000000125e+00 -9.764981999999999829e+00 4.126661000000000357e+00 5.103435000000000166e+00 -1.146160000000000068e+01 -1.352131999999999934e+01 1.822148000000000101e+00
-8.604364000000000345e+00 9.278831000000000273e+00 1.917932000000000059e+01 6.037872000000000128e+00 3.596797000000000022e+00 -8.835298999999999126e+00 -8.323192000000000590e+00 2.958746999999999794e+00 7.038874999999999993e-01 -1.126934999999999931e+01 -8.452659999999999840e+00 2.461313999999999780e+00
-9.578056999999999377e+00 1.038593999999999973e+01 1.999048000000000158e+01 7.831757999999999775e+00 5.103671000000000291e+00 -1.006906999999999996e+01 -1.151284000000000063e+01 2.940101999999999993e+00 3.215227000000000057e+00 -7.601923000000000208e+00 -9.896596000000000615e+00 8.628770999999999525e-01
-8.662045000000000883e+00 9.781069999999999709e+00 1.923764999999999858e+01 7.166955999999999882e+00 2.836133999999999933e+00 -9.463691999999999993e+00 -1.003880999999999979e+01 1.977284000000000042e+00 3.419481999999999911e+00 -7.198458999999999719e+00 -7.334196999999999633e+00 2.839668000000000192e-01
-9.469151999999999347e+00 8.780233000000000843e+00 2.022507999999999839e+01 7.436372999999999678e+00 4.499735000000000262e+00 -6.542426999999999992e+00 -1.018797999999999959e+01 1.154457000000000066e+00 2.655060999999999893e+00 -8.253185000000000215e+00 -9.922396000000000882e+00 3.824796999999999780e+00
-9.765212999999999255e+00 9.444366999999999734e+00 2.037049000000000021e+01 7.388556000000000346e+00 3.817991999999999830e+00 -6.669789999999999885e+00 -8.080743999999999261e+00 5.874639999999999862e-01 1.599231000000000069e+00 -5.914227999999999597e+00 -9.051724000000000103e+00 2.147902999999999896e+00
-1.017380999999999958e+01 9.498995000000000744e+00 2.134904999999999831e+01 5.648143000000000136e+00 5.236684000000000339e+00 -6.998084999999999667e+00 -9.779168000000000305e+00 2.137448000000000015e+00 1.805790000000000006e+00 -5.929860999999999827e+00 -8.146748000000000545e+00 2.161920999999999982e+00
-1.011088999999999949e+01 9.633409999999999584e+00 2.156081999999999965e+01 6.353563000000000294e+00 3.559375000000000178e+00 -6.754374999999999574e+00 -9.343277999999999750e+00 1.323179000000000105e+00 3.525832999999999995e+00 -7.468543999999999627e+00 -8.256467999999999918e+00 1.638662999999999981e+00
-9.941679999999999851e+00 9.892310000000000159e+00 2.133341000000000065e+01 7.093430999999999820e+00 4.749461000000000155e+00 -8.398113000000000383e+00 -1.143289000000000044e+01 2.647893999999999970e+00 2.297231000000000023e+00 -6.948997000000000313e+00 -7.703616000000000241e+00 2.267367000000000132e+00
-9.780540000000000234e+00 1.002706000000000053e+01 1.978378000000000014e+01 8.321747000000000227e+00 3.468229000000000006e+00 -7.452446000000000126e+00 -8.305137000000000214e+00 2.697715999999999781e+00 2.892344000000000026e-01 -7.260658000000000278e+00 -8.082390000000000185e+00 2.051034000000000024e+00
-1.011955999999999989e+01 9.475488999999999606e+00 2.017605000000000004e+01 7.563368999999999787e+00 5.624240000000000350e+00 -7.646893999999999636e+00 -6.602413000000000309e+00 3.850652999999999881e+00 -1.089094000000000034e-01 -9.506149999999999878e+00 -7.404225000000000279e+00 6.846221000000000112e-01
-1.054388999999999932e+01 1.046639000000000053e+01 1.947690000000000055e+01 8.627668999999999144e+00 5.649435999999999680e+00 -8.249684000000000239e+00 -7.133734999999999715e+00 3.611629000000000200e+00 -9.266976000000000102e-01 -8.081554999999999822e+00 -7.191873000000000182e+00 1.418563999999999936e+00
-1.021454999999999913e+01 1.031211000000000055e+01 1.994482999999999961e+01 9.010714999999999364e+00 5.242982999999999727e+00 -8.423068000000000666e+00 -8.518352999999999398e+00 3.120744999999999880e+00 2.466172000000000086e-01 -7.487834999999999575e+00 -7.945168999999999926e+00 1.509573999999999971e+00
-1.001126000000000005e+01 1.078322999999999965e+01 2.008010000000000161e+01 8.204005999999999688e+00 2.569735999999999798e+00 -5.266843999999999859e+00 -7.922979999999999912e+00 1.839739000000000013e+00 2.658900000000000041e+00 -9.863047999999999149e+00 -8.439050999999999192e+00 2.284523000000000081e+00
-1.017380999999999958e+01 1.024456999999999951e+01 2.029017999999999944e+01 9.354684000000000665e+00 2.998790000000000067e+00 -5.763984999999999914e+00 -7.531367000000000367e+00 3.276560000000000028e-01 2.523753999999999831e+00 -7.187149999999999928e+00 -7.113056000000000267e+00 1.361237999999999948e+00
-1.018087000000000053e+01 1.036772999999999989e+01 2.123660999999999888e+01 8.995803999999999689e+00 3.797985000000000166e+00 -8.031902000000000541e+00 -6.579629999999999868e+00 1.191982999999999931e-01 2.105262000000000189e+00 -7.521429999999999616e+00 -7.653433999999999848e+00 2.048524000000000012e+00
-1.021393999999999913e+01 1.024423999999999957e+01 2.072303000000000139e+01 9.182956000000000785e+00 3.003976999999999897e+00 -7.213922000000000168e+00 -5.314085999999999643e+00 -1.039239999999999942e+00 1.882585999999999982e-01 -8.566176999999999708e+00 -6.043642000000000181e+00 3.940285999999999955e+00
-1.022442999999999991e+01 1.042897999999999925e+01 2.034047999999999945e+01 1.055214999999999925e+01 3.817622000000000071e+00 -1.012124999999999986e+01 -5.718166000000000082e+00 -6.134604000000000168e-01 1.459093999999999891e+00 -7.235380000000000145e+00 -8.793158999999999281e+00 2.472821000000000158e+00
-9.351575000000000415e+00 1.021213000000000015e+01 1.993637999999999977e+01 9.887347999999999359e+00 2.547505000000000130e+00 -8.589645000000000863e+00 -8.953813999999999496e+00 8.151781000000000166e-01 2.410877000000000159e+00 -9.095701999999999288e+00 -9.725353000000000137e+00 2.707983000000000029e+00
-9.010540999999999912e+00 1.025417000000000023e+01 1.875491999999999848e+01 9.227173999999999765e+00 4.971767999999999965e+00 -1.166971000000000025e+01 -1.205663000000000018e+01 2.033525000000000027e+00 4.996699999999999697e+00 -1.065367999999999959e+01 -1.128467999999999982e+01 1.961487999999999898e+00
-8.806848000000000454e+00 9.796630000000000393e+00 1.946337000000000117e+01 9.090922000000000835e+00 4.750943000000000360e+00 -1.550422999999999973e+01 -1.540274999999999928e+01 1.813452000000000064e+00 6.954016000000000197e+00 -9.607597999999999416e+00 -1.153416999999999959e+01 7.588949999999999863e-01
-8.054797000000000651e+00 1.193403999999999954e+01 1.656362999999999985e+01 3.908243999999999829e+00 5.310417000000000165e+00 -1.534900000000000020e+01 -1.390034999999999954e+01 5.682076999999999822e-01 2.413564000000000043e+00 -8.651991999999999905e+00 -9.958118000000000691e+00 3.435943000000000191e-01
-7.690165999999999613e+00 1.311730000000000018e+01 1.578923999999999950e+01 -5.232554999999999845e-01 4.314108000000000054e+00 -1.672309999999999874e+01 -1.395064999999999955e+01 9.114598999999999895e-01 2.713035999999999781e+00 -1.101656000000000013e+01 -6.580617000000000161e+00 1.624854000000000021e+00
-6.269357000000000291e+00 1.354139999999999944e+01 1.411406999999999989e+01 -7.841732999999999620e+00 2.305560999999999972e+00 -1.237101999999999968e+01 -1.006417000000000073e+01 3.677651000000000003e+00 -4.996826000000000434e+00 -1.085824000000000034e+01 -2.687971000000000110e+00 4.765657000000000032e+00
-4.666031000000000262e+00 1.470214999999999961e+01 1.130775000000000041e+01 -1.256990000000000052e+01 -4.269683000000000228e-01 -9.858421999999999130e+00 -4.770298000000000371e+00 7.041095000000000326e+00 -7.283945000000000114e+00 -1.384013999999999989e+01 -4.749684000000000239e+00 9.038546999999999443e+00
-4.145503999999999856e+00 1.604895000000000138e+01 1.019815999999999967e+01 -1.479618999999999929e+01 -4.459626000000000090e+00 -8.921179999999999666e+00 -8.649097999999999509e-01 7.726683000000000412e+00 -8.723328999999999667e+00 -1.055189999999999984e+01 -5.043688000000000393e+00 5.752126999999999768e+00
-3.349286999999999903e+00 1.695014000000000109e+01 9.183669999999999334e+00 -1.328560000000000052e+01 -6.965030999999999750e+00 -1.139100000000000001e+01 -1.711327999999999960e+00 9.716200999999999866e+00 -4.605977000000000210e+00 -8.360620000000000829e+00 -5.077709999999999724e+00 1.943076999999999943e+00
-2.513338000000000072e+00 1.672931000000000168e+01 8.333192000000000377e+00 -1.200022000000000055e+01 -8.925781999999999883e+00 -1.186772000000000027e+01 -2.350118000000000151e+00 1.034615999999999936e+01 -2.267409999999999926e+00 -6.157038000000000011e+00 -3.457428000000000168e+00 -1.852581999999999951e+00
-2.620025000000000048e+00 1.685048000000000101e+01 8.527212000000000458e+00 -9.862875000000000725e+00 -1.067534000000000027e+01 -1.265944999999999965e+01 -4.322801000000000116e+00 1.149634000000000000e+01 -1.049941999999999931e+00 -7.179499999999999993e+00 -2.729363999999999901e+00 -1.716590000000000060e+00
-3.258128999999999831e+00 1.873826999999999998e+01 1.049996999999999936e+01 -1.071585999999999927e+01 -1.085355999999999987e+01 -1.234638999999999953e+01 -5.071208000000000382e+00 8.091331000000000273e+00 -5.788497000000000225e-01 -4.071201000000000292e+00 -2.101097000000000214e+00 -2.560163000000000189e+00
-3.307741000000000042e+00 1.859193000000000140e+01 9.710357000000000127e+00 -9.635104000000000113e+00 -1.014217000000000013e+01 -1.381577000000000055e+01 -4.511944999999999872e+00 9.599133999999999389e+00 1.425700000000000023e-01 -4.867485000000000284e+00 -2.316000999999999976e+00 -2.169758999999999993e+00
-2.975379000000000218e+00 1.725968999999999909e+01 9.960596999999999923e+00 -9.576489999999999725e+00 -1.053750999999999927e+01 -1.323178000000000054e+01 -5.218225000000000335e+00 1.173170000000000002e+01 6.086709000000000147e-01 -6.963299000000000127e+00 -2.941999000000000031e+00 -1.882500999999999980e+00
-2.983849000000000196e+00 1.659655000000000058e+01 8.512418000000000262e+00 -1.220228000000000002e+01 -8.932081000000000159e+00 -1.009629999999999939e+01 -2.913679999999999826e+00 1.067046000000000028e+01 -1.476881000000000110e+00 -8.219257999999999953e+00 -2.651397999999999922e+00 -2.644268999999999981e+00
-3.011881999999999948e+00 1.582482000000000077e+01 9.556070000000000064e+00 -1.264291000000000054e+01 -8.794249999999999901e+00 -1.095090000000000074e+01 -2.407290999999999848e+00 1.313740999999999914e+01 -6.817450999999999928e-01 -9.006894000000000844e+00 -6.809412000000000020e+00 -2.835704999999999920e+00
-4.031759000000000093e+00 1.670778999999999925e+01 1.018674000000000035e+01 -1.423216000000000037e+01 -5.349225999999999814e+00 -9.636426999999999410e+00 -1.338198999999999916e+00 1.410450999999999944e+01 -7.531584999999999752e+00 -1.106977999999999973e+01 -5.960854999999999571e+00 2.524289000000000005e+00
-4.075320999999999749e+00 1.590196000000000076e+01 1.009839999999999982e+01 -1.553349000000000046e+01 -2.671161999999999814e+00 -4.830955999999999584e+00 -1.592683000000000071e+00 9.230207000000000050e+00 -8.800501000000000573e+00 -1.420933999999999919e+01 -4.548956000000000444e+00 7.386968000000000423e+00
-4.960880999999999652e+00 1.502097000000000016e+01 1.140878000000000014e+01 -1.337969000000000008e+01 -8.871447999999999556e-01 -5.269112999999999936e+00 -3.218030000000000168e+00 7.279201999999999728e+00 -1.047523999999999944e+01 -1.454662000000000077e+01 -3.190640999999999838e+00 1.087528000000000006e+01
-5.971682999999999630e+00 1.468327999999999989e+01 1.196335999999999977e+01 -9.066962999999999440e+00 7.019830000000000236e-01 -6.659419999999999895e+00 -4.203726999999999769e+00 1.228120000000000100e+00 -7.990775000000000183e+00 -1.148422000000000054e+01 -2.800809999999999800e+00 1.019636999999999993e+01
-6.920569000000000415e+00 1.273490999999999929e+01 1.361021000000000036e+01 -4.648317999999999728e+00 3.879126999999999992e+00 -9.583925000000000693e+00 -7.748882000000000048e+00 -1.555798999999999932e+00 -2.389886000000000177e+00 -1.099892999999999965e+01 -4.590915999999999997e+00 8.763422999999999519e+00
-7.782332000000000249e+00 1.101596999999999937e+01 1.535258999999999929e+01 -4.286510000000000042e-01 3.544554000000000205e+00 -9.751151000000000124e+00 -9.957993999999999346e+00 -2.334306000000000214e+00 2.227354000000000056e+00 -1.069026000000000032e+01 -8.396240000000000592e+00 3.928570000000000118e+00
-8.257884999999999920e+00 9.581431999999999505e+00 1.654926000000000030e+01 4.028040999999999983e+00 4.301141000000000325e+00 -9.695410000000000750e+00 -1.260988000000000042e+01 -1.082337000000000105e+00 3.793436999999999948e+00 -1.199146000000000001e+01 -1.154834999999999923e+01 4.282987999999999573e+00
-8.255667000000000755e+00 8.795464000000000837e+00 1.702353000000000094e+01 7.095487999999999573e+00 5.484928000000000026e+00 -1.060510000000000019e+01 -1.301051999999999964e+01 -8.390349000000000279e-01 4.436149999999999594e+00 -1.260446999999999917e+01 -1.298775000000000013e+01 3.400500000000000078e+00
-9.482262000000000413e+00 8.783213999999999189e+00 2.071965000000000146e+01 9.640038999999999803e+00 3.325952000000000019e+00 -1.263805999999999941e+01 -1.280073999999999934e+01 9.615875000000000394e-01 4.765569000000000166e+00 -1.261645000000000039e+01 -1.337247999999999948e+01 3.227685000000000137e+00
-9.682727999999999113e+00 9.514554999999999652e+00 2.053407999999999944e+01 1.045292000000000066e+01 4.018068999999999669e+00 -9.398875000000000313e+00 -1.154679999999999929e+01 -3.182809000000000221e+00 1.448344000000000076e+00 -1.156969999999999921e+01 -9.260673999999999850e+00 6.061772000000000382e+00
-9.303575999999999624e+00 9.256648999999999461e+00 2.007417999999999836e+01 1.145140999999999920e+01 4.750943000000000360e+00 -8.948078999999999894e+00 -1.142214000000000063e+01 -2.804711999999999872e+00 -1.681904000000000066e+00 -9.655495999999999412e+00 -8.636659999999999116e+00 6.349866999999999706e+00
-9.238435000000000841e+00 1.103186999999999962e+01 1.949846000000000146e+01 8.984491999999999479e+00 3.543813000000000102e+00 -6.138297999999999810e+00 -8.068277000000000143e+00 -1.705265000000000031e+00 -2.284686999999999912e+00 -1.300228000000000073e+01 -1.034596999999999944e+01 8.866777000000000797e+00
-1.010968000000000089e+01 1.021610000000000085e+01 1.957074000000000069e+01 1.139278999999999975e+01 6.312281999999999726e+00 -6.987714000000000425e+00 -7.650012000000000256e+00 -4.093359000000000414e+00 -3.729830000000000201e+00 -1.198579999999999934e+01 -8.477892000000000650e+00 1.033759000000000050e+01
-9.829548000000000840e+00 1.069715000000000060e+01 1.967895000000000039e+01 1.099587000000000003e+01 5.490115000000000300e+00 -6.989982999999999613e+00 -7.691278999999999755e+00 -2.715460000000000207e+00 -1.525641000000000025e+00 -1.025253999999999976e+01 -8.816974999999999341e+00 7.076067000000000107e+00
-9.553050000000000708e+00 1.078223999999999982e+01 1.870504999999999995e+01 9.236428000000000083e+00 5.899161000000000321e+00 -4.193488999999999578e+00 -6.111928999999999945e+00 -2.506085000000000118e+00 -4.773373999999999562e+00 -9.246045000000000513e+00 -1.067625999999999920e+01 6.727926000000000073e+00
-1.028372000000000064e+01 1.067794999999999916e+01 2.046602000000000032e+01 9.251853000000000549e+00 6.225582000000000171e+00 -4.179877000000000287e+00 -4.821023000000000280e+00 -3.315157999999999827e+00 -5.550463999999999842e+00 -8.833933000000000035e+00 -9.471325000000000216e+00 5.587261999999999951e+00
-1.005926000000000009e+01 1.073654999999999937e+01 2.018450999999999951e+01 8.140765000000000029e+00 4.460091000000000250e+00 -4.156543000000000099e+00 -2.824697000000000013e+00 -1.978216999999999892e+00 -4.908520000000000216e+00 -1.120814999999999984e+01 -8.251647999999999428e+00 5.516335999999999906e+00
-1.015424999999999933e+01 1.060842000000000063e+01 2.023649999999999949e+01 1.118455999999999939e+01 4.132557000000000258e+00 -4.818316000000000265e+00 -4.346873999999999683e+00 -3.187088000000000143e+00 -3.941380000000000106e+00 -1.095435999999999943e+01 -8.822077999999999420e+00 6.495902000000000065e+00
-1.058745000000000047e+01 1.057432000000000016e+01 2.212809000000000026e+01 1.017116000000000042e+01 3.488977000000000217e+00 -6.544370999999999938e+00 -6.057764999999999844e+00 5.981619999999999715e-01 -5.480971000000000259e+00 -1.037561000000000000e+01 -8.420906000000000446e+00 5.487464000000000119e+00
-1.060701000000000072e+01 1.007075999999999993e+01 2.192899999999999849e+01 9.921283000000000740e+00 4.619040000000000035e+00 -5.898801999999999879e+00 -8.335656999999999428e+00 -3.157509000000000010e-01 4.086390999999999774e-01 -1.373437000000000019e+01 -1.092319999999999958e+01 4.023556000000000132e+00
-1.034684999999999988e+01 8.753085999999999700e+00 1.900600999999999985e+01 1.004057000000000066e+01 7.221148999999999596e+00 -9.313643000000000782e+00 -9.053114000000000772e+00 2.518602000000000007e+00 1.558918000000000026e+00 -1.336749000000000009e+01 -1.333505000000000074e+01 3.589634000000000214e+00
-9.927158999999999622e+00 6.954693999999999932e+00 1.824260999999999910e+01 1.105138999999999960e+01 1.083216000000000001e+01 -1.296959999999999980e+01 -1.489120999999999917e+01 5.969158000000000186e+00 1.810013000000000094e+00 -1.258118999999999943e+01 -1.124811000000000050e+01 8.266820999999999753e-01
-9.644005999999999190e+00 5.147032000000000274e+00 1.531328000000000067e+01 1.630090999999999823e+01 1.051167000000000051e+01 -1.889735999999999905e+01 -1.516760999999999981e+01 5.106595999999999691e+00 2.893485999999999780e+00 -8.784373000000000431e+00 -1.130226000000000042e+01 -8.820133000000000001e-01
-8.251632999999999996e+00 9.515549000000000035e+00 1.483774000000000015e+01 8.516612000000000293e+00 7.898075000000000401e+00 -1.602439000000000036e+01 -1.974360000000000070e+01 1.371167000000000025e+00 4.252627000000000379e+00 -6.713836999999999833e+00 -8.934915999999999414e+00 -6.200704999999999689e-01
-8.816527999999999921e+00 8.042602000000000473e+00 1.216498999999999953e+01 2.792013999999999996e+00 9.383829999999999671e+00 -1.499963999999999942e+01 -2.006171000000000149e+01 1.570454999999999934e+00 5.293484000000000300e+00 -6.398517000000000010e+00 -1.081630999999999965e+01 2.886865999999999932e+00
-8.963347999999999871e+00 2.627030000000000198e-01 1.563326999999999956e+01 3.903102000000000071e+00 -1.786008000000000040e+00 -1.588859000000000066e+01 -2.053585999999999956e+01 4.988235999999999781e-01 6.906024000000000385e+00 -6.511938999999999922e+00 -3.289587000000000039e+00 3.383344000000000129e+00
-1.065560999999999936e+01 8.381089999999999929e-01 1.070623999999999931e+01 5.310857000000000383e+00 -3.313260000000000094e+00 -1.292876000000000047e+01 -2.092230999999999952e+01 -4.187571999999999961e-01 4.572064000000000128e+00 -6.482003999999999877e+00 -6.838111999999999524e-01 8.102289000000000740e+00
-1.370456000000000074e+01 5.831692000000000320e+00 3.251883999999999997e+00 5.635803000000000118e+00 1.547492000000000090e+00 -5.875467999999999691e+00 -1.107093000000000060e+01 -5.926382000000000261e+00 -5.075916999999999568e+00 -6.953654000000000224e+00 -1.788664999999999949e+00 3.524148999999999976e+00
-1.468410000000000082e+01 4.854363000000000206e+00 5.406695999999999724e-01 4.435252000000000194e+00 -9.519845000000000113e-01 -8.076625999999999195e+00 -1.225136000000000003e+01 -5.323933000000000249e+00 -3.262192999999999898e+00 -5.628178000000000125e+00 -4.057627000000000095e+00 2.863852000000000064e+00
-1.033615999999999957e+01 6.571310999999999680e+00 2.639810999999999908e+00 -3.888398000000000021e+00 -3.840869999999999784e+00 -1.354864000000000068e+00 -3.990940000000000154e+00 2.611521000000000203e+00 6.121254000000000417e+00 -6.098164999999999836e+00 -5.822784000000000404e+00 2.061371999999999927e-01
-6.254030000000000200e+00 3.032134000000000107e+00 5.417389000000000010e+00 -1.196524999999999928e+01 -2.309912000000000187e+00 -8.690670999999999813e-01 -3.229636000000000173e+00 2.873162999999999911e+00 8.646798999999999680e+00 -6.554514000000000173e+00 -3.392787000000000219e+00 4.197416999999999732e+00
-3.208314999999999806e+00 8.428964999999999819e+00 3.091680000000000206e+00 -1.458641000000000076e+01 -3.349940999999999836e+00 -1.378198000000000034e+00 -1.468020000000000103e+00 9.426368000000000524e-01 1.163038000000000061e+01 -3.759206999999999965e+00 -5.038585000000000313e+00 6.418909000000000198e+00
-2.201144000000000212e+00 7.532747999999999777e+00 6.230966000000000005e-01 -1.739369999999999905e+01 -5.833855999999999931e+00 -7.809171999999999780e-01 -1.003759000000000068e+00 5.706529000000000185e-01 1.165264999999999951e+01 -5.297225000000000072e+00 -6.166402999999999857e+00 4.182144000000000084e+00
-2.198319999999999830e+00 1.041540999999999961e+01 1.023395999999999972e+00 -1.666050999999999860e+01 -8.039887000000000228e+00 2.340953999999999979e+00 1.624479999999999924e+00 -5.651665999999999634e-01 9.459597000000000477e+00 -6.570147000000000403e+00 -5.031780999999999615e+00 4.561668000000000056e+00
-2.895917999999999992e+00 1.234324999999999939e+01 2.727733000000000185e+00 -1.629701000000000022e+01 -7.961338999999999722e+00 7.109144000000000574e-02 1.711314000000000002e+00 -7.558962999999999655e-01 1.312198000000000064e+01 -6.191962000000000188e+00 -8.027955000000000396e+00 3.549046000000000145e+00
-2.528464000000000045e+00 1.248793000000000042e+01 2.520608999999999877e+00 -1.521523000000000003e+01 -8.181423000000000556e+00 1.162919999999999954e+00 3.799202999999999886e+00 -1.588505000000000056e+00 1.095656999999999925e+01 -6.998889000000000138e+00 -8.279149000000000314e+00 5.316112999999999644e+00
-2.584731999999999807e+00 1.389962000000000053e+01 1.578826999999999980e+00 -1.510931000000000068e+01 -9.468211999999999406e+00 -1.308197000000000054e+00 5.783492999999999995e+00 -2.528398000000000145e+00 1.301486000000000054e+01 -4.534202999999999761e+00 -1.105532000000000004e+01 4.195534000000000319e+00
-1.995837000000000083e+00 1.312424999999999997e+01 1.646036999999999972e+00 -1.466507999999999967e+01 -8.343707000000000207e+00 -2.646326999999999874e+00 3.395122999999999891e+00 1.619902000000000009e-01 1.434022000000000041e+01 -6.441756999999999955e+00 -1.068731999999999971e+01 5.118610000000000326e+00
-2.457272000000000123e+00 1.307657999999999987e+01 2.026047000000000153e+00 -1.452830999999999939e+01 -7.620466999999999658e+00 -4.830307000000000350e+00 6.142006000000000299e+00 -1.290183999999999997e+00 1.378696000000000055e+01 -5.651461000000000290e+00 -1.068448000000000064e+01 6.000261000000000067e+00
-2.347761999999999905e+00 1.427009999999999934e+01 1.200930999999999971e+00 -1.477716999999999992e+01 -8.971724999999999284e+00 -3.495743000000000045e+00 4.804674000000000333e+00 1.428325000000000067e+00 1.318878999999999913e+01 -6.159366000000000341e+00 -1.022546999999999962e+01 3.156969000000000136e+00
-1.898225999999999969e+00 1.468989999999999974e+01 1.229675000000000074e+00 -1.512268000000000079e+01 -1.046303999999999945e+01 -3.347961999999999883e+00 4.484848999999999641e+00 2.620997000000000021e+00 1.468576000000000015e+01 -7.703702999999999967e+00 -1.168102999999999980e+01 3.742783000000000193e+00
-1.848815000000000097e+00 1.451575000000000060e+01 1.739031999999999911e+00 -1.521265000000000001e+01 -1.050305000000000000e+01 -5.414625000000000021e+00 6.934260000000000090e+00 1.644424000000000108e+00 1.285629999999999917e+01 -4.491960999999999871e+00 -1.352416000000000018e+01 5.391642000000000046e+00
-2.311863999999999919e+00 1.479914999999999914e+01 3.289505000000000123e+00 -1.590418999999999983e+01 -1.171091999999999977e+01 -4.230433999999999806e+00 5.200155999999999779e+00 3.053195000000000103e+00 1.264052000000000042e+01 -6.241855000000000153e+00 -9.430782000000000664e+00 2.773679000000000006e+00
-2.125312999999999786e+00 1.507526999999999973e+01 2.807624000000000120e+00 -1.555765000000000065e+01 -1.072203000000000017e+01 -6.491869999999999585e+00 5.004564000000000235e+00 5.553465000000000096e+00 1.129251999999999967e+01 -8.285781999999999314e+00 -8.247396000000000171e+00 5.275733999999999924e+00
-1.899839000000000055e+00 1.444954000000000072e+01 3.565951999999999789e+00 -1.419463000000000008e+01 -1.179429000000000016e+01 -7.410963999999999885e+00 5.430138000000000353e+00 5.634159000000000361e+00 1.016066999999999965e+01 -5.976427000000000156e+00 -8.896641999999999939e+00 4.302444999999999631e+00
-2.085583000000000187e+00 1.547222000000000008e+01 3.467039999999999900e+00 -1.287634000000000079e+01 -1.138264999999999993e+01 -1.010829000000000022e+01 3.608769000000000116e+00 5.179953000000000252e+00 1.354969000000000001e+01 -6.177660000000000373e+00 -8.232653000000000887e+00 3.431255000000000166e+00
-2.164842000000000155e+00 1.562419000000000047e+01 3.953993000000000091e+00 -1.170972000000000079e+01 -1.344899999999999984e+01 -1.085107999999999961e+01 3.627254000000000200e+00 6.968348999999999904e+00 1.155705000000000027e+01 -4.167993000000000059e+00 -7.496082999999999608e+00 2.747316999999999787e+00
-1.851639000000000035e+00 1.653794999999999860e+01 3.717702000000000062e+00 -1.360335000000000072e+01 -1.108178999999999981e+01 -1.286848999999999954e+01 3.308718999999999966e+00 7.488882000000000261e+00 1.224314999999999998e+01 -5.214402999999999899e+00 -7.462912000000000212e+00 2.199580000000000091e+00
-1.561628000000000016e+00 1.732126999999999839e+01 4.897888000000000019e+00 -1.352365999999999957e+01 -1.129743000000000031e+01 -1.400633000000000017e+01 1.989011000000000084e+00 1.021136000000000088e+01 8.798838999999999189e+00 -3.449209000000000191e+00 -6.778793000000000291e+00 2.047267999999999866e+00
-1.467445000000000110e+00 1.773312999999999917e+01 5.321858999999999895e+00 -1.195856999999999992e+01 -1.154382000000000019e+01 -1.248152999999999935e+01 -8.619006999999999641e-01 1.055705999999999989e+01 7.492296999999999763e+00 -2.220524999999999860e+00 -4.486867000000000161e+00 4.559451999999999949e-01
-1.714901999999999926e+00 1.929909999999999926e+01 4.913950999999999958e+00 -1.195753999999999984e+01 -1.063310000000000066e+01 -1.412947999999999915e+01 1.012342000000000075e+00 9.473204000000000846e+00 8.947805999999999926e+00 -2.237487999999999921e+00 -4.171032000000000295e+00 6.427781999999999663e-01
-1.671742999999999979e+00 1.951132000000000133e+01 6.596729999999999983e+00 -8.036082999999999643e+00 -1.241452999999999918e+01 -1.664207999999999998e+01 1.581857999999999875e-01 9.077683999999999642e+00 6.758975999999999651e+00 1.389027000000000012e+00 -3.545033000000000101e+00 -1.821827000000000085e+00
-1.887537000000000020e+00 1.927990000000000137e+01 6.503734999999999822e+00 -7.726562000000000374e+00 -1.042858000000000018e+01 -1.693505000000000038e+01 -2.144209000000000032e+00 8.613697999999999411e+00 5.679725999999999608e+00 1.165840999999999905e+00 -2.220740000000000158e+00 -1.650182000000000038e-01
-2.061382000000000048e+00 1.963911999999999836e+01 5.515033999999999992e+00 -6.548633999999999844e+00 -1.107920000000000016e+01 -1.639415999999999940e+01 -1.789995000000000003e+00 8.268306000000000822e+00 5.805657000000000068e+00 2.376897000000000038e+00 -2.518146000000000218e+00 -2.932697000000000220e-01
-2.126926999999999790e+00 1.954642000000000124e+01 7.589235000000000397e+00 -3.441596999999999795e+00 -1.217666000000000004e+01 -1.740529000000000082e+01 -2.230183999999999944e+00 5.884796999999999834e+00 4.752899000000000207e+00 2.804308999999999941e+00 9.858021999999999618e-01 1.172522000000000064e+00
-2.085785000000000000e+00 2.054990000000000094e+01 8.063084999999999170e+00 -4.570166999999999646e+00 -1.153603999999999985e+01 -1.549970000000000070e+01 -3.930757999999999974e+00 4.273680999999999841e+00 4.968671999999999755e+00 4.708536999999999750e+00 3.532324000000000019e+00 -5.224887999999999755e-02
-2.143262000000000000e+00 2.048600000000000065e+01 7.568522999999999890e+00 -3.814874000000000098e+00 -1.098471999999999937e+01 -1.431874999999999964e+01 -5.290442999999999785e+00 2.555892000000000053e+00 6.011447999999999681e+00 7.251055000000000028e+00 1.609533000000000103e+00 -2.205535999999999941e+00
-2.702913999999999817e+00 2.064491999999999905e+01 7.623052000000000383e+00 -3.404063999999999979e+00 -9.851692999999999145e+00 -1.723320999999999970e+01 -6.582639000000000351e+00 5.035072000000000436e+00 4.944867999999999597e+00 6.218614999999999782e+00 5.055645000000000167e+00 -1.250240000000000018e+00
-2.636360999999999954e+00 1.968744999999999834e+01 6.682539000000000229e+00 -5.496159999999999712e+00 -1.107400999999999947e+01 -1.425004000000000026e+01 -1.945608000000000004e+00 3.633941999999999783e+00 2.288400000000000212e+00 4.557197000000000386e+00 3.308914999999999829e+00 5.256153000000000075e-01
-3.046167000000000069e+00 1.857372000000000156e+01 7.675467000000000262e+00 -6.505444999999999922e+00 -9.556765000000000398e+00 -1.309436999999999962e+01 -5.870340999999999809e+00 4.815610000000000390e+00 2.804028999999999883e+00 3.415989999999999860e+00 4.188374999999999737e+00 4.406722000000000139e-01
-2.936857999999999969e+00 1.829099000000000075e+01 7.202885000000000204e+00 -3.998940999999999857e+00 -1.160940000000000083e+01 -1.349460999999999977e+01 -6.549539000000000222e+00 4.553357000000000099e+00 5.569535000000000124e+00 2.925380999999999787e+00 1.993346000000000007e-01 1.359982000000000024e+00
-1.817555000000000032e+00 1.871343999999999852e+01 7.421845000000000248e+00 -4.103314000000000128e+00 -1.100249999999999950e+01 -1.403744999999999976e+01 -9.120604000000000156e+00 5.367015000000000313e+00 5.255090000000000039e+00 1.821094999999999908e+00 2.950270000000000170e+00 -3.202590000000000159e-01
-2.282418999999999976e+00 1.818703000000000003e+01 6.368470000000000297e+00 -3.011249999999999982e+00 -9.588259000000000754e+00 -1.444125000000000014e+01 -7.142762000000000278e+00 4.396250000000000213e+00 1.294767999999999919e+00 8.585038999999999865e-01 2.917666000000000093e+00 -8.964493999999999518e-01
-4.919940999999999676e+00 1.747653999999999996e+01 6.300837999999999717e+00 -3.399436999999999820e+00 -9.075098999999999805e+00 -1.508876000000000062e+01 -9.865572000000000230e+00 4.918004999999999960e+00 3.297006000000000103e+00 4.619396000000000058e+00 4.397041999999999895e+00 -8.748998000000000053e-01
