-8.320755000000000123e+00 6.675559999999999938e+00 -2.322518999999999778e+00 -7.893931000000000253e+00 -1.060296999999999912e+01 -2.637982000000000049e+00 -1.698854000000000086e+00 9.036623999999999768e+00 8.211686000000000263e+00 -5.322358000000000366e+00 -3.033475000000000144e+00 -7.378082999999999725e-01
-2.773871999999999893e+00 5.324626000000000303e+00 3.848514000000000213e+00 -1.145733000000000068e+01 -7.330911999999999651e+00 -1.194525000000000059e+00 4.780590000000000117e-01 7.619270000000000209e+00 8.346164999999999168e+00 -1.344438000000000066e+01 -7.668339999999999712e+00 5.721828000000000358e+00
-1.580473000000000017e+00 4.697017999999999915e+00 2.898423999999999889e+00 -1.367262999999999984e+01 -1.096771000000000029e+01 -4.852407999999999610e+00 3.982798999999999978e+00 7.368922999999999668e+00 1.108342000000000027e+01 -1.451784999999999926e+01 -9.027780999999999167e+00 7.491260999999999726e+00
-1.227905000000000024e+00 5.505988000000000326e+00 2.965343999999999980e+00 -8.954641999999999769e+00 -9.931737000000000037e+00 -5.521071000000000062e+00 5.087816000000000116e+00 8.078749999999999432e+00 1.012120999999999960e+01 -1.135614999999999952e+01 -8.497415999999999414e+00 3.453104999999999869e+00
-5.875890999999999753e-01 8.773949999999999250e+00 2.486631000000000036e+00 -1.198893999999999949e+01 -8.021898999999999447e+00 -3.900408999999999793e+00 2.374953999999999787e+00 6.637051999999999730e+00 1.154496999999999929e+01 -1.389553000000000083e+01 -1.039404000000000039e+01 6.223002000000000145e+00
-1.641443999999999959e-01 1.055602000000000018e+01 1.447313999999999989e+00 -1.284284000000000070e+01 -7.952766999999999697e+00 -4.494811000000000334e+00 2.405063999999999869e+00 6.501909999999999634e+00 1.053321000000000041e+01 -1.062270000000000003e+01 -1.084049000000000085e+01 5.122587000000000224e+00
-3.589047000000000209e-01 1.289250999999999969e+01 1.938649000000000067e+00 -1.547284999999999933e+01 -6.651502999999999943e+00 -4.621978000000000364e+00 1.362775000000000070e+00 4.853952999999999740e+00 1.258317000000000085e+01 -1.029992999999999981e+01 -1.140921999999999947e+01 4.564128000000000185e+00
-4.382628000000000079e-01 1.230758999999999936e+01 1.887285000000000101e+00 -1.424128999999999934e+01 -8.583475999999999217e+00 -6.649638000000000382e+00 2.982162000000000202e+00 5.667100999999999722e+00 1.292774999999999963e+01 -1.181691999999999965e+01 -1.076374999999999993e+01 5.451673999999999687e+00
-1.212155000000000094e+00 1.239057999999999993e+01 3.411772000000000027e+00 -1.690259999999999962e+01 -8.159824000000000410e+00 -6.162323999999999913e+00 2.174224999999999852e+00 4.279075999999999880e+00 1.394732999999999912e+01 -1.122743999999999964e+01 -1.010643999999999920e+01 6.360908000000000229e+00
-9.280410000000000048e-01 1.124884999999999913e+01 3.368039000000000005e+00 -1.431179000000000023e+01 -9.863626000000000005e+00 -7.832704999999999806e+00 1.791333000000000064e+00 6.309644999999999726e+00 1.232055000000000078e+01 -9.282524000000000441e+00 -1.184347999999999956e+01 4.598545999999999800e+00
-9.604506000000000432e-01 1.177596999999999916e+01 4.597843000000000124e+00 -1.501318000000000019e+01 -1.116147999999999918e+01 -7.621077999999999797e+00 2.103969000000000200e+00 4.458497000000000376e+00 1.366272000000000020e+01 -9.656712999999999880e+00 -1.040300000000000047e+01 3.807888000000000162e+00
-8.332355000000000178e-01 1.225721000000000060e+01 3.346026000000000167e+00 -1.536818000000000062e+01 -1.106545000000000023e+01 -7.740596000000000032e+00 8.213068000000000035e-01 4.363227000000000189e+00 1.352899000000000029e+01 -8.830711000000000865e+00 -1.001571999999999996e+01 4.238341000000000136e+00
-1.476580999999999921e+00 1.219092000000000020e+01 4.296702999999999939e+00 -1.695439999999999969e+01 -1.162838999999999956e+01 -8.885099000000000302e+00 2.138093000000000021e+00 5.214330000000000354e+00 1.345448999999999984e+01 -9.948964999999999392e+00 -1.082112000000000052e+01 5.957092000000000276e+00
-1.126738999999999935e+00 1.181521000000000043e+01 3.871700999999999837e+00 -1.572535000000000061e+01 -1.167947000000000024e+01 -9.141026000000000096e+00 1.284489999999999910e+00 5.088964999999999961e+00 1.283089000000000013e+01 -8.939185999999999410e+00 -9.817769999999999442e+00 5.328148999999999802e+00
-1.246685000000000043e+00 1.237282000000000082e+01 5.382979999999999876e+00 -1.714826000000000050e+01 -1.368840999999999930e+01 -9.490019000000000204e+00 3.199450999999999823e+00 5.792466000000000115e+00 1.119107999999999947e+01 -8.047501999999999711e+00 -1.154513000000000034e+01 5.433758000000000088e+00
-2.034813000000000205e+00 1.402177999999999969e+01 6.393825999999999787e+00 -1.800359999999999872e+01 -1.356818999999999953e+01 -1.150811999999999991e+01 4.872532999999999781e+00 6.612322999999999951e+00 1.015584999999999916e+01 -8.858575999999999340e+00 -1.244197999999999915e+01 7.055150000000000254e+00
-2.145974999999999966e+00 1.313166999999999973e+01 6.448419000000000345e+00 -1.721192999999999884e+01 -1.204283999999999999e+01 -1.061571999999999960e+01 3.219916999999999918e-01 6.638777000000000150e+00 9.771414000000000044e+00 -6.310243999999999964e+00 -9.786571999999999605e+00 4.581572999999999674e+00
-2.260771000000000086e+00 1.412279999999999980e+01 7.667951000000000406e+00 -1.865283000000000158e+01 -1.094932000000000016e+01 -1.190108999999999995e+01 -7.238097999999999477e-01 9.579679999999999751e+00 1.006123000000000012e+01 -7.985136999999999929e+00 -1.214112000000000080e+01 5.431165000000000020e+00
-1.498995000000000077e+00 1.558297999999999917e+01 6.401457999999999871e+00 -1.640480000000000160e+01 -1.365503999999999962e+01 -1.235971999999999937e+01 1.779681999999999931e-01 1.014497000000000071e+01 8.649020000000000152e+00 -6.600172999999999845e+00 -1.160178999999999938e+01 3.766398000000000135e+00
-1.516864999999999908e+00 1.629807999999999879e+01 6.827340000000000408e+00 -1.649399999999999977e+01 -1.261361999999999917e+01 -1.395073999999999970e+01 -1.733087000000000100e-01 8.816947000000000756e+00 9.294219999999999260e+00 -4.075394000000000183e+00 -1.043922000000000061e+01 2.909027000000000029e+00
-1.559876000000000040e+00 1.704898000000000025e+01 7.688202000000000425e+00 -1.581995000000000040e+01 -1.359680000000000000e+01 -1.440235999999999983e+01 -5.421494000000000035e-01 8.881738999999999606e+00 8.072737000000000052e+00 -2.402489999999999792e+00 -1.087025000000000041e+01 2.140055999999999958e+00
-1.513230999999999993e+00 1.737591000000000108e+01 7.515913000000000288e+00 -1.508043999999999940e+01 -1.284995999999999938e+01 -1.395648000000000089e+01 -1.625086000000000030e+00 9.953284000000000020e+00 3.852122000000000046e+00 -1.792111000000000010e+00 -6.738857000000000319e+00 1.136698000000000014e-01
-1.146123999999999921e+00 1.657357000000000014e+01 7.785941000000000223e+00 -1.148287000000000013e+01 -1.333558999999999983e+01 -1.376970999999999989e+01 -2.070705999999999936e+00 6.997044999999999959e+00 4.532338000000000200e+00 -1.009233999999999964e+00 -5.132342000000000404e+00 1.324173999999999962e+00
-7.138955999999999635e-01 1.825302999999999898e+01 7.616292999999999758e+00 -1.062034000000000056e+01 -1.462630000000000052e+01 -1.424300000000000033e+01 -1.820294999999999996e+00 8.815222000000000335e+00 3.656922999999999924e+00 -2.350741000000000192e+00 -4.031092000000000120e+00 6.895727999999999858e-01
-1.416608000000000089e+00 1.912696000000000041e+01 9.401709999999999567e+00 -9.424030999999999381e+00 -1.334750999999999976e+01 -1.716306000000000154e+01 -1.859939999999999927e+00 7.512690000000000090e+00 3.201707999999999998e+00 -8.264517999999999587e-01 -2.522116000000000025e+00 1.365663000000000071e+00
-9.964948999999999613e-01 1.983623000000000047e+01 7.267017000000000060e+00 -7.537484000000000073e+00 -1.149658999999999942e+01 -1.870786999999999978e+01 -2.797346999999999806e+00 7.572497000000000256e+00 3.909861999999999949e+00 2.805237999999999898e-01 -5.024404999999999788e+00 1.253689000000000053e+00
-7.711424000000000056e-01 1.979194999999999993e+01 6.934177000000000035e+00 -6.886814000000000213e+00 -1.170364999999999966e+01 -1.773706999999999923e+01 -3.533523000000000192e+00 7.748852000000000295e+00 1.205017999999999923e+00 6.646644999999999914e-01 3.075725000000000264e-01 4.406356000000000162e-01
-6.842120000000000424e-01 2.080721000000000132e+01 7.192172000000000232e+00 -7.072771000000000363e+00 -1.108145000000000024e+01 -1.774217000000000155e+01 -3.312218999999999802e+00 4.064383000000000301e+00 4.715243000000000073e+00 1.504267000000000021e+00 -9.779974000000000167e-01 1.773722000000000021e+00
-9.101704000000000461e-01 2.096231999999999829e+01 7.687909000000000326e+00 -6.958390999999999771e+00 -9.659973000000000809e+00 -1.689342999999999861e+01 -3.688587000000000060e+00 8.955596000000000112e-01 4.350548999999999999e+00 3.689690000000000136e+00 -5.613078000000000234e-01 1.226107999999999976e+00
-7.005683000000000327e-01 2.094110999999999834e+01 7.139046999999999699e+00 -7.651144999999999641e+00 -8.739110000000000156e+00 -1.505954999999999977e+01 -6.886712000000000167e+00 9.214377000000000262e-01 4.230598999999999776e+00 6.146133999999999986e+00 -9.026920999999999973e-01 -2.738800000000000123e-01
-8.156676999999999955e-01 2.014406999999999925e+01 8.868109999999999715e+00 -6.911991999999999692e+00 -1.123129999999999917e+01 -1.560073000000000043e+01 -7.387031000000000347e+00 3.395960999999999785e+00 5.524350000000000094e+00 5.470736999999999739e+00 -1.896640999999999909e-03 3.383262000000000214e-01
-1.013759999999999994e+00 2.087428999999999846e+01 8.619507999999999726e+00 -7.896090000000000053e+00 -1.290376999999999974e+01 -1.589425999999999917e+01 -5.420884000000000036e+00 4.067833000000000254e+00 8.308166999999999192e+00 6.349483000000000210e+00 -1.816397000000000039e+00 -2.151752000000000109e+00
-1.067371999999999987e+00 2.052826999999999913e+01 7.023404000000000202e+00 -8.741348999999999592e+00 -1.227102000000000004e+01 -1.527403999999999940e+01 -3.021161000000000207e+00 5.835787999999999975e+00 7.342603999999999687e+00 3.110825000000000173e+00 -3.411795000000000133e+00 1.209135000000000071e+00
-1.021938000000000013e+00 1.895036999999999949e+01 6.021363000000000021e+00 -8.897812000000000054e+00 -1.245696000000000048e+01 -1.185455999999999932e+01 -4.166825000000000223e+00 6.391497000000000206e+00 7.172736999999999696e+00 2.435426999999999786e+00 -2.579133000000000120e+00 -3.971699000000000201e-01
-1.000129999999999963e+00 1.895382000000000033e+01 5.141422000000000381e+00 -1.053654000000000046e+01 -1.458100999999999914e+01 -1.118844999999999956e+01 7.088980999999999755e-01 7.844889000000000223e+00 5.631635000000000169e+00 5.110746000000000455e-01 -5.276498000000000133e+00 1.644303000000000070e+00
-2.357394000000000212e+00 1.339338000000000051e+01 6.986422000000000132e+00 -1.016281999999999996e+01 -1.438654999999999973e+01 -9.870563999999999893e+00 1.128924999999999956e+00 1.134035000000000082e+01 6.860567999999999778e+00 -3.026470000000000216e+00 -7.389710000000000001e+00 4.615046999999999677e+00
-2.514899000000000218e+00 1.432962000000000025e+01 6.456050000000000288e+00 -1.094908999999999999e+01 -1.324976999999999983e+01 -1.061698999999999948e+01 8.830310999999999577e-01 8.952854999999999563e+00 8.485113000000000127e+00 -3.171434999999999782e+00 -7.950555999999999734e+00 6.055864999999999831e+00
-1.382684000000000024e+00 1.887029000000000067e+01 6.977323000000000164e+00 -1.354205999999999932e+01 -1.325249999999999950e+01 -1.063930000000000042e+01 1.397400999999999893e+00 1.008132999999999946e+01 8.516031999999999158e+00 -3.371799000000000213e+00 -6.841774000000000022e+00 2.356697000000000042e+00
-2.533072000000000212e+00 1.784018999999999977e+01 5.734605000000000175e+00 -1.480059999999999931e+01 -1.361143999999999998e+01 -6.397216000000000236e+00 2.915920999999999985e+00 5.248642000000000252e+00 1.011337999999999937e+01 -8.403844000000000314e-01 -9.003037000000000845e+00 6.003060999999999758e+00
-1.695572000000000079e+00 1.824799000000000149e+01 6.643309999999999604e+00 -1.545846000000000053e+01 -1.463413000000000075e+01 -7.026038999999999923e+00 3.734395999999999827e+00 8.382578000000000529e+00 9.729319000000000273e+00 -4.571658000000000222e+00 -8.402029000000000636e+00 4.527588999999999864e+00
-2.818700000000000205e+00 1.353072000000000052e+01 3.742264000000000035e+00 -1.452616000000000085e+01 -9.880312999999999235e+00 -5.750863999999999976e+00 4.316010000000000346e+00 6.358526000000000344e+00 1.197298999999999936e+01 -3.179729000000000028e+00 -1.114170999999999978e+01 8.761877999999999389e+00
-2.581535000000000135e+00 1.231288999999999945e+01 3.267659000000000091e+00 -1.525309000000000026e+01 -9.141987999999999559e+00 -2.988249000000000155e+00 5.172121999999999886e+00 6.653728000000000087e+00 1.372269999999999968e+01 -5.573807999999999652e+00 -1.311363000000000056e+01 9.295113000000000625e+00
-5.424581000000000541e-01 1.183084999999999987e+01 6.771460000000000257e-01 -1.332696999999999932e+01 -9.830591999999999331e+00 -3.935467000000000048e+00 5.130471000000000004e+00 7.373906999999999989e+00 1.248742999999999981e+01 -3.145560999999999829e+00 -1.206689000000000078e+01 7.943402999999999992e+00
3.961275000000000213e-03 1.334777000000000058e+01 2.480353999999999892e-01 -1.405640999999999963e+01 -1.036594999999999978e+01 -6.458090000000000330e+00 7.263222999999999985e+00 8.033511000000000735e+00 1.144698999999999955e+01 -3.669026999999999816e+00 -1.390110999999999919e+01 6.720405000000000406e+00
-7.741713000000000067e-01 1.593642000000000003e+01 1.541236999999999968e+00 -1.658355999999999852e+01 -1.175575000000000081e+01 -4.999653999999999598e+00 7.769061999999999912e+00 7.041707999999999856e+00 9.596704000000000789e+00 -2.479451000000000072e+00 -1.059270000000000067e+01 6.748929000000000400e+00
-1.197313000000000072e+00 1.579377000000000031e+01 2.043137999999999899e+00 -1.545523000000000025e+01 -8.665549999999999642e+00 -4.468039000000000094e+00 5.412997999999999976e+00 3.440240999999999882e+00 1.346380000000000088e+01 -8.357400999999999858e-01 -1.545420000000000016e+01 7.563161000000000023e+00
-8.841215000000000046e-01 1.652346000000000004e+01 1.762250000000000094e+00 -1.640946999999999889e+01 -8.522517000000000564e+00 -3.619622000000000117e+00 8.103277000000000285e+00 1.159899999999999931e+00 1.146748000000000012e+01 -7.376148999999999900e-02 -1.536956999999999951e+01 7.575419000000000125e+00
-1.293935999999999975e+00 1.607297000000000153e+01 2.858506999999999909e+00 -1.564189999999999969e+01 -8.915518999999999750e+00 -5.062121999999999566e+00 8.754142999999999120e+00 1.470436999999999994e+00 1.060361999999999938e+01 -7.139961000000000224e-01 -1.136116999999999955e+01 7.976405999999999885e+00
-7.829551999999999623e-01 1.506672999999999973e+01 4.220977000000000423e+00 -1.358271000000000051e+01 -1.043201000000000001e+01 -5.697638999999999676e+00 4.017425000000000246e+00 4.623351000000000433e+00 1.218308999999999997e+01 -1.585776999999999992e+00 -1.157920000000000016e+01 7.908278000000000141e+00
-1.362692999999999932e+00 1.523112000000000066e+01 6.771866000000000163e+00 -1.563831000000000060e+01 -1.174076999999999948e+01 -4.997423000000000393e+00 4.977915999999999563e+00 4.213517999999999653e+00 1.266289000000000087e+01 -2.438648999999999845e+00 -1.130846000000000018e+01 9.486530000000000129e+00
-1.076459000000000055e+00 1.487767999999999979e+01 6.248833000000000304e+00 -1.468298000000000059e+01 -1.249783000000000044e+01 -6.216823999999999906e+00 6.138133999999999979e+00 4.687183000000000099e+00 1.132667000000000002e+01 -4.055820999999999898e+00 -1.054034000000000049e+01 1.200229999999999997e+01
-1.913353000000000081e+00 1.506408000000000058e+01 7.196280999999999928e+00 -1.442076999999999920e+01 -1.138386999999999993e+01 -7.657093999999999845e+00 5.027595999999999954e+00 5.067304000000000030e+00 1.042406000000000077e+01 -4.045207000000000441e+00 -9.841079000000000576e+00 1.222200999999999915e+01
-1.481124000000000107e+00 1.508343999999999951e+01 8.465415000000000134e+00 -1.348559000000000019e+01 -1.268103999999999942e+01 -7.202925999999999718e+00 1.098314000000000012e+00 6.416800000000000281e+00 1.019161000000000072e+01 -4.682787000000000255e+00 -8.789673000000000513e+00 9.550178999999999974e+00
-2.066314000000000206e+00 1.458787000000000056e+01 1.132801000000000080e+01 -1.251265000000000072e+01 -1.157628000000000057e+01 -1.039739999999999931e+01 -1.623774000000000051e-02 7.056659999999999933e+00 5.045665999999999762e+00 -7.528082000000000384e-01 -7.776277999999999579e+00 9.197988999999999749e+00
-1.655591000000000035e+00 1.581259000000000015e+01 1.024261000000000088e+01 -1.055920000000000059e+01 -9.759755999999999432e+00 -1.052297000000000082e+01 -1.791692000000000062e+00 8.222134000000000498e+00 1.646449999999999969e+00 -4.694397000000000375e+00 -6.337945000000000384e+00 1.081372000000000000e+01
-2.416457999999999995e+00 1.688299999999999912e+01 1.215248000000000062e+01 -9.210019000000000844e+00 -9.560532000000000252e+00 -1.177998000000000012e+01 -2.744153999999999982e+00 7.711280999999999608e+00 3.651137000000000046e-03 -4.678143000000000384e+00 -2.359313000000000216e+00 6.753644000000000425e+00
-2.128407000000000160e+00 1.759890000000000043e+01 1.034476000000000084e+01 -9.457482000000000610e+00 -6.593607999999999691e+00 -1.402819000000000038e+01 -2.120385999999999882e+00 6.402422999999999753e+00 -2.582359999999999989e+00 -1.030796000000000046e+00 -2.059883999999999826e+00 2.144770999999999983e+00
-3.096452999999999900e+00 1.722822999999999993e+01 1.304152000000000022e+01 -9.876155000000000683e+00 -7.506638999999999839e+00 -1.165631999999999913e+01 -2.706625999999999754e-01 3.782023999999999830e+00 -5.860508000000000273e+00 -2.318894999999999929e+00 -4.243739999999999846e+00 3.930941999999999936e+00
-2.983171000000000017e+00 1.946979999999999933e+01 1.131245999999999974e+01 -9.212896000000000640e+00 -3.857241999999999837e+00 -1.354214999999999947e+01 -2.509300000000000086e+00 3.871160000000000156e+00 -2.478800999999999810e+00 -5.843503000000000114e+00 -7.390426999999999857e+00 6.153459999999999930e+00
-2.603645999999999905e+00 1.948279000000000138e+01 1.026609999999999978e+01 -8.892775999999999570e+00 -2.805264000000000202e+00 -1.169360999999999962e+01 -3.165183999999999997e+00 5.065195000000000114e+00 -5.434349000000000096e+00 -4.775006999999999557e+00 -3.814140000000000086e+00 2.777956999999999788e+00
-3.246083000000000052e+00 1.900312999999999874e+01 1.192295000000000016e+01 -8.893496000000000734e+00 -2.710249000000000130e+00 -1.036935000000000073e+01 -1.607521999999999895e+00 7.772046999999999706e+00 -8.268456000000000472e+00 -5.166445999999999650e+00 -3.376651999999999987e+00 6.464330999999999827e-01
-3.107962999999999809e+00 1.925554999999999950e+01 1.092121000000000031e+01 -8.571578000000000586e+00 -9.369747000000000492e-01 -8.909639999999999560e+00 -2.032064999999999788e+00 6.205365999999999715e+00 -7.058893999999999558e+00 -5.694225000000000314e+00 -2.113674000000000053e+00 -9.384316000000000185e-03
-4.109631000000000256e+00 1.975694999999999979e+01 1.266582999999999970e+01 -6.619208000000000425e+00 -2.593779000000000057e+00 -1.063803000000000054e+01 2.288640000000000008e+00 4.747757000000000005e+00 -7.008605000000000196e+00 -7.868369000000000391e+00 -4.473957999999999657e+00 1.498618000000000006e+00
-4.293790000000000440e+00 2.037315999999999860e+01 1.275915999999999961e+01 -7.586401000000000394e+00 -1.734215999999999980e+00 -8.675067000000000306e+00 3.402690000000000214e+00 5.014397999999999911e+00 -1.046518999999999977e+01 -5.807013000000000424e+00 -5.726179000000000130e+00 4.253127999999999909e-01
-3.707692000000000210e+00 1.877590000000000003e+01 1.068904000000000032e+01 -4.722590000000000288e+00 1.350953000000000015e-01 -8.948204999999999742e+00 2.990692000000000128e+00 3.689820999999999795e+00 -9.409475000000000477e+00 -3.977866000000000124e+00 -6.989156999999999620e+00 -1.069488999999999912e+00
-3.958790000000000031e+00 1.931176999999999921e+01 1.140961000000000070e+01 -5.358152999999999722e+00 8.557116000000000167e-01 -6.111329999999999707e+00 1.593112000000000084e+00 5.141104000000000340e+00 -1.006436000000000064e+01 -5.051337000000000188e+00 -8.966101999999999350e+00 -3.226707999999999910e+00
-4.225032999999999817e+00 2.069134000000000029e+01 1.148915000000000042e+01 -6.550868000000000357e+00 2.328615999999999797e+00 -5.840741000000000405e+00 2.578695000000000181e+00 3.395769000000000037e+00 -1.038882000000000083e+01 -6.680782999999999916e+00 -8.159617000000000786e+00 -3.041656000000000137e+00
-4.723898000000000152e+00 2.041797000000000040e+01 1.208173999999999992e+01 -3.805753000000000164e+00 3.369355000000000100e+00 -7.983456999999999582e+00 -4.859451000000000187e-01 8.694897999999999794e-01 -7.982363999999999571e+00 -2.088675999999999977e+00 -1.116502000000000017e+01 -2.547317000000000053e+00
-3.771904999999999841e+00 2.010058000000000078e+01 1.064236999999999966e+01 -4.095298999999999801e+00 3.939445000000000086e+00 -5.540511999999999659e+00 -2.240823999999999927e+00 1.527751999999999999e+00 -7.480210999999999721e+00 -5.086500000000000021e+00 -1.036713999999999913e+01 -2.598235999999999990e+00
-4.236543000000000170e+00 1.968006000000000100e+01 1.223789000000000016e+01 -3.383842000000000017e+00 3.650653999999999844e+00 -8.300895999999999830e+00 -1.800723999999999991e+00 3.270404000000000089e+00 -9.066387000000000640e+00 -6.003726999999999592e+00 -1.039259999999999984e+01 -1.170854999999999979e+00
-4.099332999999999672e+00 1.834237999999999857e+01 1.182962000000000025e+01 -2.791440999999999839e+00 3.487868000000000190e+00 -7.111136000000000124e+00 -1.445432999999999968e+00 4.586986000000000119e-01 -8.918124999999999858e+00 -7.025116999999999834e+00 -8.859241000000000810e+00 -9.535067000000000403e-01
-3.557456999999999869e+00 1.839992000000000161e+01 1.109789999999999921e+01 -2.511966000000000143e+00 2.206015999999999977e+00 -6.715930000000000177e+00 -3.666507000000000183e+00 2.183197000000000054e-01 -7.683605000000000018e+00 -8.617409999999999570e+00 -9.384225999999999956e+00 1.846092999999999984e+00
-3.731014000000000053e+00 1.806953999999999994e+01 1.284575000000000067e+01 -4.830135000000000289e+00 3.454152999999999807e+00 -7.286109999999999864e+00 -5.331057000000000379e+00 8.332604000000000122e-01 -8.228225000000000122e+00 -1.027239999999999931e+01 -8.831628000000000256e+00 3.364704000000000139e+00
-3.413279999999999870e+00 1.628562000000000154e+01 1.325519000000000069e+01 -3.669432000000000027e+00 1.763633999999999924e+00 -6.421757000000000382e+00 -7.786482999999999599e+00 -1.221845999999999988e+00 -4.745937999999999768e+00 -1.045318999999999932e+01 -6.720926999999999651e+00 3.546221000000000068e+00
-3.441145999999999816e+00 1.575531999999999933e+01 1.367051000000000016e+01 -3.789566999999999908e+00 1.613447999999999993e+00 -4.547717999999999705e+00 -1.277009999999999934e+01 -6.636448999999999820e-01 -1.734140000000000015e+00 -8.524195000000000633e+00 -6.379901000000000266e+00 1.460665000000000102e+00
-3.852777999999999814e+00 1.305929000000000073e+01 1.576675000000000004e+01 -1.994019999999999904e+00 -3.593918999999999864e-01 -6.281842000000000148e+00 -1.602141999999999911e+01 7.262975999999999877e-01 2.859364999999999934e+00 -7.824581000000000230e+00 -6.504692999999999614e+00 1.128041999999999989e+00
-4.157790999999999570e+00 1.173062999999999967e+01 1.566607999999999912e+01 -2.623828000000000049e+00 3.952800000000000202e-01 -8.833467000000000624e+00 -1.720571999999999946e+01 2.753225000000000033e+00 3.886766000000000165e+00 -5.975197999999999787e+00 -6.287023999999999724e+00 1.692158000000000051e+00
-4.201105000000000089e+00 1.077158000000000015e+01 1.691232000000000113e+01 -4.010413999999999923e+00 1.177268999999999954e-01 -1.234441999999999950e+01 -1.722830000000000084e+01 3.378709000000000184e+00 5.269548000000000343e+00 -4.823439999999999728e+00 -5.461176000000000030e+00 4.397699000000000247e+00
-4.902605999999999575e+00 1.136790000000000056e+01 1.663143000000000171e+01 -5.531520999999999688e+00 -8.279969000000000356e-01 -1.254298000000000002e+01 -1.965211000000000041e+01 2.472974999999999923e+00 8.428862999999999772e+00 -5.094793000000000127e+00 -4.216845000000000176e+00 6.562225999999999893e+00
-4.518233999999999639e+00 1.163438000000000017e+01 1.495021000000000022e+01 -6.271033000000000079e+00 1.528308999999999918e+00 -1.470035999999999987e+01 -2.043496000000000024e+01 -2.292759000000000047e-01 1.055518999999999963e+01 -3.860434000000000143e+00 -4.037905000000000300e+00 6.587685999999999709e+00
-4.870498999999999690e+00 1.217581000000000024e+01 1.371570999999999962e+01 -5.582956000000000252e+00 2.221680999999999795e+00 -1.618907000000000096e+01 -1.960846000000000089e+01 -9.973767999999999523e-01 1.158258999999999972e+01 -2.143743000000000176e+00 -4.891365999999999659e+00 6.256712000000000273e+00
-4.567000000000000171e+00 9.559055000000000746e+00 1.183549000000000007e+01 -3.969768999999999881e+00 1.669640000000000013e+00 -1.452028999999999925e+01 -1.867054999999999865e+01 1.502640999999999893e+00 1.180274999999999963e+01 -3.700873000000000079e+00 -6.646697999999999773e+00 6.550438999999999901e+00
-5.347253000000000256e+00 7.622937000000000296e+00 1.329658000000000051e+01 -2.745401999999999898e+00 4.930194999999999994e-01 -1.332989000000000068e+01 -1.804326999999999970e+01 3.718958000000000208e+00 1.165858000000000061e+01 -7.236759000000000164e+00 -6.003375000000000128e+00 8.098753000000000313e+00
-7.063445999999999891e+00 4.155584000000000167e+00 1.492408999999999963e+01 -4.187019000000000268e+00 3.994956000000000174e+00 -1.107116000000000078e+01 -2.146519999999999939e+01 2.556550999999999796e+00 1.145853999999999928e+01 -5.502486000000000210e+00 -4.624210999999999849e+00 8.171124000000000720e+00
-8.017559000000000324e+00 4.468725000000000058e+00 1.326429000000000080e+01 1.892672999999999994e-01 5.773678999999999562e+00 -1.066192999999999991e+01 -2.058350000000000080e+01 4.284251000000000253e+00 1.207469000000000037e+01 -5.179052000000000433e+00 -5.005758000000000152e+00 5.466997000000000106e+00
-9.596844000000000818e+00 5.294133999999999673e+00 1.503209999999999980e+01 1.490966999999999931e+00 7.683856999999999715e+00 -6.978232000000000212e+00 -2.197505999999999915e+01 2.212660000000000071e+00 1.176437999999999917e+01 -4.569668000000000063e+00 -3.487817000000000167e+00 4.766390000000000349e+00
-7.875502000000000002e+00 7.590854000000000212e+00 1.354664999999999964e+01 -3.819780999999999871e+00 3.739539000000000168e+00 -7.841629000000000183e+00 -2.354074999999999918e+01 3.339221000000000217e+00 1.284356000000000009e+01 -3.301473000000000102e+00 -4.338767999999999958e+00 4.907595999999999847e+00
-6.537016999999999634e+00 8.703685000000000116e+00 1.040845000000000020e+01 -4.236296000000000284e+00 1.800753999999999966e+00 -1.083211999999999975e+01 -2.413240000000000052e+01 3.864834000000000103e+00 9.985238000000000724e+00 -2.167295000000000194e+00 -6.484469000000000483e-01 5.300568000000000168e+00
-1.122671000000000063e+01 6.967754000000000225e+00 4.451381999999999728e+00 -3.618357000000000046e+00 3.465805000000000136e-01 -3.998892000000000113e+00 -1.403570000000000029e+01 -1.134435000000000082e+00 2.698809999999999931e+00 -1.007907000000000108e+00 4.156392999999999560e+00 3.104452000000000211e+00
-1.820416000000000167e+01 4.352058999999999678e+00 -2.494628000000000123e-01 1.681599999999999984e+00 2.682526000000000077e-01 7.937539999999999873e-02 -3.068331999999999837e+00 -7.050499000000000072e-01 2.289413999999999838e+00 1.661837999999999926e+00 5.214254000000000389e+00 3.143819999999999837e+00
-1.984583999999999904e+01 3.586043999999999787e+00 9.903203999999999896e-01 4.918764000000000358e+00 2.429079999999999906e+00 2.178745999999999849e+00 1.297930999999999946e-01 2.006784999999999819e+00 4.507750999999999841e+00 7.221595999999999904e+00 8.046094000000000079e+00 6.004475000000000229e+00
