-1.215948000000000029e+00 1.076847000000000065e+01 -4.873639000000000165e-01 -1.175857000000000063e+01 -4.597328000000000081e+00 -4.291914000000000229e+00 7.059269999999999712e-01 5.524948000000000192e+00 1.220730000000000004e+01 -6.112119999999999997e+00 -6.316238000000000241e+00 2.600168000000000035e+00
2.670683999999999836e-01 1.200141999999999953e+01 -5.297610999999999848e+00 -1.401524000000000036e+01 -6.214636999999999745e+00 -2.686685000000000212e+00 2.106733000000000189e+00 7.202608999999999817e+00 8.844735999999999265e+00 -5.568851000000000440e+00 -4.338046000000000291e+00 -1.230948999999999932e-01
-5.054699000000000275e-01 1.270208000000000048e+01 -4.496283000000000030e+00 -1.402964000000000055e+01 -6.585177999999999976e+00 -3.824225000000000207e+00 4.002364000000000033e+00 5.559332999999999636e+00 1.056213999999999942e+01 -5.773193000000000019e+00 -8.492492999999999626e+00 1.258485000000000076e+00
-6.034340999999999733e-01 1.251139000000000046e+01 -4.750535000000000174e+00 -1.365155999999999992e+01 -5.879648000000000430e+00 -4.767350999999999672e+00 4.312922999999999618e+00 4.666786000000000101e+00 1.004846000000000039e+01 -5.483551000000000286e+00 -9.092492000000000019e+00 2.307758999999999894e+00
-9.772199000000000302e-01 9.690853999999999857e+00 -3.341194000000000219e+00 -1.195776000000000039e+01 -4.842221000000000330e+00 -7.029669000000000167e+00 3.039350000000000218e+00 3.763272999999999868e+00 1.232601000000000013e+01 -6.121977000000000224e+00 -1.078184000000000076e+01 2.217696000000000112e+00
-4.236745000000000094e-01 1.102004999999999946e+01 -5.021219999999999573e+00 -1.106118000000000023e+01 -3.353651000000000160e+00 -7.096448999999999785e+00 1.300408000000000008e+00 2.222226000000000035e+00 1.170016000000000034e+01 -4.400046999999999819e+00 -1.068923000000000023e+01 1.640956999999999999e+00
-6.448072999999999722e-01 1.118964000000000070e+01 -4.399511999999999645e+00 -1.139347000000000065e+01 -4.194988000000000383e+00 -5.928366999999999720e+00 2.173795999999999840e+00 2.330463000000000118e-01 1.235998000000000019e+01 -4.736509999999999998e+00 -1.084267000000000003e+01 2.948971999999999927e+00
-1.072805999999999926e+00 1.194374999999999964e+01 -3.589512000000000036e+00 -1.285575000000000045e+01 -2.885947999999999958e+00 -7.028300999999999910e+00 9.381410999999999500e-01 2.209401000000000170e+00 1.457407000000000075e+01 -5.550464999999999982e+00 -1.094383999999999979e+01 3.211079999999999934e+00
-1.161497000000000002e+00 1.105822000000000038e+01 -3.134643000000000068e+00 -1.291216000000000008e+01 -3.541351000000000138e+00 -6.436397999999999620e+00 6.930785000000000418e-01 1.947696000000000094e+00 1.332348999999999961e+01 -2.848339000000000176e+00 -1.321820999999999913e+01 1.438946999999999976e+00
-8.419246999999999703e-01 1.023639999999999972e+01 -4.361169000000000295e+00 -1.119499000000000066e+01 -4.657170999999999950e+00 -7.341916999999999582e+00 1.836913000000000018e+00 2.939868999999999843e+00 1.159937000000000040e+01 -5.692063000000000095e+00 -1.171744999999999948e+01 3.849263000000000101e+00
-1.371930000000000094e+00 1.121194000000000024e+01 -3.129621999999999904e+00 -1.266506000000000043e+01 -6.557133999999999574e+00 -6.841864000000000168e+00 2.285671999999999926e+00 2.128918999999999784e+00 1.195476000000000028e+01 -4.986345000000000027e+00 -1.324907999999999930e+01 4.216752999999999751e+00
-1.795887000000000011e+00 1.079359000000000002e+01 -1.648843999999999976e+00 -1.257727000000000039e+01 -8.259902000000000299e+00 -6.486995000000000289e+00 6.134800999999999727e-01 2.919238000000000000e+00 1.366114999999999924e+01 -4.985396999999999856e+00 -1.306080000000000041e+01 3.642707999999999835e+00
-2.144944000000000184e+00 1.132968999999999937e+01 -1.185758000000000090e+00 -1.402679999999999971e+01 -7.193325999999999887e+00 -9.129251999999999256e+00 2.963512000000000146e+00 5.589629999999999654e+00 9.315103000000000577e+00 -3.756123999999999796e+00 -1.073263000000000034e+01 3.035667999999999811e+00
-1.894802000000000097e+00 1.058943999999999974e+01 -2.280365000000000197e+00 -1.247979999999999912e+01 -9.167265000000000441e+00 -7.614963000000000370e+00 2.793660000000000032e+00 6.480876000000000303e+00 9.817387999999999337e+00 -5.758596999999999966e+00 -1.174740000000000073e+01 6.098812999999999818e+00
-2.326130000000000031e+00 1.144402000000000008e+01 -1.010018000000000082e+00 -1.327937999999999974e+01 -9.473546999999999940e+00 -1.142689999999999984e+01 6.650419000000000302e+00 5.686655000000000015e+00 9.638946999999999932e+00 -6.151926999999999701e+00 -1.334229999999999983e+01 8.709623999999999810e+00
-1.888857999999999926e+00 1.083699000000000012e+01 -1.162477999999999900e+00 -1.151265000000000072e+01 -9.573358999999999952e+00 -1.044957999999999920e+01 2.409143999999999952e+00 6.149469999999999992e+00 8.384448000000000789e+00 -4.094482000000000177e+00 -1.016136000000000017e+01 6.071373000000000353e+00
-1.675572000000000061e+00 1.193491000000000035e+01 1.875222000000000000e-01 -1.230657000000000068e+01 -1.172616000000000014e+01 -9.733691999999999567e+00 3.668928999999999885e+00 6.410432000000000130e+00 4.546476000000000184e+00 -2.811564999999999870e+00 -8.802426000000000528e+00 6.441052000000000000e+00
-1.353620999999999963e+00 1.246758999999999951e+01 -7.685473999999999917e-01 -1.115887999999999991e+01 -9.505124000000000350e+00 -1.286757000000000062e+01 2.086050000000000182e+00 8.315412999999999499e+00 4.398833999999999911e+00 -3.749678999999999984e+00 -7.000901999999999958e+00 4.798373999999999917e+00
-1.367650000000000032e+00 1.425169999999999959e+01 1.526338999999999890e+00 -1.034608000000000061e+01 -1.338653000000000048e+01 -1.272694000000000081e+01 -8.744448999999999694e-01 9.615572000000000230e+00 7.834192999999999962e+00 -5.479191000000000145e+00 -8.296875000000000000e+00 2.752686000000000188e+00
-1.030958000000000041e+00 1.496583000000000041e+01 1.902239999999999931e+00 -1.000859999999999950e+01 -1.311139000000000010e+01 -1.319120999999999988e+01 -1.594591000000000092e+00 7.589590000000000281e+00 6.092527999999999722e+00 -2.474912999999999919e+00 -7.662949000000000233e+00 1.689945000000000030e+00
-7.104338000000000042e-01 1.581317999999999913e+01 1.719653000000000098e+00 -1.129010000000000069e+01 -1.244693000000000005e+01 -1.354767999999999972e+01 -5.742275000000000018e-01 6.954659000000000368e+00 4.393793999999999755e+00 -1.981497999999999982e+00 -7.827390000000000292e+00 2.593265999999999849e+00
-5.744253000000000275e-01 1.651404000000000138e+01 2.195748000000000033e+00 -8.739603999999999928e+00 -1.392820999999999998e+01 -1.520783999999999914e+01 -8.976349999999999607e-01 8.205377999999999616e+00 2.590346999999999955e+00 -5.153343999999999703e+00 -3.794287999999999883e+00 4.399403999999999648e+00
-8.081603000000000536e-01 1.723921999999999954e+01 3.531140999999999863e+00 -9.779909999999999215e+00 -1.083845999999999954e+01 -1.496123000000000047e+01 -3.201286000000000076e+00 6.034602999999999717e+00 3.028610000000000024e+00 -3.771857999999999933e+00 -4.427297000000000260e+00 3.973500000000000032e+00
-1.271825999999999901e+00 1.760793999999999926e+01 4.253044000000000047e+00 -8.117969999999999686e+00 -1.197171999999999947e+01 -1.415098000000000056e+01 -3.495235999999999787e+00 2.795077000000000034e+00 4.597432999999999659e+00 -2.222802999999999862e+00 -2.913088000000000122e+00 3.849600000000000133e+00
-1.398322999999999983e+00 1.880611999999999995e+01 4.916745999999999839e+00 -8.063453000000000870e+00 -1.301069000000000031e+01 -1.438048999999999999e+01 -2.999156999999999851e+00 3.133360000000000145e+00 2.523150999999999922e+00 3.261608999999999758e-01 -1.095669999999999922e+00 7.490833000000000075e-01
-1.359328000000000092e+00 1.856781000000000148e+01 6.050152999999999892e+00 -7.436154000000000153e+00 -1.362744999999999962e+01 -1.365548000000000073e+01 -3.839952999999999950e+00 3.525358999999999909e+00 2.341911000000000076e+00 6.798729999999999496e-01 -1.108201999999999909e+00 1.768898999999999888e-01
-9.850666000000000144e-01 1.925662000000000162e+01 6.086669999999999803e+00 -5.673204000000000136e+00 -1.404767999999999972e+01 -1.206574999999999953e+01 -5.279618000000000144e+00 1.688221999999999889e+00 2.943494999999999973e+00 1.557898000000000005e+00 -6.151820999999999540e-01 1.279527999999999999e+00
-1.250426000000000037e+00 2.039370999999999867e+01 6.972444000000000308e+00 -5.816457999999999906e+00 -1.443676999999999921e+01 -1.429434000000000005e+01 -4.478621000000000407e+00 1.061468000000000078e+00 4.690572999999999659e+00 1.676180999999999921e+00 6.884316000000000324e-01 -1.189707999999999988e+00
-1.193834999999999980e+00 1.942038000000000153e+01 5.151825999999999794e+00 -4.646113999999999855e+00 -1.285391000000000084e+01 -1.455644000000000027e+01 -3.595203999999999844e+00 1.122619999999999951e+00 4.344331000000000387e+00 1.236979000000000051e+00 1.055215999999999932e+00 1.117247000000000101e+00
-9.341823000000000210e-01 1.887483999999999895e+01 5.834243999999999986e+00 -6.178016999999999648e+00 -1.425414999999999921e+01 -1.474197000000000024e+01 -4.016072999999999560e+00 4.274229000000000056e+00 4.001635000000000275e+00 1.701203000000000021e+00 6.263838000000000461e-01 -7.388886999999999539e-01
-1.389763000000000082e+00 1.707163999999999859e+01 6.417836999999999570e+00 -5.246037000000000283e+00 -1.700671000000000177e+01 -1.762309000000000125e+01 -2.893860999999999795e+00 8.515964999999999563e+00 6.339844000000000257e+00 -1.761633999999999978e-01 -1.803563999999999945e+00 9.384677000000000158e-01
-2.078129000000000115e+00 1.515089000000000041e+01 6.775934999999999597e+00 -3.681801999999999797e+00 -1.557025999999999932e+01 -1.626538000000000039e+01 -1.825237999999999916e+00 7.355766000000000027e+00 6.223932999999999716e+00 -1.227063999999999933e+00 -3.796121999999999996e+00 3.938315999999999928e+00
-3.485532000000000075e+00 1.291688000000000081e+01 7.818961999999999968e+00 -2.666040000000000187e+00 -1.490315000000000012e+01 -1.551279000000000075e+01 -1.158366999999999924e+00 9.918167999999999651e+00 5.916140999999999650e+00 -3.467051000000000105e+00 -5.060611999999999888e+00 5.016880999999999702e+00
-3.528093999999999841e+00 1.371982000000000035e+01 6.903518000000000043e+00 -3.180765000000000065e+00 -1.442065000000000019e+01 -1.666925000000000168e+01 -6.607201999999999797e-01 9.356469000000000591e+00 8.000128999999999380e+00 -2.476998000000000033e+00 -5.486998999999999960e+00 2.775412000000000212e+00
-4.844191999999999609e+00 1.532671000000000028e+01 7.144076000000000093e+00 -2.855786999999999853e+00 -1.253129000000000026e+01 -1.146974999999999945e+01 -1.159620000000000095e+00 9.303309999999999746e+00 5.958884000000000292e+00 -1.608092999999999884e-01 -3.466016000000000208e+00 1.612675999999999998e+00
-2.227927999999999908e+00 1.729669000000000167e+01 4.801715999999999873e+00 -6.280914000000000108e+00 -1.486008999999999958e+01 -1.529899999999999949e+01 -4.475172999999999845e+00 8.089022999999999186e+00 6.399200000000000443e+00 -1.598025000000000029e+00 -4.187358999999999831e+00 -1.031971999999999889e+00
-4.355559000000000403e+00 1.518646000000000029e+01 4.234327999999999648e+00 -6.611083999999999961e+00 -1.413688999999999929e+01 -1.087191999999999936e+01 -1.196598999999999968e+00 6.269171000000000049e+00 6.288327999999999918e+00 -2.683046000000000042e+00 -5.157198000000000171e+00 -3.816676999999999986e-01
-6.425171999999999883e+00 1.298419999999999952e+01 6.784379999999999633e+00 -5.692555999999999727e+00 -1.416361000000000026e+01 -1.145334000000000074e+01 -3.774456999999999951e+00 9.999392999999999532e+00 7.412728999999999679e+00 -5.689788000000000068e+00 -7.095960999999999963e+00 3.474366999999999983e+00
-6.304618999999999751e+00 1.318734000000000073e+01 6.532409999999999606e+00 -9.824987000000000137e+00 -1.735737999999999914e+01 -9.842408999999999963e+00 -8.615962999999999816e-01 8.991607000000000127e+00 5.311755999999999922e+00 -4.772146000000000221e+00 -6.263664999999999594e+00 2.540912000000000059e+00
-1.198417000000000066e+01 8.135407999999999973e+00 -3.304905000000000204e+00 -7.844204999999999650e+00 -1.526927000000000056e+01 -9.005948999999999316e+00 -2.007937999999999779e+00 4.371068000000000175e+00 6.892712999999999646e+00 1.355452000000000101e+00 5.655586999999999698e-01 -1.810383000000000076e+00
-1.175756999999999941e+01 1.099975000000000058e+01 1.304724999999999913e+00 -2.275217000000000045e+00 -1.036036999999999964e+01 -6.745911000000000435e+00 -4.886954000000000242e+00 -6.002083000000000279e-01 3.411249000000000198e+00 4.732566000000000273e-01 5.386611999999999512e-01 4.118949000000000082e-01
-4.826833999999999847e+00 1.212921000000000049e+01 6.998235000000000205e+00 -9.424015999999999948e+00 -1.395824999999999960e+01 -6.175887000000000349e+00 -4.495025999999999744e-01 7.863376999999999839e+00 1.076111000000000040e+01 -4.762668999999999819e+00 -9.834619999999999251e+00 3.962893999999999917e+00
-2.687075999999999798e+00 1.330409000000000042e+01 4.763372999999999635e+00 -1.047943000000000069e+01 -1.556561999999999912e+01 -6.246997000000000355e+00 4.481834000000000096e+00 1.053265000000000029e+01 1.039246999999999943e+01 -3.271049999999999791e+00 -9.245929999999999538e+00 4.167766000000000304e+00
-2.203199000000000130e+00 1.297655999999999921e+01 2.531022999999999801e+00 -9.606683999999999557e+00 -9.813394000000000617e+00 -6.674115999999999715e+00 3.755107999999999890e+00 8.260579999999999146e+00 1.112359000000000009e+01 -2.931554000000000215e+00 -8.496467000000000880e+00 5.196670000000000122e+00
-1.390239000000000003e+00 1.292310999999999943e+01 1.154005000000000031e-01 -1.244274000000000058e+01 -1.113391999999999982e+01 -6.017254999999999576e+00 5.876998999999999640e+00 4.698756000000000377e+00 1.231855000000000011e+01 -3.494536999999999782e+00 -1.164958999999999989e+01 7.432584000000000302e+00
-1.467279000000000000e+00 1.512978999999999985e+01 1.068502999999999981e+00 -1.383705999999999925e+01 -1.205652000000000079e+01 -4.173396000000000328e+00 8.621574999999999989e+00 1.665359999999999951e+00 1.160533999999999999e+01 -3.729017999999999944e+00 -9.998754999999999171e+00 7.766068999999999889e+00
-1.677235999999999949e+00 1.522884999999999955e+01 -3.253182000000000018e-01 -1.250717000000000034e+01 -8.888365000000000293e+00 -4.946038999999999852e+00 6.985421999999999798e+00 3.252378000000000213e-01 1.391051000000000037e+01 -4.122726000000000113e+00 -1.240546999999999933e+01 7.194886000000000337e+00
-1.337215000000000042e+00 1.458084000000000024e+01 -3.693672000000000066e-01 -1.243354000000000070e+01 -8.577666000000000679e+00 -3.234827999999999815e+00 4.845354999999999634e+00 1.084702000000000055e+00 1.216287999999999947e+01 -2.274361999999999995e+00 -1.110552999999999990e+01 4.377519999999999634e+00
-1.472034000000000065e+00 1.486355000000000004e+01 5.791707999999999856e-01 -1.209181000000000061e+01 -8.381133999999999418e+00 -4.575671999999999962e+00 6.106392999999999738e+00 2.085114999999999885e-01 1.084548000000000023e+01 -1.598972999999999978e+00 -9.674457000000000306e+00 5.264680000000000248e+00
-1.590684999999999905e+00 1.510890000000000022e+01 6.693229000000000539e-01 -1.139086999999999961e+01 -8.647446999999999662e+00 -7.447442999999999813e+00 8.283125999999999323e+00 2.357352999999999810e+00 9.808989000000000402e+00 -1.481827000000000005e+00 -1.254820999999999920e+01 4.995165000000000077e+00
-1.399512000000000089e+00 1.506610000000000049e+01 1.320614999999999983e-01 -1.070269000000000048e+01 -7.320077999999999641e+00 -7.882767000000000301e+00 6.933714000000000155e+00 -9.258524000000000198e-01 1.026684999999999981e+01 2.148744999999999905e+00 -1.249075000000000024e+01 3.135495000000000143e+00
-1.057825999999999933e+00 1.419223000000000035e+01 5.075055000000000538e-01 -1.118862000000000023e+01 -9.386321000000000581e+00 -5.083473999999999826e+00 3.989202000000000137e+00 3.841586000000000167e-01 1.147319000000000067e+01 1.271098999999999979e+00 -1.019743000000000066e+01 3.032805999999999891e+00
-1.277057000000000109e+00 1.476168000000000013e+01 -2.529681999999999764e-01 -1.189048999999999978e+01 -7.889359999999999928e+00 -8.595923000000000869e+00 4.881393000000000093e+00 1.903831000000000051e+00 1.210594999999999999e+01 -3.122648000000000090e-01 -1.265764000000000067e+01 6.046458999999999584e+00
-4.503055999999999726e-01 1.358418999999999954e+01 -8.278881000000000157e-01 -1.094741999999999926e+01 -8.959690999999999406e+00 -7.674906000000000006e+00 3.527908000000000044e+00 1.557369000000000003e+00 1.401392000000000060e+01 -1.599920999999999927e+00 -1.154597000000000051e+01 5.872225000000000250e+00
3.404672999999999727e-02 1.418418999999999919e+01 -6.587671000000000499e-01 -9.636656000000000333e+00 -1.189752000000000010e+01 -8.546238000000000667e+00 2.449882999999999811e+00 5.289079000000000086e+00 1.088673000000000002e+01 -5.365098999999999840e-01 -8.956780999999999437e+00 2.537713999999999803e+00
1.240899999999999989e-02 1.527326000000000050e+01 1.335992999999999986e+00 -9.491512999999999423e+00 -1.364180999999999955e+01 -1.017060999999999993e+01 3.264247000000000121e-01 6.114155000000000229e+00 1.129885999999999946e+01 2.938436999999999966e+00 -7.982051000000000229e+00 -9.427505000000000468e-01
-4.417455000000000132e-01 1.599764000000000053e+01 2.953939000000000092e+00 -9.557358999999999938e+00 -1.565968999999999944e+01 -9.902122999999999564e+00 -1.441035000000000066e+00 6.035531999999999897e+00 1.322755000000000081e+01 3.216515999999999931e+00 -9.912255000000000038e+00 -1.822840999999999934e+00
-5.250418999999999919e-02 1.638725000000000165e+01 1.932822999999999958e+00 -8.303705000000000780e+00 -1.568662999999999919e+01 -1.087921000000000049e+01 3.367662000000000155e-01 7.008561000000000263e+00 9.751685999999999410e+00 -8.854830999999999674e-01 -5.539265999999999579e+00 1.046880000000000033e+00
-9.601743000000000083e-02 1.699467999999999890e+01 3.597329000000000221e+00 -8.970181000000000182e+00 -1.561088999999999949e+01 -1.065243000000000073e+01 -1.243292000000000064e+00 5.874939999999999607e+00 8.228592000000000795e+00 1.659310999999999980e+00 -4.088021000000000349e+00 -8.063936999999999911e-01
-1.208206000000000037e-02 1.713131999999999877e+01 3.473397999999999985e+00 -7.534332000000000029e+00 -1.531896000000000058e+01 -1.066656000000000049e+01 -3.874111999999999778e+00 4.313075999999999688e+00 9.596389999999999532e+00 2.859770999999999841e+00 -3.566575999999999969e+00 -2.322478999999999960e+00
-3.687479000000000173e-01 1.774597999999999942e+01 3.362019999999999786e+00 -8.251312000000000424e+00 -1.506104000000000021e+01 -1.031033000000000044e+01 -2.198786000000000129e+00 5.357293000000000305e+00 6.884686000000000305e+00 6.954166999999999987e-01 -2.780740000000000212e+00 4.910154999999999936e-01
-9.222934000000000410e-01 1.900103000000000009e+01 5.178758000000000195e+00 -7.435918000000000028e+00 -1.549605999999999995e+01 -1.241286999999999985e+01 -2.186250999999999944e+00 4.522365999999999886e+00 8.258456999999999937e+00 1.056710999999999956e+00 -4.325514000000000081e+00 2.725582999999999867e+00
-1.448018999999999945e+00 1.895581999999999923e+01 6.406424999999999592e+00 -4.704879000000000033e+00 -1.682342999999999833e+01 -1.146495999999999960e+01 -4.563858999999999888e+00 2.047321999999999864e+00 8.497374000000000649e+00 2.288638000000000172e+00 -1.113398000000000110e+00 1.740110999999999963e+00
-1.232355000000000089e+00 1.848501999999999867e+01 5.366594000000000086e+00 -5.516733000000000331e+00 -1.426917000000000080e+01 -1.208421000000000056e+01 -6.350435000000000052e+00 1.612014999999999976e+00 1.002998999999999974e+01 4.033123999999999931e+00 -9.024967000000000406e-01 -1.576049999999999951e-01
-1.787803000000000031e+00 1.930745999999999896e+01 5.823516999999999832e+00 -5.454428000000000054e+00 -1.422765000000000057e+01 -1.298357999999999990e+01 -7.287125999999999770e+00 1.536365999999999898e+00 8.986591999999999913e+00 3.861006999999999856e+00 -4.895584000000000047e-01 1.450563000000000047e+00
-2.050070999999999977e+00 1.956243999999999872e+01 7.164159999999999862e+00 -4.357480999999999938e+00 -1.690248000000000062e+01 -1.423713000000000051e+01 -6.275223999999999691e+00 4.247650000000000148e+00 8.578381999999999508e+00 2.710401000000000060e+00 1.100759000000000043e+00 -2.485094999999999943e-01
-1.450396999999999936e+00 1.846191999999999922e+01 5.003247000000000000e+00 -3.769359000000000126e+00 -1.510806999999999967e+01 -1.501113999999999926e+01 -3.946816000000000102e+00 3.247856000000000076e+00 6.065089999999999648e+00 3.164576999999999973e+00 1.480075000000000029e+00 9.196134000000000253e-01
-1.425905999999999896e+00 1.808736999999999995e+01 4.861056999999999739e+00 -3.878864999999999785e+00 -1.379395000000000060e+01 -1.406141000000000041e+01 -7.452276999999999596e+00 3.221833999999999865e+00 5.692717000000000027e+00 3.879204999999999792e+00 1.968204000000000065e+00 2.269881999999999955e+00
-2.092633000000000187e+00 1.799513999999999925e+01 5.329163999999999568e+00 -2.991490000000000204e+00 -1.438509999999999955e+01 -1.392693000000000048e+01 -7.018559999999999910e+00 3.861784000000000106e+00 8.383888000000000673e+00 4.094161999999999857e+00 2.046145999999999798e+00 1.504431999999999992e+00
-2.084073000000000064e+00 1.692796999999999841e+01 5.183550999999999576e+00 -2.826287000000000216e+00 -1.412717999999999918e+01 -1.465193999999999974e+01 -7.185590999999999617e+00 6.992761999999999922e+00 7.038115999999999595e+00 1.764893999999999963e+00 1.975845999999999991e+00 3.532275999999999971e+00
-2.663774000000000086e+00 1.547259000000000029e+01 5.986932999999999616e+00 1.556243999999999961e-01 -1.551417000000000002e+01 -1.498241999999999940e+01 -6.948990000000000222e+00 5.048005999999999993e+00 7.675163999999999653e+00 1.871993000000000018e+00 2.548029999999999795e+00 6.946582000000000257e+00
-2.947204999999999853e+00 1.495659000000000027e+01 6.184810999999999837e+00 4.430773000000000073e-01 -1.438045999999999935e+01 -1.687893000000000043e+01 -5.273977000000000359e+00 4.285381000000000107e+00 8.244643999999999195e+00 6.658458999999999905e-01 2.220673999999999815e+00 5.423594999999999722e+00
-3.696677999999999908e+00 1.499356000000000044e+01 8.366265000000000285e+00 -9.337703000000000531e-01 -1.710807000000000144e+01 -1.515564000000000000e+01 -4.149886000000000408e+00 6.097984000000000293e+00 8.376234999999999431e+00 6.855387000000000286e-02 5.304084999999999495e-01 6.764941000000000315e+00
-4.326312999999999853e+00 1.448659999999999926e+01 9.659435999999999467e+00 -1.418759000000000103e+00 -1.642505999999999844e+01 -1.555564000000000036e+01 -6.032981999999999623e+00 5.463424999999999976e+00 1.028830999999999918e+01 -2.834521999999999875e-01 1.116041000000000061e+00 5.720550000000000246e+00
-3.101760000000000073e+00 1.683152000000000115e+01 7.324379999999999669e+00 6.641486000000000611e-02 -1.517675000000000018e+01 -1.704577000000000098e+01 -7.922972999999999821e+00 3.619409999999999794e+00 6.288515000000000299e+00 1.500083000000000055e+00 2.247266000000000208e+00 3.494063000000000141e+00
-4.532465000000000188e+00 1.722013000000000105e+01 4.875435999999999659e+00 -9.236221000000000014e-01 -1.286053000000000068e+01 -1.295781999999999989e+01 -6.446329000000000420e+00 1.419640000000000013e+00 2.646529000000000131e+00 2.985635999999999957e+00 2.180633999999999961e+00 2.339239000000000068e+00
-5.880899999999999572e+00 1.739735999999999905e+01 6.091690999999999967e+00 -2.750830000000000219e-01 -1.223626999999999931e+01 -1.479302000000000028e+01 -1.191543000000000063e+01 -6.438878000000000101e-01 5.916514000000000273e+00 1.745368999999999948e+00 9.928628000000000453e-01 -1.460401000000000060e+00
-7.659474000000000338e+00 1.576454999999999984e+01 6.355072999999999972e+00 1.436654000000000098e+00 -1.139095000000000013e+01 -1.049722000000000044e+01 -1.018463000000000029e+01 -4.628504999999999980e-01 6.245211000000000290e+00 6.270457999999999643e+00 3.998356999999999939e+00 -1.507873999999999937e+00
-8.965346999999999511e+00 1.346001000000000047e+01 6.075715999999999894e+00 5.674514999999999976e-01 -1.093318999999999974e+01 -1.251749000000000045e+01 -8.986895999999999773e+00 -9.290121000000000073e-01 4.099255000000000315e+00 3.874465999999999966e+00 7.593433000000000543e-01 -6.872055999999999998e-02
-1.531542999999999921e+01 7.225570000000000270e+00 -1.077574999999999950e+00 -6.470253999999999728e-01 -6.371863000000000277e+00 -4.683248999999999995e+00 -4.624342000000000397e+00 -1.648142999999999914e+00 4.055203999999999809e+00 5.027916000000000274e+00 6.688416000000000139e+00 1.670754000000000072e+00
