1.937481000000000064e-01 8.167799999999999727e+00 -3.901752999999999805e+00 -1.304193000000000069e+01 -4.386822999999999695e+00 -1.559714000000000045e+00 -1.835518999999999901e+00 5.604370000000000296e+00 1.197212000000000032e+01 -9.630703000000000458e+00 -5.012312999999999796e+00 5.922600000000000087e+00
1.722238000000000102e-01 1.106847999999999921e+01 -3.017018999999999895e+00 -1.456124999999999936e+01 -6.914642999999999873e+00 -8.485565000000000468e-01 1.320529000000000064e+00 6.861028000000000127e+00 6.862448999999999799e+00 -8.317059000000000424e+00 -6.012491999999999948e+00 3.175038999999999945e+00
-1.002955999999999959e+00 8.988460999999999146e+00 -7.574564999999999770e-01 -1.239093000000000089e+01 -7.203287000000000440e+00 -1.247676000000000007e+00 7.278651999999999900e-01 5.778120999999999619e+00 9.877993000000000023e+00 -1.010669000000000040e+01 -6.295542000000000193e+00 5.040468999999999866e+00
-6.484229999999999716e-01 9.516030000000000655e+00 -8.103962000000000110e-01 -1.377021000000000051e+01 -6.724296999999999969e+00 9.276883999999999686e-01 -4.165174999999999850e-01 5.232531999999999961e+00 8.940958999999999435e+00 -1.014127000000000045e+01 -7.299898999999999916e+00 6.166622000000000270e+00
-5.405537999999999732e-01 9.292427999999999244e+00 -2.393774000000000068e+00 -1.004918999999999940e+01 -6.486050999999999789e+00 -4.835459000000000174e+00 2.062495999999999885e+00 7.206341000000000108e+00 7.223419999999999952e+00 -9.639829000000000647e+00 -5.359074999999999811e+00 3.228215000000000057e+00
-1.133339000000000096e+00 8.112963999999999842e+00 -5.649484999999999646e-01 -1.154696000000000033e+01 -6.729712000000000138e+00 -3.063502000000000169e+00 -1.030220000000000025e-01 6.487729999999999997e+00 9.062347000000000818e+00 -8.571623000000000658e+00 -6.590080999999999634e+00 4.820331000000000365e+00
-1.826324000000000058e+00 8.993188999999999211e+00 -3.720395000000000230e-01 -1.233238000000000056e+01 -6.763448999999999600e+00 -2.810176999999999925e+00 1.265935999999999950e+00 2.348107000000000166e+00 1.283036000000000065e+01 -4.949135000000000062e+00 -1.038691999999999993e+01 4.302995000000000125e+00
-9.356617000000000406e-01 8.684495999999999327e+00 -9.756321999999999495e-01 -1.068848000000000020e+01 -7.698104999999999976e+00 -4.280650999999999762e+00 2.110057999999999989e+00 4.770410000000000039e+00 8.907949999999999591e+00 -5.062488000000000099e+00 -8.748571000000000097e+00 3.504007999999999790e+00
-1.527209999999999956e+00 9.528085000000000804e+00 5.247266999999999904e-01 -1.168232000000000070e+01 -8.175845999999999947e+00 -4.462728000000000250e+00 4.147832000000000185e-01 5.241291999999999618e+00 9.866633999999999460e+00 -6.823058999999999763e+00 -7.568743999999999694e+00 3.083785000000000220e+00
-1.665510000000000046e+00 1.036222000000000065e+01 1.331655999999999951e+00 -1.118211999999999939e+01 -9.744436000000000320e+00 -5.189059000000000310e+00 -1.998469999999999969e+00 5.950169999999999959e+00 1.168285000000000018e+01 -5.013016000000000361e+00 -7.221563999999999872e+00 2.327157999999999838e+00
-2.197928999999999800e+00 1.006250999999999962e+01 3.227859000000000034e+00 -1.239373999999999931e+01 -9.643641000000000574e+00 -6.776298999999999850e+00 1.988931999999999922e-01 5.486588000000000243e+00 1.088104000000000049e+01 -2.536305000000000032e+00 -9.265162999999999371e+00 4.002641999999999811e+00
-2.204114000000000129e+00 1.060472999999999999e+01 3.251522000000000023e+00 -1.486661999999999928e+01 -9.181309999999999860e+00 -3.752229999999999954e+00 -1.953804000000000096e+00 6.344153000000000375e+00 8.325143999999999878e+00 -3.324011000000000049e+00 -5.885067000000000270e+00 1.948619000000000101e+00
-1.952501999999999960e+00 1.075317000000000078e+01 3.264355999999999813e+00 -1.586701000000000050e+01 -1.011721999999999966e+01 -3.796759999999999913e+00 -4.934438999999999909e-01 5.927538000000000196e+00 5.396560000000000024e+00 -5.142458999999999669e+00 -3.362686000000000064e+00 2.031988000000000127e+00
-2.144489000000000090e+00 1.197730999999999923e+01 3.651778000000000191e+00 -1.743832000000000093e+01 -8.577365999999999602e+00 -5.100329000000000335e+00 -2.409984999999999822e+00 7.800114999999999910e+00 4.937625999999999848e+00 -3.989479000000000219e+00 -6.150570000000000093e+00 2.278262999999999927e+00
-1.490347000000000088e+00 1.202599999999999980e+01 2.992839000000000027e+00 -1.548624000000000045e+01 -9.644890000000000185e+00 -5.571354999999999613e+00 -2.588239000000000178e+00 6.766365000000000407e+00 6.504317999999999600e+00 -3.978190999999999811e+00 -8.964985000000000426e+00 2.686319000000000123e+00
-1.695940999999999921e+00 1.251408999999999949e+01 3.547903999999999947e+00 -1.549981999999999971e+01 -9.257115000000000649e+00 -7.318243999999999971e+00 -3.508459999999999912e+00 8.459835999999999245e+00 4.883320999999999579e+00 -3.639574000000000087e+00 -9.397601999999999123e+00 2.361857000000000095e+00
-2.095254999999999868e+00 1.444851000000000063e+01 3.324514000000000191e+00 -1.531670000000000087e+01 -8.870174000000000447e+00 -9.635443000000000424e+00 -5.362136999999999709e+00 1.243689999999999962e+01 1.905756000000000006e+00 -3.322330000000000005e+00 -5.734455999999999776e+00 3.902624999999999844e-02
-1.146946999999999939e+00 1.339456000000000024e+01 3.090698000000000167e+00 -1.367700999999999922e+01 -1.065076999999999963e+01 -8.736271000000000342e+00 -5.421279000000000181e+00 1.030490999999999957e+01 2.986892999999999798e+00 -3.201292000000000026e+00 -4.672653000000000389e+00 -1.247103999999999990e+00
-5.922617000000000020e-01 1.509828000000000081e+01 3.029736999999999902e+00 -1.427978000000000058e+01 -1.117432999999999943e+01 -9.468538000000000565e+00 -3.180489000000000122e+00 8.391211999999999449e+00 2.735597999999999974e+00 -3.081935999999999787e+00 -5.443050000000000388e+00 -6.865063000000000137e-01
-1.043036000000000074e+00 1.612978000000000023e+01 3.658195000000000086e+00 -1.203264000000000067e+01 -1.199319000000000024e+01 -1.230657000000000068e+01 -3.290087999999999901e+00 8.975251000000000090e+00 2.664610999999999841e+00 -2.429917000000000105e+00 -5.135559999999999903e+00 -1.265579999999999927e+00
-1.785749999999999948e+00 1.832207000000000008e+01 7.012245000000000061e+00 -1.158770999999999951e+01 -1.325980999999999987e+01 -1.528644000000000069e+01 -1.243683000000000094e+00 9.744721999999999440e+00 2.033177999999999930e+00 -1.687840000000000007e+00 -6.930785000000000196e+00 1.108397999999999994e+00
-1.988623000000000030e+00 1.837029000000000067e+01 8.441216000000000719e+00 -9.136373999999999995e+00 -1.302947999999999951e+01 -1.621661999999999892e+01 -2.548122000000000220e+00 8.730684000000000111e+00 3.280070999999999959e+00 -1.895174000000000025e-01 -7.618043000000000120e+00 3.819642999999999788e-01
-1.604400999999999966e+00 1.782476000000000127e+01 7.251676999999999929e+00 -6.733748000000000289e+00 -1.127096000000000053e+01 -1.433085999999999949e+01 -3.595311999999999841e+00 5.418206999999999773e+00 2.739501999999999882e+00 9.938822999999999408e-02 -4.933559999999999945e+00 1.281670000000000087e+00
-9.124054999999999804e-01 1.965516999999999825e+01 5.937408999999999715e+00 -6.350170999999999566e+00 -1.148088000000000086e+01 -1.466466999999999921e+01 -4.166056000000000203e+00 6.374085000000000001e+00 2.812263999999999875e+00 2.049920999999999882e+00 -4.795481999999999800e+00 -1.168917999999999902e+00
-5.652943999999999747e-01 1.904322000000000159e+01 6.568273999999999724e+00 -4.739988999999999564e+00 -1.241178999999999988e+01 -1.618924000000000163e+01 -3.887715000000000032e+00 6.023661999999999850e+00 2.084643999999999942e+00 4.559367000000000281e-02 -1.930515999999999899e+00 2.740356999999999932e-01
-7.308092999999999950e-01 1.970433999999999841e+01 7.447794000000000025e+00 -4.258526999999999951e+00 -1.525783000000000023e+01 -1.579507000000000083e+01 -3.033253999999999895e+00 6.348047000000000217e+00 2.634085999999999927e+00 9.327235999999999860e-01 -3.775249000000000077e+00 -1.705405999999999977e+00
-4.596519000000000021e-01 1.840456000000000003e+01 6.471218000000000359e+00 -3.524626000000000037e+00 -1.281539000000000073e+01 -1.541474999999999973e+01 -4.270692000000000377e+00 3.290843999999999880e+00 1.670433000000000057e+00 3.461787999999999865e+00 -7.745026000000000410e-01 -1.064594000000000040e+00
-4.616312000000000193e-01 1.957220999999999833e+01 7.686824999999999797e+00 -5.542270000000000252e+00 -1.259131000000000000e+01 -1.522541999999999973e+01 -3.162704999999999878e+00 3.870016000000000123e+00 1.377254999999999896e+00 2.661354000000000219e+00 -9.238610999999999907e-01 -1.213530999999999915e+00
-5.660366000000000009e-01 1.988185000000000002e+01 8.840669999999999362e+00 -4.675356999999999985e+00 -1.461680999999999919e+01 -1.808489000000000146e+01 -1.158484000000000069e+00 6.728646000000000349e+00 9.208060000000000134e-01 -3.393735999999999975e-01 2.528326000000000184e-01 -1.639876999999999863e-01
-6.983989999999999920e-01 2.005202999999999847e+01 7.729337000000000124e+00 -4.760127999999999915e+00 -1.415365000000000073e+01 -1.496715000000000018e+01 -4.559787000000000035e+00 5.752326000000000050e+00 1.083366999999999969e+00 1.993004999999999916e+00 1.068164999999999948e-01 -2.657836999999999783e+00
-6.358051999999999593e-01 2.012318000000000140e+01 8.085076000000000818e+00 -6.198426000000000435e+00 -1.470969000000000015e+01 -1.387897000000000070e+01 -5.657434000000000296e+00 4.679397999999999946e+00 3.970067999999999930e+00 3.900790000000000202e+00 -3.256568000000000129e+00 -4.335124000000000422e+00
-2.708808999999999800e-01 1.869268999999999892e+01 6.204914999999999736e+00 -6.192338000000000342e+00 -1.416948000000000008e+01 -1.288743999999999978e+01 -5.831966000000000427e+00 3.981227000000000071e+00 5.013582999999999679e+00 1.279746999999999968e+00 -2.306105000000000071e+00 -2.036627999999999883e+00
4.975766000000000217e-02 1.892999999999999972e+01 5.021792999999999729e+00 -6.789481999999999573e+00 -1.570350000000000001e+01 -1.607379999999999853e+01 -3.637497999999999898e+00 8.722898000000000707e+00 4.271054999999999602e+00 2.045063999999999975e-04 -1.912760000000000016e+00 -3.436996000000000162e+00
-4.566831000000000085e-01 1.495763999999999960e+01 5.743698000000000192e+00 -6.409651000000000209e+00 -1.829420999999999964e+01 -1.701948000000000150e+01 -1.708963000000000010e+00 1.106367999999999974e+01 4.739217000000000013e+00 -4.990681999999999618e+00 -3.713834999999999997e+00 4.687127999999999850e-01
-2.288727000000000178e+00 1.213685000000000080e+01 6.486457999999999835e+00 -5.371790999999999983e+00 -1.631035999999999930e+01 -1.579176999999999964e+01 -2.273089000000000137e+00 1.016084999999999994e+01 5.008258999999999794e+00 -4.256770999999999638e+00 -7.332277000000000378e+00 3.014386000000000010e+00
-3.025503000000000053e+00 1.370561000000000007e+01 5.655865999999999616e+00 -4.701116999999999990e+00 -1.631660000000000110e+01 -1.301013999999999982e+01 -1.483146999999999993e+00 8.550117999999999441e+00 7.629112000000000116e+00 -3.952255000000000074e+00 -6.136783999999999573e+00 2.380332999999999810e+00
-2.633611000000000146e+00 1.353306000000000076e+01 4.683701000000000114e+00 -5.752089999999999925e+00 -1.561186000000000007e+01 -9.613013000000000474e+00 -2.721826000000000079e+00 5.332791000000000281e+00 8.564726000000000283e+00 -2.171750999999999987e+00 -7.542633000000000365e+00 3.648664000000000129e+00
-2.499268999999999963e+00 1.164427000000000056e+01 3.470098999999999823e+00 -1.053767000000000031e+01 -1.624412999999999840e+01 -4.965090000000000003e+00 -6.621854999999999825e-01 6.831095999999999613e+00 1.036035000000000039e+01 -3.943369000000000124e+00 -1.035308000000000028e+01 6.575128999999999557e+00
-3.706118000000000023e+00 8.304892999999999859e+00 5.030616000000000199e+00 -1.031240000000000023e+01 -1.188573000000000057e+01 -3.473835999999999924e+00 -1.199788999999999994e-01 5.721421000000000312e+00 1.051120000000000054e+01 -4.027904000000000373e+00 -1.024925999999999959e+01 7.924122999999999806e+00
-3.265982000000000163e+00 4.633187999999999640e+00 4.008720000000000283e+00 -9.426282999999999745e+00 -1.200486000000000075e+01 -2.130025999999999975e+00 -1.188676000000000066e+00 4.218005999999999922e+00 1.416102000000000061e+01 -3.478190000000000115e+00 -1.020100000000000051e+01 8.815492000000000772e+00
-1.456946999999999992e+00 7.778506000000000142e+00 -1.620133000000000045e+00 -9.149487999999999843e+00 -8.042562000000000211e+00 -3.333650000000000002e+00 1.091404000000000041e+00 2.050733000000000139e+00 1.401336000000000048e+01 -5.982600000000000140e-01 -1.110759999999999970e+01 7.580734999999999779e+00
-9.359091000000000493e-01 1.006653000000000020e+01 -2.107018000000000058e+00 -1.463291000000000075e+01 -8.742722000000000548e+00 -7.664235999999999827e-01 1.332935999999999899e+00 -1.564227999999999952e+00 1.399774000000000029e+01 8.287368000000000512e-01 -1.066266000000000069e+01 7.976397999999999655e+00
2.387760999999999911e-01 1.123180999999999941e+01 -5.188348000000000404e+00 -1.388261999999999929e+01 -8.060472000000000747e+00 1.217627000000000015e+00 1.106707000000000107e+00 3.577488999999999808e-01 1.423199999999999932e+01 3.880537000000000014e-01 -8.160954999999999515e+00 4.650439000000000433e+00
-4.346638999999999919e-01 1.349335999999999913e+01 -2.046858999999999984e+00 -1.488629000000000069e+01 -9.546176000000000883e+00 -6.166715999999999864e-01 5.609792999999999807e+00 -1.104052999999999951e+00 1.362400000000000055e+01 4.502535999999999761e-01 -8.738753000000000881e+00 6.085281000000000162e+00
-1.204839999999999911e+00 1.535970000000000013e+01 -6.676195000000000324e-01 -1.499119999999999919e+01 -1.070575000000000010e+01 -1.604904000000000108e+00 8.553672999999999860e+00 6.354109999999999481e-01 1.151035000000000075e+01 -1.741394000000000108e+00 -7.747974000000000139e+00 7.723137000000000363e+00
-1.025470000000000104e+00 1.421710999999999991e+01 -1.237844000000000028e-01 -1.382267000000000046e+01 -8.344533999999999452e+00 -1.086378999999999984e+00 1.496301000000000103e+00 2.087966000000000211e+00 1.444106000000000023e+01 -6.650228999999999724e-01 -7.956450000000000244e+00 6.935190999999999661e+00
-1.480202999999999935e+00 1.482646000000000086e+01 1.040888999999999953e+00 -1.465352000000000032e+01 -8.329539999999999722e+00 -8.601012000000000102e-01 2.933087000000000000e+00 -3.749773000000000134e-01 1.611991000000000085e+01 -6.131495000000000140e-01 -9.279367999999999839e+00 9.107056999999999292e+00
-1.975757999999999903e+00 1.488199999999999967e+01 2.763033000000000072e+00 -1.556866999999999912e+01 -7.901780999999999722e+00 -3.292418000000000067e+00 3.516652000000000111e+00 -7.371025999999999967e-02 1.579265999999999970e+01 1.066249000000000002e+00 -8.906285000000000451e+00 6.969439999999999635e+00
-2.369629000000000207e+00 1.311777000000000015e+01 4.479161000000000392e+00 -1.575225999999999971e+01 -8.223328999999999667e+00 -1.739152999999999949e+00 -1.719716000000000022e+00 2.294325999999999866e+00 1.696998999999999924e+01 -1.459452999999999889e+00 -6.934337000000000195e+00 5.962030999999999636e+00
-2.476013000000000019e+00 1.201417999999999964e+01 5.767360000000000042e+00 -1.404888000000000048e+01 -8.289970999999999535e+00 -2.319030000000000147e+00 -4.498162999999999911e+00 2.532808999999999866e+00 1.771499999999999986e+01 -2.285104000000000024e+00 -5.307477999999999696e+00 7.593352000000000324e+00
-3.257817000000000185e+00 1.009631000000000078e+01 6.882703000000000237e+00 -1.196706999999999965e+01 -6.978786000000000378e+00 -4.473943000000000225e+00 -7.179832000000000214e+00 2.717998000000000136e+00 1.789460000000000051e+01 -1.514928999999999970e+00 -5.471668000000000198e+00 5.747976000000000418e+00
-3.748423999999999978e+00 8.953243000000000507e+00 9.297876000000000474e+00 -1.209961000000000020e+01 -7.967590000000000394e+00 -3.531890000000000196e+00 -7.049139000000000266e+00 2.857438000000000144e+00 1.120829999999999949e+01 -1.718099000000000043e+00 6.186040999999999901e-01 5.316262000000000043e+00
-3.399086000000000052e+00 8.772187000000000623e+00 9.568590000000000373e+00 -7.146363000000000021e+00 -6.097444000000000308e+00 -6.875583999999999918e+00 -1.165728000000000009e+01 1.796918999999999933e+00 1.000045000000000073e+01 1.338343999999999978e+00 -7.598802000000000056e-01 4.899868999999999808e+00
-4.695248000000000310e+00 9.230028000000000787e+00 1.084756999999999927e+01 -7.279842000000000368e+00 -1.029809000000000002e-01 -6.042051999999999978e+00 -1.573479000000000028e+01 3.482582000000000177e-01 6.744609999999999772e+00 1.756693000000000060e+00 -3.831859000000000126e+00 4.495644000000000418e+00
-5.793485000000000440e+00 8.530385000000000773e+00 1.242613000000000056e+01 -4.610725000000000406e+00 2.831357000000000124e+00 -1.110690999999999917e+01 -1.783288999999999902e+01 1.761147000000000018e+00 7.635856000000000421e+00 -8.117571000000000092e-01 -3.832276999999999934e+00 3.616668000000000216e+00
-6.523581000000000074e+00 9.102154000000000522e+00 1.360805000000000042e+01 -8.611288000000000276e-01 5.660317000000000043e+00 -1.165940999999999939e+01 -1.855003999999999920e+01 2.112786999999999971e+00 6.542651000000000217e+00 -2.558879999999999821e+00 -6.831769999999999676e+00 4.118006000000000277e+00
-6.815767000000000131e+00 9.486485000000000056e+00 1.325070999999999977e+01 7.026862000000000386e-01 5.360426999999999609e+00 -8.096690000000000609e+00 -1.681629999999999825e+01 4.751428999999999903e+00 5.049431000000000225e+00 -2.600667000000000062e+00 -8.305718000000000600e+00 2.555858000000000185e+00
-7.302662999999999904e+00 1.054232999999999976e+01 1.519342999999999932e+01 3.845302999999999916e+00 4.748152000000000150e+00 -8.783110000000000639e+00 -1.329175000000000040e+01 2.453234000000000137e+00 5.166915000000000369e+00 -6.930647999999999698e+00 -8.150510999999999839e+00 2.551126000000000005e+00
-7.676988999999999841e+00 1.136536000000000080e+01 1.626867000000000019e+01 4.196564999999999657e+00 3.988847999999999949e+00 -8.124397999999999342e+00 -1.149555999999999933e+01 5.551806000000000019e+00 2.116943000000000019e+00 -5.833142999999999745e+00 -1.053377000000000052e+01 -1.457366999999999968e-01
-7.751706000000000429e+00 1.339456000000000024e+01 1.589166999999999952e+01 5.335588000000000442e+00 3.330340000000000078e+00 -5.569046000000000163e+00 -8.713808999999999472e+00 5.403362999999999694e+00 2.497435999999999989e+00 -7.949383000000000088e+00 -9.478234000000000492e+00 8.242688000000000237e-01
-8.387045000000000528e+00 1.210919999999999952e+01 1.660475999999999885e+01 5.855453999999999937e+00 2.579782999999999937e+00 -6.908878999999999992e-01 -6.455235000000000056e+00 2.161214000000000190e+00 2.938976999999999951e+00 -8.726762000000000796e+00 -9.889962000000000586e+00 1.043956000000000106e+00
-8.450875999999999166e+00 1.093753000000000064e+01 1.598471999999999937e+01 5.968793999999999933e+00 5.232141000000000375e+00 -1.595998000000000028e+00 -8.946656000000000830e+00 2.564931000000000072e+00 2.165570000000000217e+00 -6.162155000000000271e+00 -7.377607000000000248e+00 1.017819000000000029e+00
-8.892742999999999398e+00 1.255569000000000024e+01 1.539034999999999975e+01 7.492799999999999905e+00 6.845297999999999661e+00 -2.951683000000000057e+00 -1.020270999999999972e+01 2.370737999999999790e+00 3.266583999999999932e+00 -4.363158999999999565e+00 -7.016639999999999766e+00 -7.994307000000000496e-02
-8.482544000000000750e+00 1.196691000000000038e+01 1.556039999999999957e+01 7.904478000000000115e+00 7.054388000000000325e+00 -3.007427999999999990e+00 -9.941734999999999545e+00 -1.849211000000000049e-01 3.781597000000000097e+00 -3.970025999999999833e+00 -5.076234000000000357e+00 3.612348000000000225e-01
-8.884579000000000448e+00 1.302416999999999980e+01 1.811152999999999835e+01 4.589039999999999786e+00 5.585344000000000086e+00 1.278009999999999979e-01 -7.790693000000000090e+00 1.921270999999999951e+00 2.571616999999999820e+00 -4.894860000000000433e+00 -7.552241999999999678e+00 1.115794999999999981e-01
-9.016446999999999434e+00 1.307972000000000001e+01 1.786808999999999870e+01 6.278373000000000204e+00 4.044660999999999618e+00 -1.242048000000000041e-01 -8.007823999999999387e+00 -7.249143000000000114e-01 4.955017999999999923e+00 -2.093941000000000052e+00 -6.257940999999999754e+00 2.483080000000000176e+00
-9.536742000000000274e+00 1.337800999999999974e+01 1.615075999999999823e+01 6.896124000000000365e+00 5.325023999999999980e+00 3.428284999999999805e+00 -5.453952000000000133e+00 -2.066987999999999825e+00 2.640474999999999905e+00 -2.141251000000000015e+00 -6.182113000000000191e+00 6.746558999999999751e-01
-9.612201000000000661e+00 1.364320999999999984e+01 1.795471999999999824e+01 5.831567999999999863e+00 4.230843000000000131e+00 3.531527999999999778e+00 -8.040082999999999203e+00 -4.754806999999999784e-01 3.399329999999999963e+00 -2.867237999999999953e+00 -6.662984999999999935e+00 1.437591999999999981e+00
-9.202991000000000810e+00 1.264858000000000082e+01 1.717024999999999935e+01 8.195322000000000884e+00 6.595805999999999614e+00 -1.102870999999999935e+00 -4.274415000000000298e+00 7.434583000000000164e-01 -3.165039000000000047e-01 -2.182077000000000044e+00 -5.476473000000000368e+00 4.173396999999999801e-01
-9.601314999999999600e+00 1.255616999999999983e+01 1.650528999999999868e+01 8.438395999999999120e+00 7.393430000000000391e+00 1.068864000000000036e+00 -4.734319000000000166e+00 -2.426416000000000128e+00 -2.075382000000000060e-01 -2.364834999999999798e+00 -7.691155000000000186e+00 3.735186999999999813e+00
-8.977603999999999473e+00 1.238504000000000005e+01 1.669901000000000124e+01 8.783098999999999990e+00 5.271709999999999674e+00 1.019387000000000043e+00 -6.958150999999999975e+00 -5.499458000000000402e-01 2.289442999999999895e+00 -6.060810000000000031e+00 -6.795213999999999643e+00 4.414077999999999946e+00
-9.573605999999999838e+00 1.240276000000000067e+01 1.836861000000000033e+01 9.730567999999999884e+00 2.520637999999999934e+00 1.184971999999999914e+00 -8.017749999999999488e+00 -1.836292999999999953e+00 1.334662000000000015e+00 -4.642458000000000418e+00 -7.052988000000000035e+00 4.172984999999999722e+00
-8.810109999999999886e+00 1.124552000000000085e+01 1.778507000000000104e+01 8.734859000000000151e+00 2.415259999999999962e+00 -1.575197000000000125e-01 -1.022213999999999956e+01 -3.300040999999999780e+00 6.660490000000000244e+00 -6.255334000000000394e+00 -9.676681999999999562e+00 2.251675000000000093e+00
-8.669582999999999373e+00 1.209572999999999965e+01 1.883304000000000045e+01 8.119450000000000500e+00 2.687243000000000048e+00 -3.310560000000000169e+00 -1.282606000000000002e+01 -1.792489999999999917e+00 4.371502000000000443e+00 -5.897985000000000255e+00 -9.289813000000000542e+00 6.235081000000000095e-01
-7.319982000000000433e+00 1.344300999999999924e+01 1.841072000000000131e+01 5.611913000000000373e+00 1.565989000000000075e+00 -5.886033000000000293e+00 -1.320406999999999975e+01 -7.295378999999999614e-01 4.534773000000000387e+00 -5.670558999999999905e+00 -9.755644000000000204e+00 7.001171000000000477e-01
-6.173252999999999879e+00 1.562537000000000020e+01 1.496683999999999948e+01 5.982444999999999569e-01 1.991665999999999936e+00 -5.665363000000000149e+00 -1.373179999999999978e+01 -2.892431000000000196e+00 3.946642999999999901e+00 -1.443842999999999988e+00 -8.012641999999999598e+00 -4.235571000000000197e-01
-5.269973000000000241e+00 1.664104000000000028e+01 1.430147999999999975e+01 -3.403322999999999876e+00 -6.431989999999999652e-01 -5.304177000000000142e+00 -1.189798000000000044e+01 8.690058000000000504e-02 7.284302999999999750e-01 -2.703212000000000170e+00 -3.213535999999999948e+00 1.845873000000000097e+00
-4.092071999999999932e+00 1.623117999999999839e+01 1.188671000000000078e+01 -5.919291000000000302e+00 -2.504267000000000021e-01 -6.726162000000000418e+00 -1.146165000000000056e+01 3.713785000000000114e+00 -2.398207999999999895e+00 -4.256050000000000111e+00 -6.857231999999999772e-01 3.331411999999999818e+00
-2.444097999999999882e+00 1.733950000000000102e+01 9.952804999999999680e+00 -7.639534000000000269e+00 -3.611273999999999873e+00 -7.172119999999999607e+00 -7.662068999999999797e+00 6.375059000000000253e+00 -5.365835999999999828e+00 -7.672484999999999999e+00 1.412187999999999999e+00 3.237003000000000075e+00
-1.389899999999999913e+00 1.843788999999999945e+01 8.553912999999999656e+00 -9.025845000000000340e+00 -7.351982999999999713e+00 -6.390043999999999613e+00 -6.661613000000000007e+00 6.998764000000000429e+00 -1.364632000000000067e+00 -7.678009000000000306e+00 -3.338871999999999840e+00 3.054492999999999903e+00
-7.738580000000000458e-01 1.774036999999999864e+01 7.761021000000000392e+00 -6.419487000000000165e+00 -1.117099999999999937e+01 -7.045786999999999800e+00 -5.021758000000000166e+00 5.733831999999999596e+00 3.994037999999999755e-01 -5.698176000000000130e+00 -3.178024000000000182e+00 1.852593999999999907e-01
-1.192963999999999913e+00 1.883616999999999919e+01 7.555278000000000382e+00 -6.521118000000000414e+00 -1.006015000000000015e+01 -1.003290999999999933e+01 -4.050666999999999796e+00 5.096741999999999884e+00 4.984312000000000187e-01 -3.387891999999999904e+00 -2.236334999999999962e+00 -1.220066000000000095e+00
-1.236507999999999940e+00 1.890683999999999898e+01 7.085238000000000369e+00 -8.434789000000000314e+00 -9.226710000000000633e+00 -8.185420000000000584e+00 -3.796727000000000185e+00 5.493889000000000244e+00 -1.979548999999999892e-01 -1.230825999999999976e+00 -3.569281000000000148e+00 -4.139095000000000191e+00
-1.264216999999999924e+00 1.948357000000000028e+01 6.699821000000000026e+00 -7.381941999999999560e+00 -9.921037999999999357e+00 -1.079949000000000048e+01 -2.764425000000000132e+00 9.454650000000000887e+00 5.449279000000000206e-01 -1.843939999999999912e+00 -7.238902999999999643e+00 -5.659107999999999805e+00
-2.056411999999999907e+00 1.864848999999999890e+01 7.512766000000000055e+00 -7.303728000000000442e+00 -1.031672999999999973e+01 -9.032145999999999120e+00 -1.579511000000000109e+00 7.149884000000000128e+00 1.112827000000000011e+00 -3.130206999999999962e+00 -6.857882000000000033e+00 -4.838941000000000159e+00
-2.664289000000000129e+00 1.752954000000000079e+01 8.438808999999999116e+00 -8.798227000000000686e+00 -9.055939999999999657e+00 -5.102967999999999726e+00 -2.726376000000000133e+00 7.702288000000000245e+00 9.594941000000000164e-01 -6.994528999999999996e+00 -5.675339000000000134e+00 -4.126477000000000395e+00
-2.231576000000000004e+00 1.639970999999999890e+01 7.727331999999999645e+00 -9.061908000000000740e+00 -5.397285000000000110e+00 -3.492307999999999968e+00 -3.970432000000000183e+00 6.667078000000000060e+00 -2.200153999999999943e+00 -8.466195000000000803e+00 -6.752809000000000061e+00 1.197850000000000081e+00
-2.633859000000000172e+00 1.635219999999999985e+01 7.214780000000000193e+00 -9.153703999999999397e+00 -3.941152999999999906e+00 -8.267862999999999740e-01 -2.554324999999999957e+00 3.143130000000000202e+00 -2.262977999999999934e+00 -9.342036999999999480e+00 -8.429173999999999722e+00 3.166252000000000066e+00
-3.913692000000000171e+00 1.501626000000000083e+01 9.587440000000000850e+00 -6.668648000000000131e+00 -2.812487000000000181e-01 -2.234258000000000077e+00 -6.673606999999999623e+00 2.479271999999999920e+00 -4.514342000000000077e+00 -8.399431999999999121e+00 -4.703361000000000125e+00 6.114347000000000421e+00
-5.544594000000000023e+00 1.382166999999999923e+01 1.228054999999999986e+01 -3.963000000000000078e+00 4.010923000000000016e+00 -2.756082000000000143e+00 -1.377398999999999951e+01 3.565321000000000184e-01 -6.888326000000000171e-01 -4.127807999999999922e+00 -3.930874000000000201e+00 1.895893999999999968e+00
-5.906054000000000137e+00 1.279962000000000089e+01 1.198054999999999914e+01 1.469840999999999953e+00 5.394580999999999626e+00 -3.613033000000000161e+00 -1.472192000000000078e+01 -1.102835999999999927e+00 -2.226119000000000014e-02 -3.278621999999999925e+00 -3.314013999999999793e+00 1.081809999999999938e+00
-6.453565000000000218e+00 1.190498000000000012e+01 1.387315000000000076e+01 3.590053999999999856e+00 6.176376999999999562e+00 -3.814242000000000132e+00 -1.408500000000000085e+01 -8.470758000000000454e-01 1.826249999999999929e+00 -6.105958000000000219e+00 -6.639171000000000156e+00 8.357601999999999531e-01
-7.738097999999999921e+00 1.049765999999999977e+01 1.638657999999999859e+01 6.134121000000000379e+00 9.001588999999999174e+00 -5.882404000000000188e+00 -1.548456999999999972e+01 -3.289842000000000044e-01 3.450795999999999975e+00 -4.915753999999999735e+00 -1.227740000000000009e+01 3.848934999999999995e-01
-7.932311999999999585e+00 1.020692999999999984e+01 1.637735999999999947e+01 7.732593999999999745e+00 7.507554999999999978e+00 -1.877690000000000081e+00 -1.447955999999999932e+01 -2.645186999999999955e+00 4.206457000000000335e+00 -5.448176000000000130e+00 -1.204260000000000019e+01 1.740872999999999893e+00
-9.073598000000000496e+00 1.124268000000000001e+01 1.735473999999999961e+01 8.647278999999999272e+00 8.166062000000000154e+00 -2.455258000000000163e+00 -1.288934000000000069e+01 -1.637232999999999938e+00 3.987460000000000004e+00 -7.110763999999999641e+00 -1.181052000000000035e+01 1.689950999999999981e+00
-9.833135000000000403e+00 1.125874999999999915e+01 1.815524999999999878e+01 1.140490999999999921e+01 5.986030999999999658e+00 -2.248441999999999830e+00 -1.028790000000000049e+01 -3.510781999999999847e+00 4.320390999999999870e+00 -5.215466000000000157e+00 -1.138480000000000025e+01 2.482629000000000197e+00
-9.807404999999999262e+00 1.099709999999999965e+01 1.903997999999999990e+01 8.547988999999999393e+00 5.061370000000000147e+00 2.384637999999999813e+00 -9.122014999999999318e+00 -1.293136000000000063e+00 2.814394000000000062e+00 -9.380701999999999430e+00 -9.191632999999999498e+00 3.525187999999999988e+00
-1.030865000000000009e+01 1.068296999999999919e+01 1.877849000000000146e+01 1.088504999999999967e+01 4.965989000000000431e+00 7.492391999999999941e-01 -8.572364000000000317e+00 -5.392384000000000066e-01 2.235136999999999929e+00 -6.204422000000000104e+00 -1.024047999999999981e+01 3.260886999999999869e+00
-1.011320000000000086e+01 1.030430999999999919e+01 1.757330999999999932e+01 9.849997000000000114e+00 8.897043000000000035e+00 8.724931999999999480e-03 -8.825063000000000102e+00 -2.290869999999999962e+00 3.587092000000000169e+00 -5.520222000000000406e+00 -1.074056999999999995e+01 4.089390999999999998e+00
-1.003898000000000046e+01 1.086425999999999981e+01 1.842756999999999934e+01 9.876692999999999500e+00 7.295132999999999868e+00 1.278009999999999979e-01 -8.806037999999999144e+00 -2.175521999999999956e+00 2.369302999999999937e+00 -5.150864999999999583e+00 -7.053823000000000398e+00 2.060602999999999962e+00
-1.015005999999999986e+01 1.195509000000000022e+01 1.861005000000000109e+01 8.749845999999999790e+00 6.373388000000000275e+00 -3.870955999999999841e-01 -7.941650000000000098e+00 -9.273812000000000166e-01 1.246637999999999913e+00 -4.937607999999999997e+00 -6.889842999999999940e+00 4.106965999999999894e+00
-1.011444000000000010e+01 1.003391000000000055e+01 1.787049999999999983e+01 9.145600999999999203e+00 5.462473000000000134e+00 1.002564000000000011e+00 -6.474674000000000262e+00 -2.039003000000000121e+00 1.461729999999999974e+00 -5.491643999999999970e+00 -7.536992999999999832e+00 5.046102000000000309e+00
-1.072255999999999965e+01 9.251300999999999775e+00 1.823626000000000147e+01 1.082743999999999929e+01 5.830255000000000187e+00 -1.425794999999999924e+00 -8.357300999999999647e+00 -1.632851999999999970e+00 2.993637000000000103e+00 -4.711382000000000403e+00 -6.466415999999999720e+00 4.740342000000000056e+00
-1.064833999999999925e+01 9.361682999999999311e+00 1.762744999999999962e+01 1.040967000000000020e+01 5.143839999999999968e+00 -3.086592000000000002e+00 -8.112460000000000448e+00 2.035159000000000162e+00 4.188354000000000354e+00 -5.124687999999999910e+00 -9.132099000000000188e+00 3.992052000000000156e+00
-1.278295999999999921e+01 6.006472999999999729e+00 2.109459999999999980e+01 1.218798999999999921e+01 5.170913999999999788e+00 -4.649093999999999838e+00 -9.293238000000000554e+00 3.826456999999999997e+00 3.817800999999999778e+00 -4.813687999999999967e+00 -9.418281999999999599e+00 3.672321999999999864e+00
-1.359495000000000076e+01 6.237637999999999572e+00 2.097268000000000043e+01 1.206527999999999956e+01 6.528330999999999662e+00 -3.576750000000000096e+00 -1.018615999999999921e+01 4.398814999999999920e+00 2.321741999999999972e+00 -5.215705999999999953e+00 -9.477608000000000033e+00 3.117357000000000156e+00
-1.244450999999999929e+01 9.824014999999999276e+00 1.597508999999999979e+01 1.325441999999999965e+01 7.307628000000000235e+00 2.063053999999999999e-01 -9.354862000000000677e+00 -1.171704000000000079e+00 2.631601999999999997e+00 -7.780073999999999934e+00 -9.746242999999999768e+00 3.576296999999999948e-01
-1.267608000000000068e+01 6.046655000000000335e+00 1.762705000000000055e+01 1.204795999999999978e+01 5.265462000000000309e+00 -5.457537000000000083e-01 -1.110804000000000080e+01 1.489568999999999921e+00 4.429712000000000316e+00 -1.183747999999999934e+01 -8.551793999999999230e+00 -6.137276999999999871e-01
-1.597475000000000023e+01 6.564059000000000310e+00 6.227374000000000187e+00 8.938122999999999152e+00 3.981351000000000084e+00 1.387170000000000014e+00 -4.828615000000000101e+00 -1.572257999999999933e+00 1.447176999999999936e+00 -7.837710999999999650e+00 -5.271549000000000262e+00 -3.550332000000000043e+00
