-9.908744999999999692e+00 3.221891999999999978e+00 -5.387025000000000396e+00 -8.160446000000000311e+00 -6.477636000000000394e+00 -4.093815000000000093e-01 4.631343000000000210e+00 9.831984000000000279e+00 9.458510999999999669e+00 -4.508295999999999637e+00 -3.385618000000000016e+00 3.263869999999999827e+00
-2.893987000000000087e+00 1.162179000000000073e+01 7.920523999999999620e-02 -7.959928999999999810e+00 -6.811895999999999951e+00 -4.257016000000000133e+00 2.505149999999999988e+00 9.216964000000000823e+00 9.205674000000000134e+00 -6.223908999999999914e+00 -5.529020000000000046e+00 4.269498999999999711e+00
2.090900000000000050e-02 1.241178999999999988e+01 -2.746966000000000019e+00 -1.360552999999999990e+01 -9.647375999999999507e+00 -5.095661999999999692e-01 3.452134000000000036e+00 7.157713000000000214e+00 6.655113000000000056e+00 -6.038537999999999961e+00 -5.170589999999999797e+00 2.717022000000000048e+00
-9.038547000000000109e-01 1.148784000000000027e+01 -9.268414000000000375e-01 -1.092159999999999975e+01 -8.107153000000000276e+00 -2.764737999999999918e+00 2.066396000000000122e+00 7.650871000000000421e+00 7.264469000000000065e+00 -8.726651000000000380e+00 -7.319378000000000384e+00 2.432643000000000111e+00
-1.251651000000000069e+00 1.059163000000000032e+01 3.795224999999999849e-01 -1.181254999999999988e+01 -7.183894999999999698e+00 -2.508861000000000008e+00 2.567965000000000053e+00 5.790174000000000376e+00 7.957860000000000156e+00 -9.738972999999999658e+00 -7.101268000000000136e+00 1.573217000000000088e+00
-1.220298000000000105e+00 1.106495999999999924e+01 3.765941999999999901e-01 -1.079768999999999934e+01 -6.139669999999999739e+00 -2.888275999999999843e+00 -3.676853999999999956e-01 7.181042999999999843e+00 8.483178999999999803e+00 -9.746890000000000498e+00 -8.032049999999999912e+00 2.220280999999999949e+00
-1.223530000000000006e+00 1.131100999999999956e+01 2.802843999999999891e-01 -1.095841000000000065e+01 -6.850309000000000204e+00 -2.930245999999999906e+00 8.890907000000000115e-01 6.379133999999999638e+00 8.457713000000000036e+00 -9.545916999999999319e+00 -7.339723000000000219e+00 2.882746000000000031e+00
-1.088419999999999943e+00 1.272480999999999973e+01 5.132499999999999840e-01 -1.206663999999999959e+01 -6.104962999999999695e+00 -3.888093000000000021e+00 -4.181277999999999939e-01 4.669337999999999766e+00 1.072197000000000067e+01 -7.775110999999999883e+00 -8.309699000000000169e+00 3.525256000000000167e+00
-1.360579999999999901e+00 1.288482999999999912e+01 1.134058000000000010e+00 -1.259636000000000067e+01 -7.048439000000000121e+00 -4.621201000000000114e+00 2.285296999999999912e+00 2.893771999999999789e+00 1.091550999999999938e+01 -8.116975999999999303e+00 -8.054788999999999533e+00 4.473835000000000228e+00
-1.256823000000000023e+00 1.232211000000000034e+01 1.282100999999999935e+00 -1.317636000000000074e+01 -6.349255999999999567e+00 -5.387817000000000078e+00 2.257261000000000128e-01 5.190293999999999741e+00 1.017664000000000080e+01 -6.555761000000000394e+00 -8.277086999999999861e+00 3.373196999999999779e+00
-1.615609000000000073e+00 1.108652999999999977e+01 2.011257000000000073e+00 -1.237459999999999916e+01 -6.998905999999999850e+00 -6.407602999999999938e+00 1.609083999999999959e+00 4.805843999999999561e+00 9.883423000000000513e+00 -6.869214999999999627e+00 -7.994053000000000075e+00 3.729375000000000107e+00
-1.625305999999999917e+00 1.122301000000000037e+01 1.593806999999999974e+00 -1.200618000000000052e+01 -7.156938000000000244e+00 -7.636219999999999786e+00 8.576831999999999789e-01 7.060173999999999950e+00 9.510170000000000456e+00 -9.312340000000000728e+00 -5.719903999999999655e+00 3.299444999999999961e+00
-1.210923999999999889e+00 1.172380000000000067e+01 2.377949999999999786e+00 -1.089016999999999946e+01 -1.082605000000000040e+01 -7.629450000000000287e+00 2.046409999999999840e+00 6.339424000000000170e+00 1.084783999999999970e+01 -9.210805000000000575e+00 -7.427685000000000315e+00 3.232200000000000184e+00
-1.769144000000000050e+00 1.147691000000000017e+01 3.361221000000000014e+00 -1.137829999999999941e+01 -1.082773000000000074e+01 -8.828958999999999335e+00 1.501060999999999979e+00 7.408387000000000278e+00 1.100244999999999962e+01 -9.353559000000000623e+00 -7.659856999999999694e+00 4.249760000000000204e+00
-2.402029999999999887e+00 1.220608999999999966e+01 3.888647000000000187e+00 -1.204659000000000013e+01 -9.672311000000000547e+00 -8.826928000000000551e+00 -9.577658000000000005e-01 9.339074000000000098e+00 9.874691999999999581e+00 -7.778138000000000218e+00 -7.928829000000000349e+00 4.240865999999999580e+00
-2.195485000000000131e+00 1.188690000000000069e+01 5.073322000000000109e+00 -1.177333999999999925e+01 -1.168089999999999939e+01 -7.756712000000000273e+00 -1.469802999999999971e+00 8.634705000000000297e+00 9.524357999999999436e+00 -7.862440000000000317e+00 -6.100175000000000125e+00 3.938917000000000002e+00
-2.208415000000000017e+00 1.332171999999999912e+01 5.121802999999999884e+00 -1.039427000000000056e+01 -1.174324000000000012e+01 -1.171062000000000047e+01 -1.894756000000000107e+00 1.022387999999999941e+01 1.150449000000000055e+01 -8.123962000000000572e+00 -6.830798999999999843e+00 2.270823000000000036e+00
-2.581745999999999874e+00 1.283971000000000018e+01 5.722437000000000218e+00 -1.101796000000000042e+01 -1.208221999999999952e+01 -1.132883999999999958e+01 -7.193543000000000021e-01 8.364174999999999471e+00 9.112906999999999869e+00 -6.199456999999999773e+00 -5.276803000000000132e+00 2.288393000000000121e+00
-2.396211999999999787e+00 1.341224000000000061e+01 6.732713999999999643e+00 -1.215971000000000046e+01 -1.207413000000000025e+01 -1.063025000000000020e+01 -1.974703000000000097e+00 9.680586999999999165e+00 8.435159000000000518e+00 -6.688269000000000020e+00 -4.810963000000000100e+00 2.155857000000000134e+00
-1.790154000000000023e+00 1.365717000000000070e+01 5.825254000000000154e+00 -8.976580000000000226e+00 -1.337006000000000050e+01 -1.293721000000000032e+01 -1.826230999999999938e+00 1.035094999999999921e+01 7.649363000000000135e+00 -5.658947000000000394e+00 -4.163813000000000208e+00 2.511166999999999927e+00
-1.608497999999999983e+00 1.370593000000000039e+01 5.454983000000000359e+00 -9.519472000000000378e+00 -1.220015000000000072e+01 -1.342831999999999937e+01 -1.578778000000000015e+00 9.682819999999999538e+00 7.433269000000000126e+00 -5.022956999999999894e+00 -4.020501000000000325e+00 1.971043000000000101e+00
-1.695446999999999926e+00 1.472067999999999977e+01 6.137609999999999566e+00 -9.966295999999999822e+00 -1.363523999999999958e+01 -1.250972999999999935e+01 -2.273550000000000182e+00 1.069196999999999953e+01 8.913548000000000471e+00 -5.526671999999999585e+00 -6.390090999999999966e+00 1.606187999999999949e+00
-1.437508999999999926e+00 1.563649999999999984e+01 6.187718000000000274e+00 -8.168226999999999904e+00 -1.434116000000000035e+01 -1.412182999999999922e+01 -2.890754999999999963e+00 1.051525999999999961e+01 1.079181999999999952e+01 -4.179238999999999926e+00 -7.561422999999999561e+00 -2.286105000000000081e-02
-2.137303999999999871e+00 1.730365000000000109e+01 6.990732999999999642e+00 -6.647590000000000110e+00 -1.302266000000000012e+01 -1.726579999999999870e+01 -4.474454999999999849e+00 1.056240999999999985e+01 1.050624000000000002e+01 -2.084267000000000092e+00 -7.172176000000000329e+00 -6.491014000000000506e-01
-1.269751999999999992e+00 1.663919999999999888e+01 6.348124999999999574e+00 -4.803729999999999833e+00 -1.401667999999999914e+01 -1.626395000000000124e+01 -2.376338000000000061e+00 7.306131999999999849e+00 5.935527999999999693e+00 -1.724703000000000097e+00 -4.209888000000000297e+00 8.858055999999999708e-01
-1.412296999999999914e+00 1.805805000000000149e+01 6.596058000000000199e+00 -5.135032999999999959e+00 -1.400421000000000049e+01 -1.742757999999999896e+01 -2.403938999999999826e+00 6.086020000000000429e+00 7.762502999999999709e+00 -1.887064000000000102e-02 -5.175975000000000215e+00 3.719284999999999952e-01
-1.501508999999999983e+00 1.895873999999999882e+01 6.061473999999999585e+00 -3.961558999999999831e+00 -1.219644000000000084e+01 -1.602195000000000036e+01 -5.246794000000000402e+00 2.762230000000000185e+00 4.867791999999999675e+00 2.749585000000000168e+00 -7.674001000000000294e-01 2.183509999999999895e-01
-1.425226000000000104e+00 1.944803999999999888e+01 6.587597999999999843e+00 -5.306220999999999854e+00 -1.324639999999999951e+01 -1.539647000000000077e+01 -4.392604999999999649e+00 3.503331999999999891e+00 4.482534000000000241e+00 3.542768000000000139e+00 -2.572799000000000058e-01 -4.629863000000000173e-01
-1.836376000000000008e+00 1.893547999999999831e+01 8.607500999999999181e+00 -5.047343999999999831e+00 -1.348798999999999992e+01 -1.477100000000000080e+01 -4.896077000000000012e+00 2.799707000000000168e+00 3.698920999999999903e+00 2.954051999999999900e+00 6.370012000000000452e-01 4.981744000000000172e-01
-1.901345000000000063e+00 2.003122000000000114e+01 7.842228000000000421e+00 -5.110491999999999813e+00 -1.335859999999999914e+01 -1.461529999999999951e+01 -4.732376999999999612e+00 2.353457000000000132e+00 3.119761000000000006e+00 2.659460999999999853e+00 9.379870000000000152e-01 3.025694999999999801e+00
-1.791123999999999938e+00 1.960945999999999856e+01 7.258187999999999640e+00 -3.143927999999999834e+00 -1.131833999999999918e+01 -1.665352000000000032e+01 -6.391263999999999612e+00 8.042418000000000067e-01 5.137726999999999933e+00 5.514547000000000310e+00 2.238868000000000080e+00 -1.230656999999999890e+00
-2.191930000000000156e+00 2.022738999999999976e+01 7.927475000000000271e+00 -3.301050000000000040e+00 -1.186251999999999995e+01 -1.593463000000000029e+01 -6.457410999999999568e+00 1.976701999999999959e+00 6.042119999999999713e+00 1.839264000000000010e+00 9.999194999999999611e-01 1.060640999999999945e+00
-2.380697000000000063e+00 2.093302999999999869e+01 8.314341999999999899e+00 -3.433629999999999960e+00 -1.240400999999999954e+01 -1.691988999999999876e+01 -7.246405000000000207e+00 3.560167999999999999e+00 5.936982999999999677e+00 3.744605999999999768e-01 2.916834999999999845e+00 3.949216999999999866e-01
-2.316697000000000006e+00 2.089379999999999882e+01 6.478273999999999866e+00 -4.379951000000000150e+00 -9.974221999999999255e+00 -1.798671999999999827e+01 -5.890647999999999662e+00 3.172492000000000090e+00 4.425781999999999883e+00 3.731864999999999988e+00 3.225598999999999883e+00 5.866767000000000509e-01
-2.206475000000000186e+00 2.071135999999999910e+01 6.655275999999999748e+00 -4.004056000000000282e+00 -1.193125999999999998e+01 -1.767601000000000155e+01 -7.136478999999999573e+00 2.334595000000000198e+00 7.042189999999999728e+00 5.185956000000000010e+00 1.388568000000000024e+00 -1.627615000000000034e+00
-2.129223000000000088e+00 1.941328999999999994e+01 6.097915000000000418e+00 -3.916666999999999899e+00 -1.448066000000000031e+01 -1.707423000000000002e+01 -5.435239000000000154e+00 2.772654000000000174e+00 7.954221999999999682e+00 3.797769999999999868e+00 1.921426999999999996e+00 2.073933000000000026e-02
-2.694230999999999820e+00 1.855491999999999919e+01 4.637650999999999968e+00 -5.152988999999999820e+00 -1.434453000000000067e+01 -1.613262999999999892e+01 -3.441813999999999929e+00 5.628849999999999909e+00 4.602585999999999622e+00 3.914209000000000049e+00 2.195186000000000082e+00 3.112245000000000150e+00
-3.701417999999999875e+00 1.495551999999999992e+01 5.840546999999999933e+00 -4.982101000000000113e+00 -1.681879999999999953e+01 -1.584223000000000070e+01 -3.985259000000000107e+00 8.604673000000000016e+00 7.369969000000000214e+00 2.054444000000000159e+00 1.802049999999999930e+00 3.279053999999999913e+00
-4.128083000000000169e+00 1.358403000000000027e+01 4.170744000000000007e+00 -5.506438000000000166e+00 -1.497363000000000000e+01 -1.344693000000000005e+01 -3.557450999999999919e+00 7.046274999999999622e+00 7.858181000000000083e+00 1.971772000000000080e+00 8.012567999999999913e-01 3.346082000000000001e+00
-7.715945999999999749e+00 1.138078999999999930e+01 5.642070999999999614e+00 -7.451753000000000071e+00 -1.727167000000000030e+01 -9.234436999999999784e+00 -2.138402000000000136e+00 1.194584000000000046e+01 1.334129000000000076e+01 -1.339987999999999957e+00 -3.561542000000000208e+00 3.600309000000000204e+00
-1.005517000000000039e+01 1.053334000000000081e+01 -4.280478999999999812e-01 -5.695581999999999923e+00 -1.307521999999999984e+01 -8.673265999999999920e+00 -3.841070000000000206e+00 3.618989000000000011e+00 5.524804999999999744e+00 -4.606405000000000083e-01 -2.078155000000000197e+00 -1.251481000000000066e+00
-7.655502000000000251e+00 1.388052000000000064e+01 4.955212999999999646e+00 -3.817905000000000104e+00 -1.247442999999999991e+01 -6.527079999999999771e+00 -2.236432000000000198e+00 3.590199000000000140e+00 5.918794000000000111e+00 5.582013999999999587e-01 -1.011023999999999951e-01 -1.214388000000000023e+00
-5.503108000000000111e+00 1.011494000000000071e+01 5.718166999999999556e-01 -7.445467999999999975e+00 -1.112897000000000070e+01 -1.921967999999999899e+00 1.729003999999999985e+00 5.060985999999999763e+00 8.557392999999999361e+00 -6.585568999999999562e+00 -1.093749000000000038e+01 1.359987000000000057e+00
-4.245415999999999634e+00 8.643406000000000589e+00 -1.704803000000000068e+00 -9.110955999999999833e+00 -1.171358999999999995e+01 -2.257045000000000190e+00 2.172039999999999971e+00 7.714903999999999762e+00 1.250201000000000029e+01 -7.946742000000000417e+00 -1.123039999999999949e+01 3.237190000000000012e+00
-2.062314000000000203e+00 1.139423999999999992e+01 -9.584023999999999877e-01 -1.326464999999999961e+01 -8.407042999999999822e+00 -1.570643999999999929e+00 2.044506000000000157e+00 5.427813999999999695e+00 1.310082000000000058e+01 -2.943655000000000022e-01 -8.591236999999999568e+00 4.176874999999999893e+00
-1.485994000000000037e+00 1.201777000000000051e+01 -3.005025000000000057e-01 -1.486190999999999995e+01 -9.305028999999999328e+00 -1.832613999999999965e+00 4.129298999999999609e+00 4.614487999999999701e+00 1.212693999999999939e+01 -2.124554999999999971e+00 -1.166153000000000084e+01 5.430439999999999934e+00
-8.498750999999999944e-01 1.383148000000000089e+01 -2.825380000000000003e+00 -1.351873999999999931e+01 -9.410159000000000162e+00 -4.459755000000000358e+00 8.012883999999999673e+00 6.319568000000000296e+00 9.576017000000000223e+00 -1.645059000000000049e+00 -1.132493999999999978e+01 5.344108000000000303e+00
-1.259085000000000010e+00 1.476887999999999934e+01 -1.700898999999999939e+00 -1.181104999999999983e+01 -9.490690999999999988e+00 -6.605265000000000164e+00 8.977950999999999127e+00 6.068150000000000155e+00 8.966661000000000215e+00 -2.354871999999999854e+00 -1.020776000000000039e+01 4.047375999999999863e+00
-1.971810000000000063e+00 1.517634999999999934e+01 1.597059999999999924e+00 -1.365550999999999959e+01 -1.092680000000000007e+01 -1.609566999999999970e+00 7.255296999999999663e+00 1.287968000000000002e+00 1.148230000000000040e+01 -3.183917999999999804e+00 -9.307798999999999268e+00 6.363836000000000048e+00
-1.799204000000000025e+00 1.580605000000000082e+01 1.461381000000000041e+00 -1.390061999999999998e+01 -9.844830999999999221e+00 -2.748152999999999846e+00 9.009833999999999676e+00 5.617579999999999796e-01 9.486886999999999404e+00 4.466528000000000165e-01 -1.028195999999999977e+01 6.097243999999999886e+00
-1.638559000000000099e+00 1.466686999999999941e+01 1.192623999999999906e+00 -1.151984999999999992e+01 -9.668941000000000230e+00 -2.715322000000000013e+00 6.505323999999999884e+00 -2.508231000000000210e-01 1.083220000000000027e+01 5.640233999999999526e-01 -9.493596999999999397e+00 4.528063999999999645e+00
-1.894881000000000038e+00 1.478176999999999985e+01 2.504194000000000031e+00 -1.175359000000000087e+01 -8.695477000000000345e+00 -3.969323999999999852e+00 4.456222000000000349e+00 7.268057999999999463e-01 1.173076999999999970e+01 9.028612000000000304e-01 -1.011740999999999957e+01 4.695307999999999815e+00
-2.334798000000000151e+00 1.565976000000000035e+01 4.890463999999999700e+00 -1.347533999999999921e+01 -1.110100000000000087e+01 -2.501752999999999894e+00 4.917817000000000327e+00 1.127388000000000057e+00 1.042802000000000007e+01 -2.489542999999999895e-01 -9.974097000000000435e+00 7.166647000000000212e+00
-2.111121999999999943e+00 1.388275999999999932e+01 4.525072999999999901e+00 -1.122805999999999926e+01 -9.172269000000000005e+00 -7.354281000000000290e+00 3.197067000000000103e+00 6.095946999999999782e+00 9.368653999999999371e+00 -1.747058999999999918e+00 -8.180448999999999415e+00 7.807203999999999589e+00
-1.988617999999999997e+00 1.370312999999999981e+01 5.565609000000000250e+00 -1.140133999999999936e+01 -1.145210999999999935e+01 -5.055448000000000164e+00 1.985022000000000064e+00 5.393067000000000277e+00 9.474519000000000801e+00 -3.693222000000000005e+00 -7.026170999999999722e+00 9.060985999999999763e+00
-2.299242000000000008e+00 1.394105000000000061e+01 7.520112000000000130e+00 -1.100120000000000076e+01 -1.417099999999999937e+01 -4.032615999999999978e+00 2.571336000000000177e-01 5.888955000000000162e+00 1.113632999999999917e+01 -8.218045000000000044e+00 -6.016402000000000250e+00 1.186116999999999955e+01
-1.740375999999999923e+00 1.334190000000000076e+01 7.016763000000000083e+00 -8.727880000000000749e+00 -1.379395000000000060e+01 -5.054770999999999681e+00 -2.054132999999999931e-01 4.681995999999999825e+00 8.997583999999999804e+00 -6.588364000000000331e+00 -5.532611000000000168e+00 1.017572000000000010e+01
-2.529059999999999864e+00 1.539550000000000018e+01 9.002501000000000531e+00 -1.030537999999999954e+01 -1.217589000000000077e+01 -7.015481000000000300e+00 -9.553865000000000274e-01 4.205715999999999788e+00 5.249412000000000411e+00 -3.708825000000000038e+00 -4.356492000000000253e+00 9.178772000000000375e+00
-3.908285999999999927e+00 1.591869999999999941e+01 1.078814000000000028e+01 -7.274879000000000318e+00 -1.042473000000000027e+01 -9.823698999999999515e+00 -1.521156999999999926e-01 1.507370000000000099e+00 1.319706999999999963e+00 -3.539057000000000119e+00 -1.553971999999999909e+00 9.627789999999999182e+00
-4.080568000000000417e+00 1.625274999999999892e+01 1.160124000000000066e+01 -6.572471000000000174e+00 -8.612586000000000297e+00 -1.147944999999999993e+01 -4.385467000000000226e+00 5.882749999999999702e+00 -1.221759999999999957e+00 -2.727011000000000074e+00 3.492477000000000054e+00 1.409877999999999965e+00
-3.541418999999999873e+00 1.692335999999999885e+01 1.130840000000000067e+01 -7.244053000000000075e+00 -6.500212000000000323e+00 -1.060487000000000002e+01 -8.425138000000000460e+00 7.379349000000000380e+00 1.668429999999999913e-01 -5.258861999999999703e+00 -6.839258999999999755e-01 3.507467999999999808e+00
-3.874670000000000059e+00 1.695615000000000094e+01 1.032904000000000089e+01 -4.939004999999999868e+00 -4.736925000000000274e+00 -9.651422000000000168e+00 -5.066438999999999915e+00 4.276449999999999640e+00 -5.632400999999999769e+00 -7.056915000000000049e+00 -1.053425999999999974e+00 3.446515000000000217e+00
-4.392163000000000039e+00 1.854343000000000075e+01 1.157423000000000002e+01 -6.072674000000000127e+00 -5.811137999999999693e+00 -8.264067000000000718e+00 -4.729046000000000305e+00 5.026735000000000397e+00 -5.830305000000000071e+00 -5.832207999999999615e+00 -7.703919999999999657e-01 3.200852000000000142e-01
-4.666262999999999828e+00 1.914761999999999986e+01 9.547496999999999900e+00 -5.156880000000000130e+00 -2.290964999999999918e+00 -9.061481999999999815e+00 -4.026183999999999763e+00 2.555238000000000120e+00 -2.103597000000000161e+00 -2.547928000000000193e+00 -3.787132000000000165e+00 -3.727486999999999884e-01
-5.068037999999999599e+00 1.760013999999999967e+01 1.023662999999999990e+01 -3.369883999999999880e+00 -1.057034000000000029e+00 -8.944036000000000541e+00 -8.473637000000000530e-01 3.292120000000000157e+00 -4.896080999999999683e+00 -4.705777000000000321e+00 -5.202004999999999768e+00 1.192198000000000008e-01
-5.741005000000000358e+00 1.829990000000000094e+01 1.084149999999999991e+01 -3.076890000000000125e+00 -1.877858000000000027e+00 -8.089081999999999439e+00 5.917116000000000042e-02 2.528929000000000205e+00 -3.941848999999999936e+00 -4.317568999999999768e+00 -4.757407999999999859e+00 -1.028272999999999993e+00
-6.494456999999999702e+00 1.832847999999999900e+01 1.259882999999999953e+01 -3.937018000000000129e+00 8.548506000000000160e-01 -7.248681000000000374e+00 -3.341404999999999959e+00 3.959261000000000141e+00 -4.043347999999999942e+00 -4.838283999999999807e+00 -5.569111999999999618e+00 -9.291416000000000119e-01
-6.571385000000000254e+00 1.947073999999999927e+01 1.184168999999999983e+01 -3.210668000000000077e+00 2.070586000000000038e+00 -7.055757999999999974e+00 -3.366626999999999814e+00 2.341791999999999874e+00 -4.833872000000000391e+00 -2.785463000000000022e+00 -4.960557999999999801e+00 -2.354289000000000076e+00
-7.219464000000000325e+00 1.920310999999999879e+01 1.403468999999999944e+01 -2.511550999999999867e+00 2.045650999999999886e+00 -7.728620000000000267e+00 -2.094622000000000206e+00 4.414196999999999704e+00 -8.683543000000000234e+00 -5.047641999999999740e+00 -3.521450999999999887e+00 -1.578375000000000083e+00
-7.111505000000000187e+00 1.839517999999999986e+01 1.342722000000000016e+01 4.073184000000000249e-01 3.581831000000000209e+00 -7.657880999999999716e+00 -4.403550000000000075e+00 2.427667000000000019e+00 -7.612532999999999994e+00 -5.189465000000000217e+00 -2.939525000000000166e+00 6.341816000000000120e-01
-7.116030000000000300e+00 1.915043000000000006e+01 1.449996999999999936e+01 -7.048029999999999573e-01 6.934489999999999821e-01 -6.739295000000000258e+00 -7.474307000000000034e-01 -1.024042000000000008e-01 -7.023914000000000435e+00 -5.310560999999999865e+00 -5.206193999999999988e+00 2.060630000000000184e+00
-6.141488999999999976e+00 1.777445000000000164e+01 1.148930999999999969e+01 1.744197999999999915e+00 3.211517000000000177e+00 -7.591204000000000285e+00 -3.847732000000000152e+00 1.147739999999999982e+00 -4.839329000000000214e+00 -4.175978999999999886e+00 -7.462092000000000169e+00 9.480608999999999842e-01
-6.840637000000000079e+00 1.858855000000000146e+01 1.286921000000000070e+01 -9.624823999999999602e-01 3.483776999999999902e+00 -2.849352999999999803e+00 -6.351766999999999719e+00 -3.606132999999999811e+00 -4.013880000000000337e+00 -4.481981000000000215e+00 -3.493027999999999800e+00 -2.719939999999999858e-02
-5.815672000000000175e+00 1.832064000000000092e+01 1.105688999999999922e+01 -4.698688999999999782e-01 1.961748999999999965e+00 -4.281723999999999641e+00 -5.193019999999999747e+00 -1.117013999999999951e+00 -4.049532000000000131e+00 -6.147524999999999906e+00 -3.858938000000000201e+00 2.588172999999999835e+00
-6.201609999999999623e+00 1.719014999999999915e+01 1.324728999999999957e+01 -3.319012000000000073e-01 -3.679606000000000265e-01 -4.945446999999999704e+00 -6.075286000000000186e+00 8.268271999999999844e-01 -3.172423999999999911e+00 -5.525508000000000308e+00 -3.781147999999999954e+00 7.454600999999999589e-01
-5.722580999999999918e+00 1.664564999999999984e+01 1.197020999999999979e+01 -3.013746999999999954e-01 3.628956999999999877e-01 -4.580924000000000440e+00 -8.300459999999999283e+00 1.311795000000000044e+00 -1.945346000000000020e+00 -6.146594000000000335e+00 -3.992376999999999843e+00 -4.087569999999999815e-01
-6.062942999999999749e+00 1.630515000000000114e+01 1.397383999999999915e+01 -2.750382000000000104e-01 -1.607329999999999870e-01 -4.649970999999999854e+00 -8.910527000000000086e+00 -7.410027000000000141e-01 -1.566999999999999948e+00 -5.301245999999999903e+00 -2.295068000000000108e+00 -4.881486999999999910e-01
-6.245244999999999713e+00 1.643462999999999852e+01 1.411374999999999957e+01 1.762455000000000105e+00 8.932634999999999881e-01 -8.014958000000000027e+00 -1.161062000000000083e+01 -8.519446000000000518e-01 -3.755742000000000247e-01 -9.047391999999999657e-01 -2.116152000000000033e+00 -1.305927000000000060e+00
-5.937852999999999604e+00 1.555438999999999972e+01 1.335042999999999935e+01 1.870195000000000052e+00 2.070586000000000038e+00 -1.078899000000000008e+01 -1.112714000000000070e+01 6.734445000000000014e-01 -2.795325000000000171e-01 -1.657634000000000052e+00 -5.480252000000000123e+00 4.925344999999999862e-01
-6.200962999999999781e+00 1.382362999999999964e+01 1.425202999999999953e+01 1.895334000000000074e+00 2.492790999999999979e+00 -1.273075000000000045e+01 -1.366876000000000069e+01 1.433160999999999907e+00 2.650101999999999958e+00 -2.077513999999999861e+00 -5.456616000000000355e+00 1.566708999999999907e+00
-6.542940999999999896e+00 1.313733000000000040e+01 1.496199000000000012e+01 -4.641826000000000008e-01 2.682834000000000163e+00 -1.088612999999999964e+01 -1.523914000000000080e+01 -1.081771000000000038e+00 3.291472000000000175e+00 -2.175157000000000063e-01 -2.295666000000000206e+00 1.366060999999999970e+00
-6.392961999999999811e+00 1.256927999999999912e+01 1.362667000000000073e+01 -3.058639000000000219e-01 4.810369999999999813e+00 -1.478182999999999936e+01 -1.722971000000000075e+01 -4.612900999999999807e-01 3.118306000000000022e+00 1.794785000000000075e+00 -1.984507999999999939e+00 1.805752000000000024e+00
-6.527103000000000321e+00 1.182244000000000028e+01 1.484063000000000088e+01 4.261730000000000240e-01 2.294998000000000093e+00 -1.518866000000000049e+01 -1.815241999999999933e+01 -3.178745999999999849e+00 6.624190999999999718e+00 -2.170499999999999929e-01 -1.999168000000000056e+00 6.323922999999999739e+00
-6.419144000000000183e+00 1.115155000000000030e+01 1.473780999999999963e+01 1.483525999999999900e+00 2.179085000000000161e+00 -1.712500000000000000e+01 -1.953006999999999849e+01 -4.073478999999999850e+00 8.765119999999999578e+00 1.065409999999999968e+00 -1.976728999999999958e+00 6.102233000000000018e+00
-6.215507999999999811e+00 1.006394000000000055e+01 1.593582999999999927e+01 -3.474636999999999865e-01 1.351139000000000090e-01 -1.625920999999999950e+01 -2.082016000000000133e+01 1.196137000000000006e+00 8.543933000000000888e+00 3.166391999999999818e-02 -4.414235999999999827e+00 6.070780000000000065e+00
-6.603062000000000431e+00 1.088700000000000045e+01 1.488097999999999921e+01 -2.527114000000000082e+00 2.131238000000000188e+00 -1.561884000000000050e+01 -2.125653000000000148e+01 -3.961162000000000016e-02 9.845223999999999975e+00 1.099876000000000076e+00 -4.355294999999999916e+00 5.777290999999999954e+00
-6.068114999999999704e+00 1.138190999999999953e+01 1.349944999999999951e+01 -2.811428999999999956e+00 7.473617999999999650e-01 -1.295752000000000059e+01 -1.944107999999999947e+01 -2.432681000000000093e+00 1.067613000000000056e+01 1.489014999999999977e+00 -4.842976000000000170e+00 6.485960000000000392e+00
-6.218417999999999779e+00 1.002050000000000018e+01 1.333514000000000088e+01 -2.569012999999999991e+00 1.788891000000000009e+00 -1.252834999999999965e+01 -2.217592000000000141e+01 -9.988744000000000511e-01 1.350644999999999918e+01 2.217690999999999857e+00 -5.092501000000000388e+00 3.944122999999999823e+00
-6.499304999999999666e+00 1.059639999999999915e+01 1.333514000000000088e+01 -2.407103000000000215e+00 1.255154000000000103e+00 -1.233915000000000006e+01 -2.055082000000000164e+01 -1.761568999999999940e+00 1.515734999999999921e+01 1.896784999999999943e+00 -5.277102000000000182e+00 4.513314000000000270e+00
-7.099222000000000143e+00 1.078584000000000032e+01 1.387818000000000040e+01 -3.091254999999999864e+00 9.107851999999999615e-01 -1.295752000000000059e+01 -1.798206000000000060e+01 -2.274830000000000130e+00 1.273338999999999999e+01 3.529726999999999837e+00 -3.076852999999999838e+00 3.185346000000000011e+00
-6.814455999999999847e+00 1.145140999999999920e+01 1.214526000000000039e+01 -3.599431000000000047e+00 2.218846000000000096e+00 -1.318258999999999936e+01 -1.922788999999999859e+01 1.747258000000000144e-02 1.339222000000000001e+01 2.401431999999999789e+00 -3.403569000000000067e+00 3.744124999999999925e+00
-5.984721999999999653e+00 1.012895999999999930e+01 1.005344999999999978e+01 -1.267149000000000081e+00 1.603854999999999864e-01 -1.339683999999999919e+01 -1.889478000000000080e+01 2.149195000000000189e+00 1.476844999999999963e+01 1.200479000000000074e+00 -4.768777000000000044e+00 4.272102000000000288e+00
-7.331624999999999837e+00 5.110986999999999725e+00 1.019628999999999941e+01 -5.659374999999999822e-01 1.663543999999999912e+00 -1.057779000000000025e+01 -1.964855999999999980e+01 2.921568999999999861e+00 1.483539000000000030e+01 1.501988999999999963e-01 -4.171293000000000362e+00 5.265799999999999592e+00
-6.509648000000000323e+00 9.974543999999999855e+00 9.173645999999999745e+00 -1.235424999999999995e+00 -4.397321000000000146e-01 -1.008702000000000076e+01 -1.835371999999999915e+01 9.217843000000000564e-02 1.253912000000000049e+01 5.621604000000000045e-01 -3.440968999999999944e+00 4.410712000000000188e+00
-1.051770999999999923e+01 8.013707999999999387e+00 1.999868999999999897e+00 -9.936074999999999768e-01 -3.093255999999999784e+00 -3.902985000000000149e+00 -8.808215000000000572e+00 -4.319188999999999723e+00 1.207294000000000089e+00 3.063271999999999995e+00 5.399817999999999785e+00 5.733907999999999561e+00
-2.116170999999999935e+01 2.567813000000000123e+00 -7.677351000000000036e-01 4.751056000000000168e+00 3.270821000000000200e+00 4.194037999999999933e+00 3.839493000000000045e+00 5.132712999999999859e+00 5.481876999999999889e+00 3.111711000000000116e+00 7.945631999999999806e+00 4.040217000000000169e+00
