-2.790843000000000185e+00 3.654126999999999903e+00 -2.780530000000000168e+00 -1.100967999999999947e+01 -5.092566999999999844e+00 -3.128798000000000190e+00 3.322846000000000188e+00 6.420397999999999605e+00 9.592572999999999794e+00 -9.387415000000000731e+00 -1.072387999999999941e+01 1.357842999999999911e+00
-8.342903999999999876e-01 8.685366999999999393e+00 -2.607056000000000040e+00 -1.375591999999999970e+01 -6.665582999999999814e+00 -2.112144999999999939e+00 3.989387999999999934e+00 6.856574000000000169e+00 9.178333000000000297e+00 -9.885986000000000828e+00 -9.296824000000000865e+00 2.646994999999999987e+00
-2.214693000000000078e-01 1.166322000000000081e+01 -1.990506000000000109e+00 -1.264059999999999917e+01 -8.788610000000000255e+00 -1.489924000000000026e+00 2.753572000000000131e+00 3.637145999999999990e+00 8.915442999999999785e+00 -5.393203999999999887e+00 -9.435734999999999317e+00 1.217019000000000073e+00
-1.204984999999999973e+00 1.309745000000000026e+01 6.064456000000000291e-01 -1.416484999999999950e+01 -9.329674999999999940e+00 -3.715951000000000004e+00 4.423415000000000319e+00 4.179607999999999990e+00 8.890437999999999619e+00 -6.153851000000000404e+00 -8.693091000000000790e+00 1.285765999999999964e+00
-8.866804000000000352e-01 1.185594000000000037e+01 1.990950999999999971e-01 -1.216150999999999982e+01 -9.014215000000000089e+00 -4.714322000000000124e+00 4.838453999999999589e+00 2.114040000000000141e+00 1.006701999999999941e+01 -5.149119999999999919e+00 -9.578120000000000189e+00 1.249727999999999950e+00
-8.107857000000000536e-01 1.370250000000000057e+01 1.791298000000000057e+00 -1.176554999999999929e+01 -1.064441000000000059e+01 -6.887597999999999665e+00 1.588673999999999920e+00 6.199050999999999867e+00 1.081850999999999985e+01 -6.570700000000000429e+00 -8.627375999999999934e+00 7.900437000000000154e-01
-1.603715000000000002e+00 1.452289000000000030e+01 2.027385000000000215e+00 -1.292219000000000051e+01 -9.715149000000000257e+00 -8.724586000000000396e+00 1.285241999999999996e+00 5.587403000000000119e+00 1.129395000000000060e+01 -5.548193999999999626e+00 -8.442783000000000371e+00 8.963959000000000232e-01
-1.539997000000000060e+00 1.366497000000000028e+01 4.154004999999999725e+00 -1.514417000000000080e+01 -1.144647999999999932e+01 -5.475613000000000063e+00 -1.532488999999999935e-01 6.533703000000000038e+00 1.014039999999999964e+01 -7.444284999999999819e+00 -6.997031999999999918e+00 6.541166999999999954e-01
-1.714158999999999988e+00 1.616660999999999859e+01 4.944766000000000439e+00 -1.608072999999999908e+01 -1.044408999999999921e+01 -8.171602000000000032e+00 -9.992147999999999586e-01 6.888911000000000229e+00 1.014631999999999934e+01 -6.173359999999999737e+00 -8.499416000000000082e+00 3.697275999999999896e-01
-1.837911999999999990e+00 1.638914000000000115e+01 4.465226000000000361e+00 -1.678855000000000075e+01 -9.001768000000000214e+00 -1.005235000000000056e+01 3.590585000000000027e-01 5.733797000000000033e+00 8.822001000000000204e+00 -5.184886999999999802e+00 -8.209303999999999490e+00 1.034086000000000061e+00
-1.409164000000000083e+00 1.634522000000000119e+01 6.084316000000000280e+00 -1.578040000000000020e+01 -1.253326999999999991e+01 -9.377079000000000164e+00 -8.008022999999999669e-01 7.798612999999999573e+00 8.336363000000000412e+00 -4.296561999999999770e+00 -8.713661000000000101e+00 -1.037136999999999976e+00
-1.526971000000000078e+00 1.632419000000000153e+01 6.751324999999999577e+00 -1.546709000000000067e+01 -1.256555999999999962e+01 -1.026604999999999990e+01 -2.691146999999999956e+00 8.755691999999999808e+00 8.171193000000000595e+00 -4.045759000000000327e+00 -1.023687999999999931e+01 -2.346971999999999947e-01
-8.546799999999999953e-01 1.648338000000000036e+01 6.635307000000000066e+00 -1.461125999999999969e+01 -1.301055000000000028e+01 -1.124464000000000041e+01 -3.328237000000000112e+00 8.307484999999999786e+00 8.067223000000000255e+00 -3.836358999999999853e+00 -8.399240000000000705e+00 -1.170125999999999999e+00
-1.551042000000000032e+00 1.731334999999999980e+01 7.957538999999999696e+00 -1.484336000000000055e+01 -1.293548000000000009e+01 -1.342450999999999972e+01 -2.063356999999999886e+00 1.016122999999999976e+01 5.444251000000000396e+00 -5.422468000000000288e+00 -5.954124000000000194e+00 -1.694051999999999891e+00
-1.197621999999999964e+00 1.762558999999999898e+01 5.748416999999999888e+00 -1.311055999999999955e+01 -1.117614000000000019e+01 -1.134115000000000073e+01 -3.851007000000000069e+00 4.687477000000000338e+00 6.537594000000000349e+00 -2.596214999999999939e+00 -6.350824000000000247e+00 -1.033414999999999973e+00
-1.545377999999999918e+00 1.906381000000000014e+01 8.326216999999999757e+00 -1.336572999999999922e+01 -1.089996999999999971e+01 -1.438512000000000057e+01 -5.153476999999999641e+00 6.414882999999999669e+00 6.583327999999999847e+00 -2.642603999999999953e+00 -5.833377999999999730e+00 -1.079050999999999982e+00
-1.739079000000000041e+00 1.904091999999999985e+01 9.010168000000000177e+00 -1.172855000000000025e+01 -1.001543999999999990e+01 -1.553543999999999947e+01 -7.035295999999999772e+00 7.226822000000000301e+00 6.272072999999999787e+00 -3.645383999999999958e+00 -3.781489999999999796e+00 2.263579000000000008e-01
-1.783257000000000092e+00 1.827562999999999960e+01 8.574457000000000662e+00 -9.357609999999999317e+00 -1.077704999999999913e+01 -1.348146000000000022e+01 -7.505363000000000007e+00 5.254504999999999981e+00 4.372951999999999728e+00 -2.392450999999999883e+00 -2.893790000000000084e+00 7.187506000000000173e-01
-1.880956999999999990e+00 1.931802000000000064e+01 1.001087000000000060e+01 -7.995782000000000167e+00 -1.225009999999999977e+01 -1.596374999999999922e+01 -7.421269999999999811e+00 6.757055000000000256e+00 4.403880000000000017e+00 -1.289740000000000109e+00 -1.621946000000000110e+00 -1.174827000000000066e+00
-2.101278000000000201e+00 1.861581999999999937e+01 1.087160000000000082e+01 -7.658449000000000062e+00 -1.159895999999999994e+01 -1.595565000000000033e+01 -7.661535999999999902e+00 5.801980999999999611e+00 4.099205000000000432e+00 -1.064081999999999972e+00 -1.853555000000000064e+00 6.901549999999999629e-01
-2.088817999999999842e+00 1.956850999999999985e+01 1.066203999999999930e+01 -7.674788000000000388e+00 -1.109756999999999927e+01 -1.661804000000000059e+01 -7.818095999999999712e+00 6.357980000000000409e+00 2.682760000000000034e+00 7.095331000000000277e-01 -1.747233999999999954e+00 2.023963000000000179e+00
-2.114587999999999912e+00 1.933851999999999904e+01 9.451771000000000811e+00 -6.732464000000000226e+00 -9.457646999999999693e+00 -1.602937999999999974e+01 -7.135277000000000314e+00 5.366557000000000244e+00 1.433459999999999956e+00 3.039145999999999861e-02 6.359050000000000535e-01 9.627925000000000511e-01
-1.620422999999999947e+00 1.986583999999999861e+01 9.602408999999999750e+00 -7.052978999999999665e+00 -1.013485000000000014e+01 -1.565473000000000070e+01 -8.300950999999999524e+00 7.868551000000000073e+00 4.228511000000000131e+00 -1.694884000000000057e+00 -1.168346000000000107e+00 -1.297630999999999979e+00
-2.108640999999999988e+00 2.010886999999999958e+01 1.071322999999999936e+01 -6.498925999999999981e+00 -9.276773999999999631e+00 -1.540746000000000038e+01 -8.054484999999999673e+00 4.473399999999999821e+00 3.677067999999999781e+00 1.349873000000000101e+00 3.073252000000000206e-01 -6.373860000000000081e-01
-1.567183999999999910e+00 2.036121999999999943e+01 1.019833000000000034e+01 -6.322570999999999941e+00 -1.093692000000000064e+01 -1.543744000000000050e+01 -5.277872999999999593e+00 3.864758999999999833e+00 2.230682999999999971e+00 1.460858999999999908e+00 6.609945999999999877e-02 4.226097999999999799e-01
-2.076356999999999786e+00 2.083156999999999925e+01 1.095078999999999958e+01 -6.097681999999999825e+00 -1.109679000000000038e+01 -1.591039999999999921e+01 -5.644471000000000238e+00 3.054324999999999957e+00 3.835656999999999872e+00 1.969835999999999920e+00 -2.590076000000000045e-01 6.396230000000000526e-01
-1.816389999999999949e+00 2.019644999999999868e+01 9.886376000000000275e+00 -5.311531999999999698e+00 -1.042230999999999952e+01 -1.455865000000000009e+01 -7.356554000000000038e+00 2.864062000000000108e+00 3.811638999999999999e+00 3.307960000000000012e+00 5.744631999999999517e-01 -4.497517999999999794e-01
-1.875010000000000066e+00 2.008518000000000114e+01 1.051950000000000074e+01 -5.824258999999999631e+00 -1.173781999999999925e+01 -1.616395999999999944e+01 -6.389680000000000248e+00 6.470784000000000091e+00 4.153821999999999903e+00 3.049568999999999974e+00 -3.565130000000000243e-01 -1.102554000000000034e+00
-1.079531999999999936e+00 2.022812000000000054e+01 8.704470999999999847e+00 -8.833830000000000737e+00 -1.178993999999999964e+01 -1.486886999999999937e+01 -5.089147999999999783e+00 6.448974999999999902e+00 5.152735999999999983e+00 1.140255999999999936e+00 4.766693000000000319e-02 -1.176784999999999970e+00
-8.535471999999999504e-01 1.953070999999999913e+01 7.089800999999999576e+00 -1.052242000000000033e+01 -1.382000000000000028e+01 -1.208416000000000068e+01 -3.273595999999999950e+00 6.273753000000000135e+00 7.484193000000000318e+00 1.681748000000000021e+00 -8.966661999999999688e-01 -4.058790999999999927e-01
-1.000521999999999911e+00 1.853835000000000122e+01 5.640133999999999759e+00 -1.071895999999999916e+01 -1.260989999999999966e+01 -1.177454999999999963e+01 -2.234255000000000102e+00 7.314557999999999893e+00 6.301684999999999981e+00 2.127644999999999786e+00 -1.118390999999999913e+00 -1.106274999999999897e+00
-1.154010999999999898e+00 1.765408000000000044e+01 3.516828999999999983e+00 -1.238495999999999952e+01 -1.455166999999999966e+01 -1.059004999999999974e+01 -1.505362000000000089e-01 1.060216999999999921e+01 8.577536999999999523e+00 -2.622484999999999955e-01 -1.216698000000000057e+00 -2.970864999999999867e+00
-2.902420000000000222e+00 1.536006000000000071e+01 2.091838999999999782e+00 -1.152768999999999977e+01 -1.372119999999999962e+01 -1.089756000000000036e+01 1.529770000000000074e+00 1.118223000000000056e+01 8.064918999999999727e+00 -4.829207999999999834e-01 -2.847309000000000090e+00 -3.065780000000000172e-01
-4.137691000000000230e+00 1.583547000000000082e+01 4.253447999999999674e+00 -1.154739000000000004e+01 -1.321320000000000050e+01 -6.259981999999999935e+00 4.113743000000000261e-01 9.048733000000000359e+00 7.207813999999999943e+00 -2.259136999999999951e+00 -5.051198000000000299e+00 -1.280982999999999983e+00
-3.149077000000000126e+00 1.415634999999999977e+01 2.227008000000000099e+00 -1.070935000000000059e+01 -1.659144999999999825e+01 -8.783632000000000772e+00 -2.121525999999999967e-01 1.283895000000000053e+01 7.234793999999999947e+00 -3.153964999999999907e+00 -4.783792000000000044e+00 -1.403982999999999981e+00
-1.052162000000000042e+01 1.014274999999999949e+01 -2.404485999999999901e+00 -8.054888000000000048e+00 -1.002632999999999974e+01 -5.457628999999999841e+00 -1.973451000000000066e+00 6.043382000000000254e+00 5.468926999999999872e+00 8.506506000000000345e-01 -8.552598000000000145e-01 -9.358769999999999589e-01
-9.600690000000000168e+00 9.887743000000000393e+00 3.045392000000000099e+00 -9.549341999999999331e+00 -1.170748000000000033e+01 -1.757274999999999920e+00 5.752971000000000057e-01 5.131422999999999845e+00 8.819039999999999324e+00 -2.370773999999999937e+00 -7.568439999999999834e+00 2.915519000000000194e+00
-6.447947000000000095e+00 1.040254999999999974e+01 4.860053999999999874e+00 -1.209759999999999991e+01 -1.106138999999999939e+01 -8.020648000000000222e-01 1.728569999999999940e+00 7.651215999999999795e+00 1.090438999999999936e+01 -5.718575999999999659e+00 -1.274663999999999930e+01 2.909644000000000119e+00
-4.784777000000000058e+00 9.816670000000000229e+00 2.235110999999999848e+00 -1.109665000000000035e+01 -1.182028000000000034e+01 -9.510260999999999854e-01 1.959921999999999942e+00 4.221471000000000195e+00 1.355367999999999995e+01 -3.279908999999999963e+00 -1.084355000000000047e+01 5.308932000000000428e+00
-2.530025999999999886e+00 9.465832999999999942e+00 1.663863000000000092e+00 -1.272085000000000043e+01 -1.013835000000000086e+01 -2.130128000000000021e+00 4.128509000000000206e+00 3.843201000000000089e+00 1.522446000000000055e+01 -3.897488000000000063e+00 -1.338937999999999917e+01 7.257741000000000220e+00
-1.103602999999999890e+00 1.129828000000000010e+01 -9.831790000000000251e-01 -1.393947999999999965e+01 -1.050243000000000038e+01 -1.190803000000000056e+00 6.577664000000000399e+00 4.091620999999999952e+00 1.298676999999999992e+01 -2.650408000000000097e+00 -1.077036000000000016e+01 7.747391999999999612e+00
-9.781503999999999754e-01 1.505420999999999943e+01 5.858202999999999605e-01 -1.392458000000000062e+01 -1.241580000000000084e+01 -9.489281000000000521e-01 8.321911999999999310e+00 3.753458999999999879e+00 1.040657999999999994e+01 -2.450978999999999797e+00 -1.122663000000000011e+01 6.953961999999999755e+00
-1.308915000000000051e+00 1.500389999999999979e+01 3.242437999999999931e+00 -1.175450000000000017e+01 -1.220537000000000027e+01 -1.459352999999999900e+00 5.381376000000000381e+00 6.087325999999999571e-01 1.383500000000000085e+01 2.582170999999999772e-01 -9.832969999999999544e+00 5.606639000000000372e+00
-2.040109000000000172e+00 1.602978999999999843e+01 6.203279000000000210e+00 -1.389911999999999992e+01 -1.145893000000000050e+01 -2.079175000000000217e+00 8.093272000000000688e+00 -8.513769999999999671e-02 1.139232999999999940e+01 -1.785751999999999895e-01 -1.044899000000000022e+01 7.870783999999999558e+00
-1.736814000000000080e+00 1.661460999999999899e+01 4.798545999999999978e+00 -1.276024999999999920e+01 -1.212485000000000035e+01 -3.394350999999999896e+00 8.348262999999999323e+00 4.157548000000000243e+00 8.795021000000000200e+00 -1.097248000000000001e+00 -1.160008999999999979e+01 9.729889999999999262e+00
-1.489873000000000003e+00 1.648204000000000136e+01 2.939318999999999793e+00 -1.200294000000000061e+01 -8.754379999999999384e+00 -2.823083000000000009e+00 5.936310999999999893e+00 3.031590000000000118e-01 1.057832999999999934e+01 1.674595000000000056e+00 -8.794069000000000358e+00 5.322250000000000369e+00
-1.585590999999999973e+00 1.486041999999999952e+01 4.313113999999999670e+00 -1.269058000000000064e+01 -9.230097000000000662e+00 -1.036446999999999896e+00 4.655929999999999680e+00 -7.203498999999999874e-01 1.417553000000000019e+01 -1.411132000000000053e+00 -1.012815999999999939e+01 6.796490999999999616e+00
-1.990550999999999959e+00 1.441136000000000017e+01 5.627612000000000059e+00 -1.100342999999999982e+01 -1.092057999999999929e+01 -1.270529000000000019e+00 2.260641000000000123e+00 -1.029182000000000041e+00 1.406169000000000047e+01 -1.320737999999999968e+00 -8.141450999999999993e+00 8.492445000000000022e+00
-2.180854000000000070e+00 1.410763999999999996e+01 6.444522000000000084e+00 -1.202120000000000033e+01 -7.891244000000000369e+00 -1.290910000000000002e+00 -1.408052999999999999e+00 2.926306000000000185e-01 1.030852999999999930e+01 1.221978000000000009e+00 -3.990391999999999939e+00 4.765811000000000242e+00
-3.435665000000000191e+00 1.351562999999999981e+01 9.148652000000000228e+00 -1.354737000000000080e+01 -5.475708000000000020e+00 -3.239695000000000213e+00 -3.634380999999999862e+00 1.286886999999999892e-01 1.121334000000000053e+01 1.804656999999999956e+00 -5.603907000000000416e+00 6.711486999999999981e+00
-3.580373999999999945e+00 1.191663999999999923e+01 1.186824999999999974e+01 -1.148877000000000059e+01 -5.547667999999999822e+00 -5.641657999999999618e+00 -7.023670000000000080e+00 3.055829000000000129e+00 1.041446999999999967e+01 -1.516956999999999889e-01 -5.367221999999999937e+00 8.355145999999999518e+00
-4.042256000000000071e+00 1.194378999999999991e+01 1.322179000000000038e+01 -8.307166999999999746e+00 -5.723874000000000350e+00 -7.382437000000000360e+00 -8.871774999999999523e+00 2.651990000000000069e+00 7.121610000000000440e+00 -1.547304999999999930e-01 -3.571253000000000011e+00 8.342610999999999777e+00
-5.220038999999999874e+00 1.197067000000000014e+01 1.626329000000000136e+01 -5.605617999999999768e+00 -4.010049000000000419e+00 -1.118050000000000033e+01 -1.103649000000000058e+01 2.006250000000000089e+00 7.140692999999999735e+00 -1.937232999999999983e+00 -1.083930000000000060e+00 8.574313999999999325e+00
-5.768292999999999893e+00 1.142312000000000083e+01 1.795899000000000001e+01 -4.837728000000000250e+00 -1.617461999999999955e+00 -1.142148000000000074e+01 -1.323607999999999940e+01 3.775768999999999931e+00 4.971773999999999916e+00 -3.509901999999999855e+00 -5.630620000000000402e+00 7.491598999999999897e+00
-6.167589000000000432e+00 1.102251000000000047e+01 1.898877999999999844e+01 -7.493634000000000128e-01 -5.042151999999999745e-01 -1.208235999999999954e+01 -1.455597999999999992e+01 1.872889999999999944e+00 3.261840999999999990e+00 -3.367484000000000144e+00 -4.097514999999999574e+00 5.716713000000000378e+00
-6.462955000000000005e+00 1.132010999999999967e+01 1.776230999999999938e+01 1.317884000000000055e+00 2.315077000000000051e+00 -1.107829000000000086e+01 -1.190764000000000067e+01 2.533671000000000006e+00 3.896526000000000156e+00 -4.832634999999999792e+00 -7.056602999999999959e+00 4.843175999999999704e+00
-7.373974999999999724e+00 1.203269000000000055e+01 2.008523999999999887e+01 5.288038000000000238e+00 2.834747999999999823e+00 -1.214499999999999957e+01 -1.105005000000000059e+01 4.513006999999999991e+00 2.549176999999999804e+00 -6.330735999999999919e+00 -1.034346999999999994e+01 3.959846000000000199e+00
-7.317903000000000269e+00 1.330375000000000085e+01 1.849856000000000122e+01 3.676334000000000213e+00 3.882258999999999904e+00 -7.457965999999999873e+00 -1.023896000000000051e+01 3.327310999999999908e+00 1.282767999999999908e+00 -5.254470000000000418e+00 -9.229238000000000497e+00 4.167339999999999933e-01
-7.292132999999999754e+00 1.241468000000000060e+01 1.827130999999999972e+01 5.023746000000000045e+00 5.069022000000000361e+00 -5.467520000000000380e+00 -9.355017999999999390e+00 1.446239999999999970e+00 -1.472142000000000062e+00 -8.510144999999999627e+00 -5.869709000000000287e+00 2.274272999999999989e+00
-7.954794999999999838e+00 1.250198999999999927e+01 1.987309000000000125e+01 7.422080000000000233e+00 5.280624999999999680e+00 -6.110121999999999609e+00 -9.155442000000000746e+00 2.206789999999999807e+00 -2.330233999999999916e+00 -8.869332999999999245e+00 -6.902732000000000312e+00 1.710782999999999943e+00
-8.105734999999999246e+00 1.127271999999999963e+01 1.988820000000000121e+01 9.814647000000000787e+00 4.597195000000000142e+00 -4.904044999999999987e+00 -8.423021000000000313e+00 -4.077572999999999892e-01 -1.317172000000000009e+00 -6.273507999999999640e+00 -6.372462999999999766e+00 2.274859999999999882e+00
-8.559687999999999519e+00 1.135870000000000068e+01 2.083217000000000141e+01 1.120674999999999955e+01 6.165931999999999746e+00 -6.095735000000000348e+00 -1.173403000000000063e+01 8.551467999999999847e-01 2.775873999999999953e+00 -8.527269000000000432e+00 -7.243866999999999834e+00 1.539600999999999997e+00
-8.739796000000000120e+00 1.106536000000000008e+01 2.102111000000000018e+01 1.112265000000000015e+01 4.133924999999999628e+00 -3.259776000000000007e+00 -9.415471000000000146e+00 -1.526272000000000073e+00 1.668711999999999973e+00 -8.422568999999999306e+00 -5.891079999999999650e+00 3.913622999999999852e+00
-8.999478999999999118e+00 1.137255000000000038e+01 2.027860000000000085e+01 9.844920999999999367e+00 2.830080999999999847e+00 -2.884526000000000145e+00 -8.672974999999999213e+00 5.395461000000000285e-01 1.810192000000000023e+00 -7.574563999999999631e+00 -5.676300999999999597e+00 3.885028000000000148e+00
-9.389996999999999261e+00 1.068205000000000027e+01 2.028008000000000166e+01 1.126585000000000036e+01 3.742615999999999943e+00 -2.715482999999999869e+00 -8.194381999999999167e+00 1.517180999999999891e+00 1.795714000000000032e+00 -7.316824000000000439e+00 -5.374702000000000091e+00 2.187898000000000120e+00
-8.436500000000000554e+00 1.088860999999999990e+01 1.928453000000000017e+01 1.241144000000000069e+01 3.654319000000000095e+00 -4.395419000000000409e+00 -9.610395999999999717e+00 3.194528999999999841e-01 2.829833999999999961e+00 -5.702535000000000132e+00 -5.541395999999999766e+00 2.627800999999999831e+00
-9.034029000000000309e+00 1.171725999999999956e+01 2.019058000000000064e+01 1.352867999999999959e+01 2.953386000000000067e+00 -5.420463999999999949e+00 -9.281774999999999665e+00 2.477520000000000167e+00 3.647933999999999899e-01 -8.626984999999999459e+00 -1.751775000000000082e+00 1.517468999999999957e+00
-9.094630999999999688e+00 1.068337999999999965e+01 1.922007999999999939e+01 1.470261999999999958e+01 4.131592000000000375e+00 -4.584242999999999846e+00 -9.084524999999999295e+00 -6.032080000000000081e-02 2.894321999999999839e+00 -7.045211000000000112e+00 -3.589951999999999810e+00 9.377223999999999560e-01
-9.316651000000000238e+00 1.079704000000000086e+01 1.897993999999999915e+01 1.388283000000000023e+01 5.737669999999999604e+00 -4.204795999999999978e+00 -1.137518000000000029e+01 4.738690999999999875e-01 2.438953999999999844e+00 -6.222783999999999871e+00 -7.244936000000000043e+00 1.792651999999999912e+00
-8.270550999999999320e+00 1.059181000000000061e+01 1.754647999999999897e+01 1.399623000000000062e+01 5.189993000000000301e+00 -6.687083999999999584e+00 -1.222424999999999962e+01 2.462730000000000086e+00 4.380518999999999608e+00 -6.310359000000000052e+00 -7.389457000000000164e+00 2.395313999999999943e+00
-8.134904000000000579e+00 1.075764999999999993e+01 1.675313999999999837e+01 1.382469000000000037e+01 6.938825999999999716e+00 -8.662845000000000795e+00 -1.025872000000000028e+01 2.661014999999999908e+00 1.059031999999999973e+00 -6.412891000000000119e+00 -6.888039000000000023e+00 -1.759390999999999872e-01
-8.455757000000000190e+00 1.198583999999999961e+01 1.742051999999999978e+01 1.295251999999999981e+01 7.782513999999999932e+00 -9.277872000000000341e+00 -1.398361000000000054e+01 1.731759999999999966e+00 4.280825000000000102e+00 -6.548155999999999644e+00 -1.025478000000000023e+01 7.806423999999999586e-01
-7.678119999999999834e+00 1.181681000000000026e+01 1.749013000000000062e+01 1.079012999999999955e+01 6.100584999999999702e+00 -7.983677000000000135e+00 -1.429246999999999979e+01 2.103511999999999826e+00 2.201400000000000023e+00 -6.638116000000000128e+00 -8.880088000000000648e+00 -2.102812999999999821e+00
-7.082006999999999941e+00 1.182587000000000010e+01 1.644228999999999985e+01 8.444651000000000352e+00 7.694215999999999944e+00 -1.199065000000000047e+01 -1.704776999999999987e+01 1.102564000000000100e+00 5.190244999999999997e+00 -5.316684000000000410e+00 -1.059725000000000072e+01 -7.660660999999999721e-01
-6.081500000000000128e+00 1.312326999999999977e+01 1.656052000000000035e+01 2.554292999999999925e+00 3.554740999999999929e+00 -1.103574000000000055e+01 -1.650948999999999955e+01 4.399951999999999863e+00 3.845199000000000034e+00 -5.778621000000000230e+00 -7.096674000000000149e+00 1.069536000000000042e+00
-5.224569999999999936e+00 1.360720000000000063e+01 1.652920999999999907e+01 -8.147157000000000426e-01 -5.030483000000000038e-01 -1.086788999999999916e+01 -1.558291999999999966e+01 7.323331999999999731e+00 9.139327000000000423e-01 -7.094418000000000113e+00 -1.627021999999999968e+00 2.218256999999999923e+00
-4.068592999999999904e+00 1.498099999999999987e+01 1.457606000000000002e+01 -6.283648000000000344e+00 -3.237932999999999950e+00 -7.244564999999999699e+00 -1.081947000000000081e+01 4.833370000000000388e+00 -3.031381999999999799e+00 -7.248324000000000211e+00 3.409846000000000266e-01 5.688508999999999816e+00
-2.456679999999999975e+00 1.591053999999999924e+01 1.142295999999999978e+01 -6.386001000000000261e+00 -5.879852999999999774e+00 -8.214762000000000342e+00 -7.535978000000000065e+00 4.130225000000000257e+00 -3.805244000000000071e+00 -4.771072000000000202e+00 -1.260774999999999979e+00 4.428148000000000195e+00
-2.485282000000000213e+00 1.872814999999999941e+01 1.157544000000000040e+01 -7.731009000000000242e+00 -8.694088999999999956e+00 -1.163247999999999927e+01 -5.917675000000000018e+00 6.837271999999999572e+00 -3.174507000000000190e+00 -4.995862999999999943e+00 -4.040636000000000227e-01 2.303847999999999896e+00
-2.497176000000000062e+00 1.924322000000000088e+01 1.297760000000000069e+01 -9.061121999999999233e+00 -1.074164999999999992e+01 -1.356778000000000084e+01 -7.307725999999999722e+00 1.014167999999999914e+01 1.098004999999999953e-01 -5.518930000000000113e+00 -1.027317999999999981e-01 1.217019000000000073e+00
-1.613909999999999956e+00 2.010700999999999894e+01 1.026463000000000036e+01 -7.363402999999999921e+00 -1.319959000000000060e+01 -1.289610000000000056e+01 -4.582653999999999783e+00 5.935340000000000060e+00 4.150532000000000110e+00 -3.822484999999999911e+00 -2.221671000000000173e+00 7.205133000000000232e-01
-1.208949000000000051e+00 2.018420000000000059e+01 1.046462000000000003e+01 -5.871832000000000384e+00 -1.272114999999999974e+01 -1.427721999999999980e+01 -6.282335999999999920e+00 4.922108999999999845e+00 5.031655999999999906e+00 -1.152957999999999927e+00 -2.932793000000000205e+00 7.113078999999999930e-01
-1.183745999999999965e+00 2.029813000000000045e+01 1.050328999999999979e+01 -5.137578999999999674e+00 -1.324742999999999959e+01 -1.420617999999999981e+01 -8.846973000000000198e+00 6.273252000000000272e+00 8.363013999999999726e+00 -6.736788000000000221e-01 -3.840527999999999942e+00 -2.160394999999999843e+00
-1.319393000000000038e+00 2.009741999999999962e+01 9.899634999999999962e+00 -4.620527000000000051e+00 -1.172381999999999991e+01 -1.425054000000000087e+01 -7.508462999999999887e+00 4.256314999999999849e+00 5.431747999999999799e+00 -1.644850999999999952e-01 -2.560668999999999862e+00 -4.511227999999999905e-01
-1.304950999999999972e+00 2.045996999999999844e+01 1.003444000000000003e+01 -5.571018999999999721e+00 -1.065607999999999933e+01 -1.612588999999999828e+01 -6.805882000000000431e+00 6.942554999999999588e+00 4.643080000000000318e+00 -6.979570000000000496e-01 -3.179895000000000138e+00 -3.105617000000000072e+00
-2.007826000000000111e+00 1.960471000000000075e+01 1.059315999999999924e+01 -7.166385000000000005e+00 -1.066075000000000017e+01 -1.240906000000000020e+01 -6.683423999999999587e+00 8.298711000000000837e+00 2.534041999999999906e+00 -4.788414000000000392e+00 -1.938237999999999905e+00 -2.064423999999999815e+00
-1.477128999999999914e+00 1.830384000000000100e+01 8.779605999999999355e+00 -8.142343999999999582e+00 -1.002904999999999980e+01 -8.911913000000000196e+00 -3.217016999999999793e+00 6.887156000000000056e+00 -7.433562000000000225e-01 -6.267871999999999666e+00 -3.558429999999999982e+00 -1.480955999999999939e+00
-2.325846999999999998e+00 1.711983000000000033e+01 1.047382999999999953e+01 -7.800206000000000195e+00 -8.547833999999999932e+00 -6.664604999999999890e+00 -4.906623999999999874e+00 5.238210999999999729e+00 -3.924679999999999946e+00 -7.815395999999999788e+00 -1.530318000000000067e+00 3.625904999999999934e+00
-3.269715999999999845e+00 1.669712000000000174e+01 1.226529000000000025e+01 -7.710346999999999618e+00 -5.690811000000000064e+00 -6.452103000000000144e+00 -6.776042000000000343e+00 4.583948000000000356e+00 -5.084486000000000061e+00 -8.178053000000000239e+00 -5.638121000000000382e-01 6.519936000000000398e+00
-3.988166999999999796e+00 1.578196999999999939e+01 1.305457999999999963e+01 -3.807468000000000075e+00 -3.475985999999999798e+00 -7.574557999999999680e+00 -8.817133999999999361e+00 2.808663000000000132e+00 -1.737335000000000074e+00 -6.655241000000000184e+00 -1.320613999999999955e+00 4.961083999999999605e+00
-5.542590999999999823e+00 1.401421000000000028e+01 1.534066999999999936e+01 -2.510518999999999945e-01 -7.772759000000000196e-01 -8.737175000000000580e+00 -1.101750000000000007e+01 2.946032999999999902e+00 3.088117000000000001e+00 -5.125492000000000381e+00 -6.142724000000000295e+00 1.089906000000000041e+00
-6.086031000000000191e+00 9.371601999999999322e+00 1.474216999999999977e+01 7.671955999999999776e+00 2.966610999999999887e+00 -8.761153000000000191e+00 -1.355810999999999922e+01 1.649286999999999948e+00 6.274047000000000374e+00 -4.461740999999999957e+00 -9.868766000000000815e+00 -6.181917000000000106e-01
-7.363496999999999737e+00 8.854131000000000640e+00 1.613695999999999842e+01 1.058590000000000053e+01 4.773400999999999783e+00 -9.939356000000000080e+00 -1.319926000000000066e+01 3.470947999999999922e+00 8.398547999999999902e+00 -6.616005000000000358e+00 -1.187978000000000023e+01 -5.130147000000000457e-01
-8.038619000000000625e+00 8.688294000000000850e+00 1.725662000000000162e+01 9.575341999999999132e+00 4.411654000000000408e+00 -7.380339000000000205e+00 -1.168753000000000064e+01 2.614138000000000073e+00 4.174222000000000321e+00 -6.765143000000000129e+00 -1.187204000000000015e+01 1.595617000000000063e+00
-8.549210000000000420e+00 1.035730000000000040e+01 1.727355999999999980e+01 1.050756999999999941e+01 6.046905999999999892e+00 -8.934991000000000128e+00 -1.224479000000000006e+01 8.250657000000000130e-01 4.036361000000000310e+00 -5.359386999999999901e+00 -1.076661999999999964e+01 3.113926000000000194e+00
-8.299153000000000446e+00 1.052126999999999946e+01 1.621098999999999890e+01 1.125239999999999974e+01 5.161597999999999686e+00 -6.446708000000000105e+00 -9.205821000000000254e+00 9.702070000000000416e-01 3.581322000000000116e+00 -7.017247000000000234e+00 -1.008488000000000007e+01 4.194094999999999906e+00
-8.911974000000000729e+00 1.031443999999999939e+01 1.657672000000000168e+01 1.196118000000000059e+01 6.342526999999999582e+00 -2.787716000000000083e+00 -6.365266000000000091e+00 1.242440999999999907e+00 1.298709000000000113e-01 -7.801523000000000430e+00 -8.714195000000000135e+00 2.021809000000000189e+00
-9.298811000000000604e+00 1.091976000000000013e+01 1.594211999999999918e+01 1.223700999999999972e+01 7.282290999999999848e+00 -2.889021000000000061e+00 -6.749691000000000329e+00 -2.438153999999999877e-01 1.005071999999999965e+00 -3.329765999999999782e+00 -1.017516999999999960e+01 1.072670000000000012e+00
-9.853293999999999997e+00 1.064053000000000004e+01 1.667984999999999829e+01 1.267140999999999984e+01 7.346860999999999642e+00 -3.023896000000000139e+00 -4.916699999999999626e+00 4.565724999999999922e-01 -1.353693999999999953e+00 -4.352706000000000408e+00 -8.517314999999999969e+00 2.377099999999999991e+00
-9.414918000000000120e+00 1.077228999999999992e+01 1.675167000000000073e+01 1.075648999999999944e+01 8.899651000000000423e+00 -3.486365000000000158e+00 -5.608819000000000443e+00 6.225197999999999565e-01 1.086011999999999977e+00 -4.022130999999999901e+00 -8.665575999999999723e+00 1.376840999999999982e+00
-9.564724999999999255e+00 1.149019999999999975e+01 1.731775999999999982e+01 1.017071999999999932e+01 7.556518999999999764e+00 -3.872106000000000048e+00 -6.875248000000000026e+00 2.742233999999999838e+00 2.185277999999999832e+00 -3.243707999999999814e+00 -9.267704999999999416e+00 1.680033000000000110e+00
-1.083142999999999923e+01 1.199915000000000020e+01 1.952650999999999826e+01 1.091361999999999988e+01 3.764787999999999801e+00 -2.607883000000000173e+00 -4.098247999999999891e+00 1.028113000000000055e+00 1.065103000000000022e-01 -5.086472999999999800e+00 -7.431931999999999761e+00 3.927725000000000133e+00
-1.042477000000000054e+01 1.045551999999999992e+01 1.609129000000000076e+01 1.363535000000000075e+01 7.292793999999999777e+00 -5.034722999999999615e+00 -3.880459000000000103e+00 3.900856000000000101e+00 1.409769999999999968e+00 -6.125886999999999638e+00 -8.836812000000000111e+00 3.476071999999999829e+00
-1.083737999999999957e+01 9.294140999999999764e+00 1.674209000000000103e+01 1.415817000000000014e+01 4.330358000000000374e+00 -6.142490999999999701e+00 -5.093410999999999689e+00 4.467884999999999884e+00 1.201499000000000095e+00 -4.820929999999999715e+00 -5.904703999999999731e+00 2.578247999999999873e+00
-1.283385999999999960e+01 6.267838000000000243e+00 1.975487000000000037e+01 1.357864999999999966e+01 5.142928000000000388e+00 -6.091839000000000226e+00 -5.273221999999999632e+00 5.518968000000000096e+00 -2.017990999999999868e+00 -2.564566999999999819e+00 -5.669889000000000401e+00 4.617740999999999651e+00
-1.395698999999999934e+01 4.756415999999999755e+00 1.791221000000000174e+01 1.464302999999999955e+01 6.229724000000000039e+00 -4.610019000000000311e+00 -4.948476999999999570e+00 2.676807000000000158e+00 1.575089000000000072e-01 -4.066785999999999568e+00 -6.028922999999999810e+00 5.376895000000000202e+00
-1.339797000000000082e+01 7.862575999999999787e+00 1.711739999999999995e+01 1.399574999999999925e+01 6.058963999999999572e+00 -2.805398999999999976e+00 -7.038008999999999737e+00 -2.306875999999999927e+00 -6.337735000000000340e+00 -1.079923999999999928e+01 -8.203694000000000486e+00 4.089114000000000360e+00
-1.360130000000000017e+01 8.460171000000000774e+00 1.162185000000000024e+01 1.224854000000000021e+01 3.357530999999999821e+00 -7.885773999999999839e-01 -6.547403000000000084e+00 -3.588832000000000022e+00 -4.154666999999999888e+00 -6.699028000000000205e+00 -2.386228000000000016e+00 1.868646000000000029e+00
-1.162945999999999991e+01 4.184908000000000072e+00 -3.115692000000000128e+00 1.145853999999999928e+00 2.514622000000000135e+00 -3.746628000000000180e-01 -1.352637000000000089e+00 2.909934999999999938e+00 1.997735000000000039e+00 -1.254623000000000044e+00 3.944676999999999989e+00 3.506429999999999936e+00
-1.877997999999999834e+01 3.387140000000000040e+00 -2.446842000000000183e+00 2.213115000000000165e+00 1.723057000000000061e+00 3.023871999999999893e+00 9.337571999999999539e-01 2.343659000000000159e+00 3.896196999999999910e+00 3.406590000000000007e+00 4.117249000000000159e+00 2.270160000000000178e+00
