-4.087303999999999604e+00 4.628284999999999982e+00 -2.464373999999999842e+00 -6.252460000000000129e+00 -1.762880000000000003e-01 -4.127689000000000163e+00 -2.436176000000000119e+00 1.035117999999999938e+01 1.072669999999999924e+01 -6.179846999999999646e+00 -5.671095000000000219e+00 4.190827999999999914e-02
-1.469967999999999941e+00 6.808004999999999640e+00 -3.061906000000000017e+00 -1.107906000000000013e+01 -2.724724000000000146e+00 -6.278343999999999703e+00 2.822776000000000174e-01 8.341934999999999434e+00 9.295904000000000167e+00 -7.320570000000000022e+00 -7.178421000000000163e+00 8.553083000000000213e-01
-1.425397000000000025e+00 1.139394000000000062e+01 -2.316933000000000131e+00 -1.416672999999999938e+01 -5.062267000000000294e+00 -1.907240000000000046e+00 3.039564000000000155e-01 6.865726000000000440e+00 5.907331000000000110e+00 -7.973736999999999853e+00 -5.576552000000000398e+00 -1.116623999999999950e-01
-1.652930999999999928e+00 1.199611999999999945e+01 -1.718787999999999982e+00 -1.289024000000000036e+01 -4.014395000000000380e+00 -5.819696999999999676e+00 2.220586999999999978e-01 6.909532999999999703e+00 6.021776000000000018e+00 -6.060597999999999708e+00 -5.316559999999999953e+00 -1.105452000000000101e+00
-1.688423999999999925e+00 1.262456000000000067e+01 -2.564985000000000070e+00 -1.314586000000000077e+01 -3.702147000000000077e+00 -6.537246999999999808e+00 4.473512999999999629e+00 4.376662999999999748e+00 6.107968999999999760e+00 -7.558296000000000348e+00 -5.484846000000000110e+00 9.282730999999999622e-01
-1.862581999999999960e+00 1.229696000000000033e+01 -1.115529999999999911e+00 -1.001368000000000080e+01 -6.401024999999999743e+00 -6.766901999999999973e+00 2.797362999999999822e+00 3.333232000000000195e+00 8.778029000000000082e+00 -6.665859000000000201e+00 -7.034400999999999904e+00 1.894495000000000040e+00
-1.056443999999999939e+00 1.173343999999999987e+01 -1.556829000000000018e+00 -1.008244999999999969e+01 -5.228163000000000338e+00 -8.101962999999999582e+00 -1.051880000000000037e-01 5.837290000000000312e+00 9.856156999999999613e+00 -6.882979999999999876e+00 -7.944532999999999845e+00 1.875466999999999995e+00
-1.699978999999999907e+00 1.177284000000000042e+01 -1.585661999999999905e+00 -1.068563999999999936e+01 -5.399058000000000135e+00 -8.542994999999999450e+00 -7.810160999999999909e-01 6.914825000000000443e+00 1.102527000000000079e+01 -8.770877999999999730e+00 -6.539628000000000441e+00 1.409361000000000086e+00
-1.778942000000000023e+00 1.127350999999999992e+01 -5.045015000000000471e-01 -1.137706000000000017e+01 -5.804026999999999603e+00 -8.182059999999999889e+00 -9.379292999999999658e-01 4.241126000000000396e+00 1.281711999999999918e+01 -7.467635999999999719e+00 -6.511264999999999858e+00 1.911275000000000057e+00
-2.022434000000000065e+00 1.180133999999999972e+01 1.643988999999999867e-01 -1.178140999999999927e+01 -6.667366999999999599e+00 -8.642701000000000633e+00 -1.507084000000000090e+00 6.440591999999999651e+00 1.113325000000000031e+01 -6.329487999999999559e+00 -7.000996999999999915e+00 1.983640999999999988e+00
-2.230710000000000193e+00 1.218965000000000032e+01 1.443918999999999953e+00 -1.239072999999999958e+01 -7.685697000000000223e+00 -1.072356000000000087e+01 5.644462000000000090e-01 6.043388000000000204e+00 1.000843000000000060e+01 -6.020419000000000409e+00 -8.279844000000000648e+00 7.246609000000000522e-01
-2.296466000000000118e+00 1.172799000000000014e+01 1.722236000000000100e+00 -1.074854999999999983e+01 -7.658879999999999910e+00 -1.287454999999999927e+01 -1.394560999999999940e+00 7.220887000000000278e+00 1.264137999999999984e+01 -7.063012999999999764e+00 -9.226532999999999873e+00 3.054505000000000137e-01
-2.725673000000000012e+00 1.196984999999999921e+01 3.134676999999999936e+00 -1.069097000000000008e+01 -8.471543000000000490e+00 -1.301679999999999993e+01 -1.935497999999999941e+00 6.635225000000000151e+00 1.286571999999999960e+01 -4.431029999999999802e+00 -8.618622999999999479e+00 -2.643256000000000050e+00
-2.836000999999999994e+00 1.280322999999999922e+01 3.342238000000000042e+00 -1.226279000000000075e+01 -9.249890999999999863e+00 -1.074549999999999983e+01 -8.346968999999999639e-01 6.711078999999999795e+00 1.025886999999999993e+01 -5.174342000000000219e+00 -8.306632000000000460e+00 -3.154243999999999937e-01
-2.942476999999999787e+00 1.331470000000000020e+01 4.843839000000000006e+00 -1.112570999999999977e+01 -1.106043000000000021e+01 -1.462571999999999939e+01 1.072005000000000097e+00 7.476085000000000313e+00 1.113180999999999976e+01 -5.944954000000000072e+00 -8.413465000000000416e+00 7.014380000000000059e-01
-2.906709999999999905e+00 1.340639000000000003e+01 4.692512999999999934e+00 -1.092500000000000071e+01 -1.074932000000000087e+01 -1.315804999999999936e+01 -7.008389000000000424e-01 7.262635999999999648e+00 1.108393000000000050e+01 -5.831372000000000000e+00 -9.185563999999999396e+00 1.746766999999999959e+00
-3.020890000000000075e+00 1.436021000000000036e+01 5.019499999999999851e+00 -1.247390000000000043e+01 -1.168787999999999982e+01 -1.184192999999999962e+01 -1.865299999999999958e+00 7.915918999999999706e+00 1.060219999999999985e+01 -5.409749999999999837e+00 -1.034403000000000006e+01 3.875630999999999826e+00
-2.962836999999999943e+00 1.579551000000000016e+01 5.832569000000000337e+00 -1.275563999999999965e+01 -1.095817000000000085e+01 -1.498765000000000036e+01 -3.055226000000000219e+00 9.653501000000000332e+00 9.740992999999999569e+00 -1.839226999999999945e+00 -9.155941000000000329e+00 8.640631000000000006e-02
-3.256127999999999911e+00 1.711335000000000051e+01 6.739908999999999928e+00 -1.227692000000000050e+01 -1.259440000000000026e+01 -1.701698999999999984e+01 -1.012256999999999962e+00 1.148751999999999995e+01 8.349937999999999860e+00 -2.786782000000000092e+00 -8.244863999999999749e+00 4.098784999999999790e-01
-3.251726000000000116e+00 1.663260999999999967e+01 7.005752000000000201e+00 -1.094819000000000031e+01 -1.095975999999999928e+01 -1.838262999999999892e+01 -3.157426000000000066e+00 1.100769999999999982e+01 8.147385999999999129e+00 -5.184712000000000209e-01 -5.868689999999999962e+00 -2.295662000000000091e+00
-3.253652000000000211e+00 1.732274999999999920e+01 7.819638999999999562e+00 -1.154978000000000016e+01 -1.212261999999999951e+01 -1.560317000000000043e+01 -4.521125999999999756e+00 1.083863999999999983e+01 7.235896999999999579e+00 -5.161531999999999787e-01 -6.300118999999999581e+00 -1.564216000000000051e+00
-2.636254999999999793e+00 1.755097999999999914e+01 6.944403999999999577e+00 -8.840882000000000573e+00 -1.183400999999999925e+01 -1.396067999999999998e+01 -4.340468999999999689e+00 7.056536999999999615e+00 4.472700999999999816e+00 4.254778000000000171e-01 -4.727873999999999910e+00 6.903508999999999896e-01
-2.159724999999999895e+00 1.839254000000000033e+01 5.938087000000000337e+00 -7.604911000000000421e+00 -1.068909999999999982e+01 -1.856277000000000044e+01 -3.306424999999999947e+00 8.893197999999999936e+00 1.851722000000000090e+00 1.356807000000000096e+00 -3.241030999999999995e+00 1.789617000000000013e+00
-2.610116999999999798e+00 1.950246999999999886e+01 7.838452000000000197e+00 -6.023762999999999757e+00 -1.064705000000000013e+01 -2.010555000000000092e+01 -4.692835999999999785e+00 6.214207000000000036e+00 4.380282000000000231e+00 2.734998000000000040e+00 -2.742475999999999914e+00 1.835013999999999923e+00
-2.292063999999999879e+00 1.906805999999999912e+01 8.399380000000000734e+00 -4.276290999999999620e+00 -1.180991999999999997e+01 -1.929692999999999969e+01 -6.762300999999999895e+00 5.902559000000000111e+00 5.803899999999999615e+00 3.152756000000000114e+00 -1.370975999999999972e+00 1.394978000000000051e+00
-2.809863000000000000e+00 1.976019000000000148e+01 8.982801000000000258e+00 -4.412495999999999974e+00 -9.935064000000000561e+00 -1.887716999999999956e+01 -5.600247999999999671e+00 2.070177999999999852e+00 4.409012999999999849e+00 4.284464999999999968e+00 -5.267089999999999828e-01 1.731635000000000035e+00
-3.101503999999999817e+00 1.993067999999999884e+01 8.751518000000000796e+00 -4.582818999999999754e+00 -9.595318999999999932e+00 -1.823440000000000083e+01 -5.548975999999999686e+00 1.446588999999999903e+00 3.778849000000000125e+00 3.888856000000000090e+00 -8.185308999999999502e-01 2.907910999999999913e+00
-2.514095999999999886e+00 2.085451000000000121e+01 9.518167000000000044e+00 -4.942122000000000348e+00 -1.162925000000000075e+01 -1.749258999999999986e+01 -4.767163000000000039e+00 2.497370000000000090e+00 1.726024000000000003e+00 4.062707999999999764e+00 1.171270999999999979e-01 4.231765000000000221e+00
-1.835344000000000086e+00 1.998644000000000176e+01 7.256461999999999968e+00 -4.040131999999999834e+00 -1.129904999999999937e+01 -1.704192000000000107e+01 -6.529340000000000366e+00 3.143892000000000131e+00 3.178132999999999875e+00 4.623410999999999937e+00 1.600818000000000074e+00 2.260216999999999921e+00
-2.537206999999999990e+00 2.049146999999999963e+01 7.383861999999999703e+00 -2.932636000000000021e+00 -1.169129000000000040e+01 -1.925805000000000078e+01 -5.196953999999999851e+00 4.320212999999999859e+00 4.312524999999999942e+00 4.393411999999999651e+00 7.026618999999999504e-01 1.737178000000000111e+00
-2.655514000000000152e+00 2.082081000000000159e+01 7.419239000000000139e+00 -5.948063999999999574e+00 -1.101474999999999937e+01 -1.748063000000000144e+01 -4.086516999999999733e+00 3.780416999999999916e+00 3.221947000000000116e+00 4.702995999999999732e+00 9.434308000000000138e-01 1.265379000000000032e+00
-2.643407999999999980e+00 1.941028999999999982e+01 7.375477000000000061e+00 -6.906827999999999967e+00 -1.177856000000000058e+01 -1.472574999999999967e+01 -4.326361000000000345e+00 5.576506000000000185e+00 3.852831000000000117e+00 4.044420999999999822e+00 -1.561636999999999942e+00 2.198154999999999901e-02
-2.943852999999999831e+00 1.973714999999999975e+01 6.709031000000000411e+00 -8.656166000000000693e+00 -1.086544999999999916e+01 -1.618976999999999933e+01 -5.397224999999999717e+00 7.782440000000000246e+00 5.801984000000000030e+00 3.643918999999999908e+00 -1.863550999999999958e-01 -2.960585000000000022e+00
-2.452741000000000060e+00 1.673842000000000141e+01 3.969421999999999784e+00 -7.965546999999999933e+00 -1.187490999999999985e+01 -1.585375999999999941e+01 -3.851836000000000038e+00 1.153190999999999988e+01 3.414445000000000174e+00 1.332081000000000071e+00 8.466746999999999468e-02 -5.743219999999999992e-01
-4.068044000000000437e+00 1.432923000000000080e+01 5.974282999999999788e+00 -5.182013000000000424e+00 -1.301641000000000048e+01 -1.447682000000000002e+01 -2.699073999999999973e+00 1.169890999999999970e+01 6.238215000000000288e+00 -1.410651000000000099e+00 2.167121999999999937e-01 2.015254000000000101e+00
-5.375473999999999641e+00 1.667943999999999960e+01 6.379794999999999661e+00 -4.702497000000000149e+00 -1.030480999999999980e+01 -1.357249000000000017e+01 -5.556547000000000125e+00 8.233446999999999960e+00 3.590660999999999881e+00 1.908238000000000101e+00 1.860810999999999993e+00 9.081966000000000205e-01
-5.011749000000000009e+00 1.413321000000000005e+01 4.583722999999999992e+00 -7.621703000000000117e+00 -1.074635999999999925e+01 -1.246707999999999927e+01 -3.001201000000000008e+00 1.270706000000000024e+01 7.582582999999999629e+00 -2.592325999999999908e+00 -1.790429999999999966e+00 2.377381000000000189e+00
-4.126371999999999929e+00 1.381551999999999936e+01 2.720167000000000002e+00 -8.815559999999999619e+00 -1.121927999999999948e+01 -1.050619999999999976e+01 5.152387000000000494e-01 1.406155000000000044e+01 1.683167000000000080e+00 -1.577290999999999999e+00 -8.355485999999999747e-01 1.859585000000000043e+00
-5.147114000000000189e+00 1.082770000000000010e+01 5.084732999999999947e+00 -1.185898000000000074e+01 -1.247735999999999912e+01 -9.445664999999999978e+00 -1.054926000000000030e+00 1.308486000000000082e+01 8.596545000000000769e+00 -4.292463999999999835e+00 -5.776667999999999914e+00 5.486100000000000421e+00
-4.203683999999999976e+00 1.016976999999999975e+01 4.012570000000000192e+00 -1.027942999999999962e+01 -1.160425000000000040e+01 -7.377434000000000047e+00 2.997634000000000132e+00 1.074925999999999959e+01 1.028041999999999945e+01 -4.408364999999999867e+00 -6.803716999999999793e+00 4.864475999999999800e+00
-3.987429999999999808e+00 1.015291999999999994e+01 3.929546000000000205e+00 -1.336548999999999943e+01 -8.895600999999999203e+00 -4.592317999999999678e+00 5.579081000000000179e-01 9.166036999999999324e+00 1.307713000000000036e+01 -6.342366000000000170e+00 -9.711852000000000373e+00 6.858048000000000144e+00
-3.059133999999999798e+00 1.196142000000000039e+01 1.344330000000000025e+00 -1.425334999999999930e+01 -9.542823000000000278e+00 -5.735943999999999932e+00 4.188935999999999993e+00 9.855188999999999311e+00 1.293036999999999992e+01 -3.728670999999999847e+00 -1.154030999999999985e+01 4.995273000000000074e+00
-1.736847000000000030e+00 1.448831999999999987e+01 -1.176264999999999894e+00 -1.439941999999999922e+01 -1.057728999999999964e+01 -6.516973000000000127e+00 8.042944999999999567e+00 9.208080000000000709e+00 1.157114999999999938e+01 -3.641100999999999921e+00 -1.089080000000000048e+01 6.230280999999999736e+00
-1.368443999999999994e+00 1.569589000000000034e+01 -1.681085999999999969e-01 -1.487734000000000023e+01 -1.108793000000000006e+01 -6.357110999999999734e+00 7.910808000000000284e+00 8.142597999999999558e+00 1.180794000000000032e+01 -2.573266999999999971e+00 -1.060055000000000014e+01 2.930534999999999890e+00
-1.468593000000000037e+00 1.536233999999999966e+01 7.061039999999999539e-01 -1.278228999999999971e+01 -1.161561000000000021e+01 -8.031836999999999449e+00 9.033632000000000772e+00 4.109409999999999563e+00 1.203444000000000003e+01 2.463016999999999790e+00 -1.200986999999999938e+01 4.626553999999999611e+00
-1.236105999999999927e+00 1.424967999999999968e+01 7.361647000000000052e-01 -1.253786999999999985e+01 -1.059206000000000003e+01 -6.384363999999999706e+00 7.082539999999999836e+00 1.851436999999999999e+00 1.429461000000000048e+01 2.548010999999999804e+00 -1.372865999999999964e+01 5.673681000000000196e+00
-1.775090000000000057e+00 1.584258999999999951e+01 2.102186000000000110e+00 -1.221294999999999931e+01 -9.709400000000000475e+00 -8.298716999999999899e+00 6.393635999999999875e+00 3.414083999999999897e+00 1.334026000000000067e+01 1.983959000000000028e+00 -1.217847000000000079e+01 3.064778000000000002e+00
-1.502984000000000098e+00 1.617787999999999826e+01 1.560481000000000007e+00 -1.170358000000000054e+01 -8.305419999999999803e+00 -1.000168999999999997e+01 6.655158000000000129e+00 4.481328999999999674e+00 1.164418000000000042e+01 8.854758999999999824e-01 -1.037302000000000035e+01 3.256254000000000204e+00
-1.748402000000000012e+00 1.599202000000000012e+01 2.377435000000000187e+00 -1.232010000000000005e+01 -7.263911000000000229e+00 -9.246586999999999890e+00 3.997955999999999843e+00 3.351459999999999884e+00 1.306827000000000005e+01 1.241163000000000016e+00 -1.021513000000000027e+01 2.859217999999999815e+00
-1.402010999999999896e+00 1.519233999999999973e+01 1.833070999999999895e+00 -1.115023000000000053e+01 -7.835684999999999789e+00 -1.052016000000000062e+01 2.648363999999999940e+00 6.365325999999999596e+00 1.171743999999999986e+01 4.033278000000000141e-01 -8.407477000000000089e+00 2.167326000000000086e+00
-1.988593000000000055e+00 1.553556000000000026e+01 2.372936000000000156e+00 -1.203889000000000031e+01 -7.443670000000000009e+00 -1.275590000000000046e+01 5.812092999999999954e+00 6.908063000000000287e+00 1.064051000000000080e+01 -8.478875000000000162e-01 -1.018740000000000023e+01 2.917199999999999793e+00
-1.809757000000000060e+00 1.560295999999999950e+01 3.334468000000000210e+00 -1.189148999999999923e+01 -1.067545999999999928e+01 -1.104560999999999993e+01 4.552313999999999972e+00 7.383472000000000257e+00 1.125176000000000087e+01 -1.653785999999999978e+00 -1.021796999999999933e+01 4.817880999999999858e+00
-1.703831000000000095e+00 1.680186000000000135e+01 2.802373999999999921e+00 -1.197572000000000081e+01 -9.846208000000000737e+00 -1.168970999999999982e+01 2.331440999999999875e+00 7.210596999999999923e+00 1.165973999999999933e+01 1.761945000000000094e+00 -9.185563999999999396e+00 8.752349999999999852e-01
-1.467216999999999993e+00 1.715027999999999864e+01 3.909301000000000137e+00 -1.050253000000000014e+01 -1.260463000000000022e+01 -1.361402999999999963e+01 2.441211000000000020e+00 1.089949999999999974e+01 9.101971000000000700e+00 1.362404999999999866e-01 -7.080727999999999689e+00 1.159453000000000067e+00
-1.562413000000000052e+00 1.722115000000000151e+01 5.363663999999999987e+00 -1.259596999999999944e+01 -1.166333999999999982e+01 -1.192600999999999978e+01 8.036012000000000155e-01 8.268140000000000711e+00 1.090794999999999959e+01 1.550421999999999911e-01 -6.861703000000000330e+00 1.750213000000000019e+00
-1.903577000000000075e+00 1.897785999999999973e+01 6.837043999999999677e+00 -1.247470000000000034e+01 -1.307503999999999955e+01 -1.272034000000000020e+01 7.795136999999999761e-01 7.825364999999999682e+00 1.126013999999999982e+01 8.736281999999999659e-01 -7.715108999999999995e+00 2.918699000000000154e+00
-1.828190999999999899e+00 1.889609000000000094e+01 5.324399999999999800e+00 -1.109531999999999918e+01 -1.081681000000000026e+01 -1.439372999999999969e+01 -4.427578999999999820e-01 8.899077999999999378e+00 9.422319999999999141e+00 1.683646999999999894e+00 -6.554439999999999600e+00 2.105447999999999986e+00
-1.955027000000000070e+00 1.927944000000000102e+01 7.278138000000000218e+00 -1.004354000000000013e+01 -1.334615999999999936e+01 -1.461773999999999951e+01 2.175853000000000093e-01 8.299303999999999348e+00 7.958957999999999977e+00 2.091876000000000069e+00 -4.047795999999999950e+00 -2.739229000000000247e-01
-2.126984999999999904e+00 1.974161000000000143e+01 7.109225999999999601e+00 -8.517030000000000101e+00 -1.175128999999999913e+01 -1.637588999999999828e+01 -1.048731999999999998e+00 6.271244000000000263e+00 8.184495999999999327e+00 3.149150999999999812e+00 -2.338147999999999893e+00 3.913001999999999869e-01
-1.856254000000000071e+00 1.808426000000000045e+01 7.746838999999999587e+00 -7.835473000000000354e+00 -1.322593999999999959e+01 -1.381677000000000000e+01 -1.710452000000000083e+00 4.870594999999999786e+00 5.780674999999999564e+00 4.867833000000000077e+00 -2.944490000000000163e-01 5.324354000000000031e-01
-2.418350000000000222e+00 1.950891000000000020e+01 9.948014000000000578e+00 -8.185714000000000823e+00 -1.326207999999999920e+01 -1.605151000000000039e+01 -4.515964000000000311e+00 5.014952000000000076e+00 8.886967000000000283e+00 5.669868000000000130e+00 -2.515896000000000243e-01 -5.570920999999999790e-01
-2.041142999999999930e+00 1.900462999999999880e+01 7.258301999999999587e+00 -3.800241000000000202e+00 -1.232578999999999958e+01 -1.737991999999999848e+01 -5.018705999999999889e+00 6.889330999999999650e-01 8.836209000000000202e+00 7.554160000000000430e+00 -5.021278999999999604e-01 4.129734000000000016e+00
-2.598561999999999816e+00 1.987269999999999825e+01 9.346800999999999249e+00 -4.162476999999999983e+00 -1.461151000000000089e+01 -1.756337999999999866e+01 -5.877944000000000280e+00 4.817673000000000094e+00 9.567890000000000228e+00 5.700260000000000105e+00 2.349903999999999882e-01 1.138478000000000101e+00
-2.184212000000000042e+00 2.045702999999999960e+01 7.967079000000000022e+00 -6.234333999999999598e+00 -1.234919000000000011e+01 -1.642507000000000161e+01 -6.497338000000000058e+00 2.490902000000000172e+00 8.692076000000000136e+00 7.417654999999999887e+00 6.462514000000000314e-01 3.484502999999999906e-01
-2.099196000000000062e+00 1.925565999999999889e+01 7.265664000000000122e+00 -5.280901000000000067e+00 -1.060683000000000042e+01 -1.590526999999999980e+01 -9.172777999999999210e+00 1.743535999999999975e+00 7.797107999999999706e+00 8.107908999999999367e+00 1.779503999999999975e+00 8.860223999999999878e-01
-2.580128000000000199e+00 1.884106999999999843e+01 8.557862000000000080e+00 -4.764869000000000021e+00 -1.272165999999999997e+01 -1.415875999999999912e+01 -8.470109000000000776e+00 2.257753999999999817e+00 7.026640000000000441e+00 6.197345999999999577e+00 1.983085999999999904e+00 2.013456000000000135e+00
-2.548213000000000061e+00 1.915206999999999837e+01 7.958898999999999724e+00 -5.480011000000000188e+00 -1.318934999999999924e+01 -1.304637999999999920e+01 -5.886890000000000178e+00 -6.729074000000000444e-01 6.937335000000000029e+00 7.172202000000000410e+00 3.040066000000000157e-01 1.902584999999999971e+00
-2.566095999999999933e+00 1.979588000000000036e+01 8.328625000000000611e+00 -7.019044000000000061e+00 -1.449698000000000064e+01 -1.255483000000000082e+01 -5.422344999999999970e+00 1.583301999999999987e+00 7.437013000000000318e+00 5.894715999999999845e+00 -9.833505000000000162e-01 1.988434999999999953e+00
-2.872043000000000124e+00 1.895827999999999847e+01 7.575268000000000335e+00 -4.455142999999999631e+00 -1.481263000000000041e+01 -1.456888000000000005e+01 -5.748559000000000196e+00 4.776805999999999663e+00 6.961515999999999593e+00 4.086660000000000181e+00 1.596090999999999926e+00 2.695758999999999794e+00
-4.871431000000000289e+00 1.753511999999999915e+01 1.033942000000000050e+01 -4.555630999999999986e+00 -1.239464000000000077e+01 -1.705221999999999838e+01 -6.932635000000000325e+00 4.607751999999999626e+00 8.144512000000000640e+00 6.345442000000000249e+00 8.309175000000000588e-02 3.995191000000000159e+00
-5.629146000000000427e+00 1.763623000000000118e+01 9.507329000000000363e+00 -2.142329000000000150e+00 -9.708036999999999139e+00 -1.275024999999999942e+01 -8.467700000000000671e+00 1.892303999999999986e+00 7.961352999999999902e+00 4.718707000000000207e+00 -2.938186999999999882e-01 3.289664999999999839e+00
-4.047959999999999781e+00 1.950693000000000055e+01 8.879122999999999877e+00 -2.054901999999999784e+00 -1.122133000000000003e+01 -1.279246000000000016e+01 -8.357929999999999637e+00 -1.405572999999999961e+00 5.390653000000000361e+00 4.730298000000000336e+00 -1.964395999999999920e-01 7.646642000000000161e-01
-4.215790000000000148e+00 1.838634000000000057e+01 7.007387999999999728e+00 -1.272057999999999911e+00 -1.199512999999999963e+01 -1.306432000000000038e+01 -8.576781999999999684e+00 -1.310902999999999929e+00 4.696801999999999921e+00 6.444859000000000115e+00 4.527861999999999831e+00 1.881159999999999943e+00
-4.164615999999999651e+00 1.777277000000000129e+01 7.444595999999999769e+00 -3.293538999999999994e+00 -1.452219999999999978e+01 -1.460510999999999981e+01 -7.644593999999999667e+00 -5.364881000000000233e-01 1.315411000000000108e+00 5.203946000000000183e+00 4.925887000000000349e+00 1.322313000000000072e+00
-1.021119999999999983e+01 1.320269000000000048e+01 2.570272999999999808e+00 -3.868743999999999961e+00 -1.073159000000000063e+01 -1.068267999999999951e+01 -9.263966999999999175e+00 -2.830036999999999914e+00 2.221153999999999851e+00 5.460215999999999958e+00 5.605648999999999660e+00 9.889521999999999480e-01
-7.059009999999999785e+00 1.666804000000000130e+01 6.707189999999999763e+00 1.131915000000000004e+00 -7.110286999999999580e+00 -1.103664000000000023e+01 -1.351713999999999949e+01 -3.549472000000000182e+00 2.470999999999999863e-01 2.344539999999999846e+00 6.923890000000000100e+00 3.054139999999999855e+00
-9.395709000000000088e+00 1.519481999999999999e+01 8.374022000000000077e+00 2.281791999999999820e+00 -6.498289999999999900e+00 -9.976765999999999579e+00 -1.009257999999999988e+01 -4.912487999999999744e+00 1.466488000000000014e+00 -8.818852000000000357e-01 -2.311866000000000095e-03 -4.956638999999999906e-01
-1.030530000000000079e+01 1.223451000000000022e+01 4.699671000000000376e+00 1.221740999999999966e+00 -5.142714999999999925e+00 -8.660980999999999597e+00 -1.083895000000000053e+01 -5.205906999999999840e+00 -1.395829999999999904e+00 -1.691904000000000075e+00 1.786751999999999896e+00 1.763663000000000036e-02
-1.908698000000000050e+01 4.614654999999999951e+00 6.204209000000000529e-01 2.590451999999999977e+00 8.028264999999999707e-02 1.674857999999999958e+00 -3.979156000000000137e+00 -2.580424999999999969e+00 2.032726999999999951e+00 3.239810999999999996e+00 3.595040000000000013e+00 3.493128000000000011e+00
