-2.366899999999999782e+00 8.379358999999999114e+00 -2.033978999999999981e+00 -5.727960999999999636e+00 -1.007533999999999930e+00 -4.262425999999999604e+00 -3.933168999999999915e+00 1.377499000000000073e+01 8.605670999999999182e+00 -1.033331000000000088e+01 -2.247106000000000048e+00 -1.265595000000000026e+00
-2.958854000000000095e+00 3.213382000000000183e+00 1.278656999999999933e+00 -3.921663000000000121e+00 2.616742000000000026e-03 -8.403933999999999571e+00 -6.057935999999999765e+00 1.635191000000000017e+01 1.342267999999999972e+01 -1.149930999999999948e+01 -3.072308000000000039e+00 -1.421695000000000042e-01
-1.580433999999999894e+00 1.034894000000000069e+01 -1.194749000000000061e+00 -1.176384000000000007e+01 -3.786354999999999915e+00 -6.764902000000000193e+00 -2.491073999999999788e+00 1.400891999999999982e+01 1.020297000000000054e+01 -1.314448999999999934e+01 -2.971464000000000105e+00 -6.946147999999999767e-01
-2.617834000000000216e+00 1.110499000000000080e+01 4.918789000000000078e-01 -1.231076999999999977e+01 -2.336416999999999966e+00 -4.586472999999999800e+00 -2.221724000000000032e+00 1.341812999999999967e+01 7.460110000000000241e+00 -1.444786000000000037e+01 -2.904739999999999878e+00 -1.151896999999999949e+00
-1.606929999999999970e+00 1.088514999999999944e+01 -1.138969999999999982e-01 -1.244563999999999915e+01 -3.139822999999999809e+00 -3.619235999999999898e+00 -1.083779000000000048e+00 1.132325999999999944e+01 7.160115000000000229e+00 -1.545617999999999981e+01 -2.669942999999999955e+00 1.862592000000000025e+00
-2.146514999999999951e+00 1.096354999999999968e+01 1.078308000000000044e+00 -9.658464000000000382e+00 -4.542155000000000165e+00 -6.888308999999999571e+00 6.658043000000000156e-01 1.203736999999999924e+01 5.492004999999999804e+00 -1.532171999999999912e+01 -5.898786999999999781e-01 1.674298999999999982e+00
-1.609112000000000098e+00 1.116198999999999941e+01 -6.448646000000000100e-01 -9.631315000000000737e+00 -3.742830000000000101e+00 -7.266704999999999970e+00 -1.308316999999999952e+00 1.385720000000000063e+01 6.894306000000000267e+00 -1.325605999999999973e+01 -3.421848999999999918e+00 4.986579999999999901e-01
-2.155866000000000060e+00 1.027927999999999997e+01 5.288532000000000233e-01 -9.706633000000000067e+00 -3.935067000000000093e+00 -7.052579999999999849e+00 -2.709617999999999749e-01 1.167825999999999986e+01 5.244684000000000346e+00 -1.322446000000000055e+01 -1.222237999999999936e+00 2.073941000000000034e+00
-2.388720000000000176e+00 1.208480999999999916e+01 2.755907999999999802e+00 -1.178660999999999959e+01 -6.808646999999999672e+00 -7.946671000000000262e+00 -4.640356999999999954e-01 1.396481999999999957e+01 3.737385000000000179e+00 -1.176243999999999978e+01 -6.083288000000000029e-01 4.109538999999999831e-01
-1.699197999999999986e+00 1.118731999999999971e+01 2.156150999999999929e+00 -1.133646000000000065e+01 -7.955267000000000088e+00 -8.293601999999999919e+00 -1.193426000000000098e+00 1.528841000000000072e+01 4.092844000000000371e+00 -9.930241000000000540e+00 -1.692843000000000098e+00 -1.190549999999999997e+00
-2.585414999999999797e+00 1.232546999999999926e+01 4.022060999999999886e+00 -1.268078000000000038e+01 -8.771368000000000720e+00 -1.102735999999999983e+01 -3.980841999999999992e+00 1.819266999999999967e+01 4.101214999999999833e+00 -8.428236999999999313e+00 -1.917024999999999979e+00 -3.047931999999999864e+00
-2.788656000000000024e+00 1.279864000000000068e+01 3.995404999999999873e+00 -1.360779999999999923e+01 -9.037960999999999245e+00 -1.104983999999999966e+01 -3.171838000000000157e+00 1.565836000000000006e+01 4.024821000000000204e+00 -9.664536000000000016e+00 -3.005078000000000138e+00 -1.559223000000000026e+00
-3.492204999999999782e+00 1.398745000000000083e+01 5.167832999999999899e+00 -1.465830000000000055e+01 -9.290952000000000766e+00 -1.272361000000000075e+01 -1.366001000000000021e+00 1.726482000000000028e+01 5.393016000000000476e-01 -1.153252999999999950e+01 -3.105991000000000168e-01 -1.621610999999999914e+00
-3.195759999999999934e+00 1.347415999999999947e+01 4.044846999999999859e+00 -1.413940000000000019e+01 -8.113046999999999898e+00 -1.336148000000000025e+01 -2.410506999999999955e+00 1.598906999999999989e+01 1.759513000000000105e+00 -7.977441999999999922e+00 -3.156975999999999782e+00 -3.707069000000000170e+00
-3.616891999999999996e+00 1.313700000000000045e+01 5.006178000000000239e+00 -1.432769000000000048e+01 -7.029900999999999733e+00 -1.543652999999999942e+01 -2.649823000000000039e+00 1.699838000000000093e+01 3.448901000000000217e+00 -8.658471000000000473e+00 -6.477496000000000365e+00 -2.183098000000000205e+00
-3.492827999999999822e+00 1.465663999999999945e+01 4.650192999999999799e+00 -1.355569000000000024e+01 -8.038237999999999772e+00 -1.558812999999999960e+01 -2.144970999999999961e+00 1.593300999999999945e+01 7.901112000000000135e-01 -5.454540999999999862e+00 -2.776600000000000179e+00 -4.841796999999999684e+00
-3.233789999999999942e+00 1.449770999999999965e+01 4.495417999999999914e+00 -1.156678999999999924e+01 -8.270825999999999567e+00 -1.743720000000000070e+01 -2.251281000000000088e+00 1.647148999999999930e+01 -1.297643000000000102e+00 -7.442485999999999713e+00 -1.715589999999999948e+00 -3.863716000000000150e+00
-2.851623000000000019e+00 1.497147999999999968e+01 5.549614000000000047e+00 -1.061393999999999949e+01 -9.320874999999999133e+00 -1.908808000000000149e+01 -4.755997999999999948e+00 1.822108000000000061e+01 -4.977731000000000239e-01 -5.096936000000000355e+00 -2.601954999999999796e+00 -6.400126000000000204e+00
-2.922693999999999903e+00 1.559905999999999970e+01 5.352705000000000268e+00 -7.665187999999999668e+00 -1.104556999999999967e+01 -1.845469999999999899e+01 -3.520324000000000009e+00 1.288226000000000049e+01 1.707537000000000083e+00 -3.962533000000000083e+00 -4.568285000000000373e+00 -4.707980000000000054e+00
-3.019016000000000144e+00 1.677792000000000172e+01 5.099904000000000437e+00 -6.408879999999999910e+00 -1.014603999999999928e+01 -1.840974999999999895e+01 -4.561016999999999655e+00 1.261359000000000030e+01 -8.636968000000000423e-01 -1.862694999999999990e+00 -4.680572000000000066e-01 -4.841118999999999950e+00
-3.211034000000000166e+00 1.758371999999999957e+01 7.941761999999999766e+00 -6.629577000000000275e+00 -1.150802000000000014e+01 -1.709599000000000046e+01 -4.218251000000000417e+00 1.102281999999999940e+01 1.943076999999999999e-01 -1.735325000000000006e+00 -7.316667000000000032e-01 -3.696445000000000203e+00
-3.191396000000000122e+00 1.800231000000000137e+01 8.386312999999999462e+00 -5.611043999999999699e+00 -1.038452999999999982e+01 -1.780782999999999916e+01 -4.274028000000000382e+00 8.538197999999999510e+00 1.282661000000000051e+00 1.481826000000000088e+00 -9.070694999999999730e-01 -4.023075000000000401e+00
-3.365022999999999875e+00 1.839496000000000109e+01 9.146435999999999567e+00 -3.778910000000000213e+00 -1.073499999999999943e+01 -2.046640000000000015e+01 -5.333789000000000335e+00 1.035505000000000031e+01 2.268806000000000100e+00 1.455655999999999894e-01 7.193232999999999988e-01 -5.569555000000000478e-01
-3.032731000000000066e+00 1.859159000000000006e+01 8.809367999999999199e+00 -2.417508999999999908e+00 -9.257400999999999769e+00 -1.881551999999999936e+01 -8.867756999999999223e+00 7.860337000000000351e+00 5.325961000000000389e+00 6.160299999999999665e-01 8.623750999999999500e-01 6.745181999999999567e-01
-3.306731999999999783e+00 1.847518000000000171e+01 9.475334000000000145e+00 -4.093438999999999828e-01 -9.295484999999999332e+00 -1.942847000000000079e+01 -7.292654999999999887e+00 7.315881000000000078e+00 4.489463999999999899e+00 1.199354000000000031e+00 2.907055000000000167e+00 2.163453000000000070e+00
-2.798318999999999779e+00 1.935125999999999991e+01 8.301187000000000538e+00 -1.651200999999999919e+00 -1.007485999999999926e+01 -1.736159999999999926e+01 -5.120693000000000161e+00 4.123132000000000019e+00 2.289387000000000061e+00 2.947391999999999790e+00 3.704960999999999949e+00 7.832440999999999987e-01
-2.636225000000000041e+00 1.875203000000000131e+01 7.026864999999999917e+00 -3.156229999999999869e+00 -8.001965999999999468e+00 -1.302844999999999942e+01 -5.552607000000000070e+00 1.709513000000000060e+00 4.758761999999999937e+00 4.133066000000000351e+00 -7.210516000000000147e-01 -1.423003999999999936e-02
-3.195759999999999934e+00 1.962689999999999912e+01 1.003339000000000070e+01 -1.960790000000000033e+00 -8.675703000000000387e+00 -1.286336000000000013e+01 -7.848994000000000248e+00 2.394437000000000093e-01 4.564462999999999937e+00 5.675698999999999828e+00 2.741257000000000055e+00 9.331095999999999835e-01
-3.533663000000000221e+00 1.914286999999999850e+01 1.077544999999999931e+01 -1.097707999999999906e+00 -8.530165000000000219e+00 -1.255893000000000015e+01 -8.821991999999999834e+00 1.910180999999999907e+00 4.234817999999999749e+00 4.353626000000000218e+00 2.734179999999999833e+00 -1.964741999999999988e+00
-4.090080999999999634e+00 1.881867000000000090e+01 1.165423999999999971e+01 1.668884000000000034e+00 -8.878367000000000786e+00 -1.601883000000000123e+01 -8.128356000000000137e+00 4.671325000000000394e+00 3.507156000000000162e+00 2.991569000000000145e+00 4.029227999999999810e+00 -1.499548000000000103e+00
-3.926117000000000079e+00 1.893809999999999860e+01 1.062498000000000076e+01 1.055399999999999894e+00 -7.664645000000000152e+00 -1.474267000000000039e+01 -8.852978999999999488e+00 3.706475000000000186e+00 3.588433999999999902e+00 1.372835999999999945e+00 5.403132000000000268e+00 1.226059000000000010e+00
-3.708848999999999840e+00 1.881174000000000035e+01 1.084252000000000038e+01 2.114656000000000091e+00 -5.867865000000000109e+00 -1.335820999999999970e+01 -8.903988999999999265e+00 8.317314000000000096e-01 2.401711000000000151e+00 8.033772999999999609e-01 4.001426999999999623e+00 2.624124999999999819e+00
-3.817638999999999783e+00 1.867512999999999934e+01 1.166540999999999961e+01 4.169552999999999732e-01 -6.430973999999999968e+00 -1.236442000000000085e+01 -8.617000000000000881e+00 2.984519999999999840e+00 1.278475000000000028e+00 3.755469000000000168e+00 3.787354000000000109e+00 7.748806000000000305e-01
-4.225679000000000407e+00 1.897337999999999880e+01 1.110520999999999958e+01 2.142243000000000119e+00 -7.559006000000000114e+00 -1.220013999999999932e+01 -7.782252999999999865e+00 2.415401000000000131e+00 1.279870000000000063e+00 1.278678999999999899e+00 3.773454000000000086e+00 1.782572999999999963e+00
-4.166451999999999600e+00 1.830146999999999835e+01 1.132748999999999917e+01 2.340170000000000083e+00 -5.776279999999999859e+00 -1.420082000000000022e+01 -1.145161000000000051e+01 3.369787000000000088e+00 3.981914999999999871e+00 2.705550000000000122e+00 5.760761999999999716e+00 2.883621000000000212e+00
-3.875306999999999835e+00 1.912206000000000117e+01 1.136445999999999934e+01 2.829292999999999836e+00 -8.722402000000000655e+00 -1.200971999999999973e+01 -8.698520000000000252e+00 9.468258000000000507e-01 2.116017999999999954e+00 4.871169000000000082e+00 5.167070999999999970e+00 1.357304999999999970e-02
-3.617827000000000126e+00 1.888290999999999897e+01 1.063615000000000066e+01 1.560724999999999918e+00 -7.382638000000000034e+00 -1.192595000000000027e+01 -9.224824999999999164e+00 7.779209999999999736e-01 2.294620000000000104e+00 4.963391999999999804e+00 6.271804999999999630e+00 -5.808208000000000121e-02
-3.794572000000000056e+00 1.820617999999999981e+01 1.120323999999999920e+01 2.238456000000000057e-01 -9.634168000000000731e+00 -1.317309999999999981e+01 -9.235312000000000410e+00 6.874934999999999796e+00 2.674844999999999917e+00 1.432812999999999892e+00 6.009206999999999965e+00 6.424203000000000552e-01
-3.868138000000000076e+00 1.845407000000000153e+01 1.018472000000000044e+01 -1.731335000000000068e+00 -1.176918000000000042e+01 -1.296715000000000018e+01 -9.836463999999999430e+00 7.771399999999999864e+00 4.902131999999999934e+00 1.201289000000000051e+00 7.223882999999999832e+00 5.465788000000000313e-01
-3.790207999999999799e+00 1.574803999999999959e+01 9.214795000000000513e+00 -2.852771999999999863e+00 -1.192831999999999937e+01 -1.350245999999999924e+01 -8.480655999999999750e+00 8.528109000000000606e+00 3.630990999999999858e+00 -1.396422999999999970e+00 7.196081999999999645e+00 5.526818999999999482e-01
-3.536468999999999863e+00 1.745465000000000089e+01 6.603379999999999583e+00 -4.181769000000000069e+00 -7.129646000000000150e+00 -1.147195999999999927e+01 -6.904601000000000433e+00 6.369341000000000363e+00 3.447855000000000114e+00 9.791163000000000505e-01 2.834518000000000093e+00 -4.201647999999999605e+00
-4.576050999999999647e+00 1.687079999999999913e+01 7.045352000000000281e+00 -3.478079999999999838e+00 -6.712074999999999569e+00 -1.087412999999999919e+01 -7.289317999999999742e+00 7.124554999999999971e+00 4.845621000000000400e+00 -2.658195999999999781e+00 2.552458999999999811e+00 -5.874806000000000417e+00
-5.846616000000000035e+00 1.531830000000000069e+01 5.065508999999999595e+00 -4.293432000000000137e+00 -9.344452000000000425e+00 -1.205835000000000079e+01 -6.766827000000000147e+00 8.191421000000000063e+00 3.939357999999999915e+00 -2.203854000000000202e+00 1.710576000000000096e+00 -6.395380000000000287e+00
-7.443863000000000341e+00 1.507371999999999979e+01 5.715568000000000204e+00 -4.466835999999999807e+00 -5.473416000000000281e+00 -9.840690999999999633e+00 -8.764784999999999826e+00 3.799148999999999887e+00 -3.431442000000000103e+00 -3.048045999999999811e+00 2.422549000000000063e+00 -2.225592999999999932e+00
-8.989675999999999334e+00 1.338188000000000066e+01 4.950287000000000326e+00 -4.679212999999999845e+00 -4.298231999999999609e+00 -8.188992000000000715e+00 -8.852024999999999366e+00 3.611934000000000200e+00 -3.030635000000000190e+00 -3.819040000000000212e+00 1.694147999999999987e+00 -1.541366000000000014e+00
-9.705071000000000225e+00 1.159534999999999982e+01 1.069935000000000080e+01 -4.277230000000000310e+00 3.266563999999999801e+00 5.010221999999999731e-01 -1.316258000000000017e+01 1.200557000000000096e+00 -8.403679999999999595e+00 -9.445909999999999584e+00 6.931460999999999650e+00 1.415256000000000070e+00
-1.164364999999999917e+01 1.113455000000000084e+01 8.361378000000000199e+00 -4.240446999999999633e+00 3.104251000000000094e+00 -1.111117999999999967e-01 -1.147067999999999977e+01 -1.055368000000000084e+00 -8.784254999999999924e+00 -7.188391000000000197e+00 5.666742000000000168e+00 1.794780000000000042e+00
-1.491981000000000002e+01 8.132369999999999877e+00 7.208726000000000411e+00 -2.405247999999999831e+00 4.772723000000000049e+00 -1.295003000000000126e-01 -1.258622000000000085e+01 1.399356000000000044e+00 -4.929672000000000054e+00 -3.655231999999999815e+00 5.071030000000000371e+00 -6.105272999999999950e-01
-1.129077999999999982e+01 8.392628999999999451e+00 1.491915000000000013e+01 9.947202000000000766e+00 1.461398999999999937e+01 -7.610365999999999964e+00 -1.857723000000000013e+01 8.972044000000000352e+00 1.119756999999999891e+00 -7.560827999999999882e+00 -6.409256000000000064e+00 -6.697822999999999638e+00
-1.049963999999999942e+01 7.895331999999999795e+00 1.634868000000000166e+01 1.267394999999999960e+01 1.481121000000000087e+01 -1.467115000000000080e+01 -2.011752999999999858e+01 9.343111999999999639e+00 1.102664000000000089e+00 -6.636989999999999945e+00 -6.724172000000000260e+00 -7.376172999999999647e+00
-1.093542000000000058e+01 8.886608000000000729e+00 2.172541999999999973e+01 1.252331000000000039e+01 9.166515999999999664e+00 -1.273912999999999940e+01 -1.056823999999999941e+01 8.541560999999999737e+00 -1.432290999999999981e+00 -7.931008000000000280e+00 -5.160459999999999603e+00 -5.377966999999999942e+00
-1.030855999999999995e+01 8.859467000000000425e+00 1.968711000000000055e+01 1.197770000000000046e+01 8.106946000000000652e+00 -1.156021999999999927e+01 -5.913011000000000017e+00 6.969477000000000366e+00 -2.441110999999999809e+00 -4.794471999999999845e+00 -5.211513000000000062e+00 -6.399899999999999700e+00
-1.022128000000000014e+01 1.319459999999999944e+01 1.866472999999999871e+01 1.042669000000000068e+01 1.023334000000000010e+01 -9.672333999999999321e+00 -7.107209000000000110e+00 6.898850000000000371e+00 -3.787946999999999953e+00 -5.968859000000000137e+00 -2.463452999999999893e+00 -3.224921999999999844e+00
-1.044571000000000005e+01 1.322929000000000066e+01 1.918881999999999977e+01 1.187786000000000008e+01 8.342708000000000013e+00 -6.648849000000000231e+00 -6.176641000000000048e+00 6.500130999999999659e+00 -3.213423000000000140e+00 -7.155821999999999683e+00 -3.831359999999999766e-01 -4.863044999999999618e+00
-1.061092999999999975e+01 1.247897000000000034e+01 2.057062000000000168e+01 9.966469000000000023e+00 8.192182999999999993e+00 -5.389439000000000313e+00 -6.688166999999999973e+00 6.785250999999999699e+00 -5.990815999999999697e+00 -6.834332999999999991e+00 -1.579431000000000029e-01 -4.361684999999999590e+00
-1.145475000000000065e+01 1.165264999999999951e+01 2.185439999999999827e+01 1.000850999999999935e+01 8.466936999999999713e+00 -2.728413999999999895e+00 -5.926358999999999710e+00 4.335758000000000223e+00 -9.437614999999999199e+00 -5.587715000000000209e+00 3.120622000000000007e+00 -3.647393999999999803e+00
-1.123249000000000031e+01 1.157906999999999975e+01 2.163384999999999891e+01 9.509311999999999543e+00 6.125636000000000081e+00 -1.886219000000000090e+00 -2.845756999999999870e+00 1.570877000000000079e+00 -7.565438999999999581e+00 -5.348453000000000124e+00 2.337628000000000039e+00 -2.381110000000000060e+00
-1.141733999999999938e+01 1.010798999999999914e+01 2.207195000000000107e+01 1.142639999999999922e+01 7.469481000000000037e+00 -3.437393999999999838e+00 -5.965450999999999837e+00 1.761080999999999896e+00 -8.153218999999999994e+00 -3.057396999999999920e+00 7.721462999999999521e-01 -3.145808000000000160e+00
-1.141328999999999994e+01 1.110801000000000016e+01 2.146488000000000085e+01 1.124466999999999928e+01 6.242156999999999734e+00 -2.947440999999999978e+00 -6.680062999999999640e+00 3.134367000000000125e+00 -4.822929000000000244e+00 -5.153366000000000113e+00 -6.775801000000000185e-01 -3.687177000000000149e+00
-1.137993999999999950e+01 1.215175999999999945e+01 2.206550000000000011e+01 1.095303999999999967e+01 4.033699000000000368e+00 -5.505491000000000135e+00 -8.320952000000000126e+00 5.482217999999999591e+00 -2.069256999999999902e+00 -5.868253000000000164e+00 -3.535652000000000239e-01 -1.825499999999999901e+00
-1.190986000000000011e+01 9.800380000000000535e+00 2.341763999999999868e+01 1.358914000000000044e+01 6.386333999999999733e+00 -5.464218999999999937e+00 -6.935111000000000026e+00 3.039077999999999946e+00 -7.216258999999999979e+00 -7.407661000000000051e+00 6.826756999999999964e-01 5.348245999999999833e-01
-1.126834000000000024e+01 1.048977999999999966e+01 2.136213000000000051e+01 1.403841000000000072e+01 5.998232999999999926e+00 -7.522509999999999586e+00 -6.283426999999999651e+00 5.277440000000000353e+00 -7.560205999999999982e+00 -7.714317000000000313e+00 -1.440101999999999993e+00 -4.927597000000000227e-01
-1.115175999999999945e+01 1.062307999999999986e+01 2.198854000000000042e+01 1.099726000000000070e+01 6.909999000000000002e+00 -1.058480999999999916e+01 -5.298511999999999666e+00 6.824487000000000414e+00 -6.858706999999999887e+00 -8.434685999999999240e+00 -2.941640000000000033e+00 -8.648238999999999788e-01
-1.046161000000000030e+01 9.297955999999999221e+00 2.245544999999999902e+01 1.148464000000000063e+01 6.501948999999999756e+00 -1.258957000000000015e+01 -8.966915999999999443e+00 9.866642000000000579e+00 -7.154516000000000098e+00 -1.056805999999999912e+01 -3.603569999999999940e+00 -2.102853000000000083e+00
-1.057258000000000031e+01 8.575082000000000093e+00 2.209387999999999863e+01 1.049193999999999960e+01 8.337721000000000160e+00 -1.508102000000000054e+01 -1.283745000000000047e+01 9.091248999999999469e+00 -5.106878000000000029e+00 -1.041424999999999912e+01 -5.662910000000000110e+00 -1.037068000000000101e+00
-9.393976000000000326e+00 8.292203999999999908e+00 2.114930999999999983e+01 1.031414999999999971e+01 7.628619999999999735e+00 -1.961807999999999907e+01 -1.513146000000000058e+01 1.144508000000000081e+01 -2.487505000000000077e+00 -1.056000000000000050e+01 -5.528197999999999723e+00 -2.735542999999999836e+00
-8.656760999999999484e+00 6.703808999999999685e+00 2.008566000000000074e+01 8.942244000000000526e+00 7.436836999999999698e+00 -1.873746999999999829e+01 -1.983578999999999937e+01 1.315953999999999979e+01 -4.367275999999999936e-01 -1.060191999999999979e+01 -3.380904999999999827e+00 -2.255656999999999801e+00
-8.501837000000000089e+00 7.462873000000000090e+00 1.817674999999999841e+01 6.074937000000000253e+00 7.109490000000000087e+00 -1.634288000000000096e+01 -1.863062000000000040e+01 1.306536999999999971e+01 4.834886999999999935e-01 -8.822924000000000433e+00 -7.665450999999999793e-01 -2.133367999999999931e+00
-8.634940999999999534e+00 9.436681000000000097e+00 1.877436000000000149e+01 3.759373000000000076e+00 6.572224000000000288e+00 -1.635555000000000092e+01 -1.996355000000000146e+01 1.195030000000000037e+01 3.102163000000000004e+00 -7.009426999999999630e+00 -2.592924999999999813e-01 -1.494574999999999987e+00
-8.179207999999999146e+00 9.403506999999999394e+00 1.808560999999999908e+01 4.653107000000000326e+00 4.867935000000000123e+00 -1.750829999999999842e+01 -1.796130000000000138e+01 1.051124000000000080e+01 4.188423000000000229e+00 -7.624996999999999581e+00 -1.860664000000000096e+00 1.049746999999999986e+00
-8.208821000000000367e+00 9.768110999999999322e+00 1.787064000000000163e+01 4.782721999999999696e+00 6.040852000000000110e+00 -1.967814999999999870e+01 -1.828309000000000140e+01 9.688021000000000882e+00 3.042164000000000090e+00 -3.535922999999999927e+00 8.034862000000000393e-01 -1.925861999999999963e+00
-8.153646000000000171e+00 9.628482999999999237e+00 1.821975000000000122e+01 3.630632999999999999e+00 5.609678999999999860e+00 -1.943624000000000152e+01 -1.920507999999999882e+01 1.041558000000000028e+01 2.770075999999999983e+00 -3.983493000000000173e+00 4.466149999999999842e-01 -3.019807999999999937e-01
-8.310129999999999129e+00 1.052777999999999992e+01 1.831862999999999886e+01 1.747265999999999986e+00 5.217951000000000228e+00 -1.774203999999999937e+01 -2.026531999999999911e+01 9.648785000000000167e+00 3.807849000000000039e+00 -5.314271999999999885e+00 1.424978000000000078e+00 1.114490000000000064e-01
-8.285814999999999486e+00 1.120059000000000005e+01 1.592733999999999916e+01 2.913368000000000180e+00 7.167069999999999830e+00 -1.929280999999999935e+01 -1.919507000000000119e+01 9.257911999999999253e+00 3.715408000000000044e+00 -5.436482999999999954e+00 3.243707000000000118e+00 -5.318648999999999738e-01
-9.163926999999999268e+00 1.118309999999999960e+01 1.844030000000000058e+01 1.315506000000000064e+00 8.038031000000000148e+00 -1.997277000000000058e+01 -2.171408999999999878e+01 1.048845000000000027e+01 5.498283999999999949e+00 -6.227147000000000432e+00 1.713356000000000101e+00 2.356945000000000068e+00
-8.225030999999999537e+00 1.104829999999999934e+01 1.746004999999999896e+01 3.029808999999999974e-02 6.196363999999999983e+00 -1.696522999999999826e+01 -2.054325000000000045e+01 8.810987000000000791e+00 5.543282999999999738e+00 -4.253712000000000160e+00 3.712980000000000169e-01 2.029185000000000016e+00
-7.903025000000000411e+00 9.542835000000000178e+00 1.614618000000000109e+01 2.965476999999999919e+00 6.766274000000000122e+00 -1.767829000000000050e+01 -2.198819999999999908e+01 5.699327000000000254e+00 6.428615999999999886e+00 -2.278664000000000023e+00 -9.636835999999999736e-01 2.763593000000000188e+00
-8.655825999999999354e+00 1.064630000000000010e+01 1.547118000000000038e+01 2.197417999999999871e+00 8.293741999999999948e+00 -1.957599000000000089e+01 -1.874550999999999945e+01 5.909337999999999980e+00 4.232725000000000293e+00 -4.416553000000000395e+00 1.734080999999999984e+00 3.347231999999999985e+00
-8.448845000000000383e+00 1.074611999999999945e+01 1.311687000000000047e+01 2.461781000000000108e-01 1.097100000000000009e+01 -1.634818999999999889e+01 -2.179035999999999973e+01 6.197821000000000247e+00 6.073855000000000004e+00 -3.924482999999999944e+00 1.218488000000000016e+00 1.507932999999999968e+00
-8.254642999999999731e+00 9.347113000000000227e+00 1.209750000000000014e+01 4.156415999999999999e-01 1.164338000000000051e+01 -1.670166000000000039e+01 -2.074680999999999997e+01 5.638791000000000331e+00 7.102907000000000082e+00 -3.609766000000000030e+00 -1.766459999999999975e-01 3.021732000000000085e+00
-8.177025999999999684e+00 5.913682999999999801e+00 1.193842000000000070e+01 1.319447000000000036e+00 9.664789999999999992e+00 -1.398015000000000008e+01 -2.081306999999999974e+01 7.337553999999999910e+00 6.485476000000000241e+00 -2.810073000000000043e+00 3.801438999999999790e-01 2.370506999999999920e+00
-7.622790000000000177e+00 8.835943999999999576e+00 1.082704000000000022e+01 -3.335888000000000186e-01 9.051807999999999410e+00 -1.563307999999999964e+01 -1.855864000000000047e+01 6.626062000000000118e+00 5.963624000000000258e+00 -3.594609999999999861e+00 1.479570000000000052e+00 1.434242999999999935e+00
-7.561692999999999998e+00 1.146265999999999963e+01 1.253903999999999996e+01 -1.983559999999999990e+00 6.950803999999999760e+00 -1.629138999999999982e+01 -1.987488000000000099e+01 5.946331999999999951e+00 5.217475000000000307e+00 -8.827490000000000059e-01 1.575612000000000013e+00 1.078454000000000024e+00
-6.657085000000000363e+00 1.019152000000000058e+01 8.941788000000000736e+00 -2.885613999999999901e+00 9.488875000000000171e+00 -1.453997999999999990e+01 -2.298932999999999893e+01 9.473152999999999935e+00 6.694773999999999781e+00 -4.205665999999999904e+00 1.832144999999999913e+00 1.684113999999999889e-01
-9.266170999999999935e+00 9.539215999999999696e+00 1.009013999999999989e+01 -6.795221999999999651e-01 8.190822999999999965e+00 -1.439492000000000083e+01 -2.203969000000000023e+01 8.799029000000000877e+00 5.118407000000000373e+00 -1.966525999999999996e+00 3.734026000000000067e+00 -1.690684000000000076e-01
-1.050806000000000040e+01 5.285803999999999725e+00 1.133436999999999983e+01 -7.798306000000000182e+00 6.255758000000000152e+00 -1.089414999999999978e+01 -1.766048999999999936e+01 9.459327000000000041e+00 1.745211000000000068e+00 -3.915455000000000130e+00 3.773705999999999783e+00 1.147397000000000000e+00
-1.193634999999999913e+01 6.080756000000000050e+00 5.805424000000000362e+00 -5.222197000000000422e+00 6.500563000000000313e-01 -9.851724000000000814e+00 -1.450789999999999935e+01 5.617491000000000234e+00 1.807301999999999964e+00 6.998687000000000102e-01 8.490372000000000696e+00 2.605589999999999851e+00
-1.693975000000000009e+01 1.085167999999999910e+00 -1.539125999999999994e+00 -1.656017999999999990e+00 4.360567000000000193e-01 -6.673776000000000153e+00 -1.115604000000000084e+01 1.579807000000000017e-01 -3.859806999999999988e+00 -2.311554999999999804e+00 4.340100999999999765e+00 5.768683000000000005e-01
-1.739018000000000086e+01 4.367207999999999757e+00 4.140610000000000124e-01 -1.444078999999999890e+00 3.449279999999999902e+00 -3.419414000000000176e+00 -1.310490000000000066e+01 -4.415900999999999854e+00 -4.071197999999999873e+00 -3.086095999999999950e+00 4.215752000000000166e+00 1.068961000000000050e+00
-1.783407000000000053e+01 4.056283999999999779e+00 -5.550085999999999631e-01 -5.200302999999999898e+00 -7.536618000000000483e-02 -1.731346000000000052e+00 -6.112282000000000437e+00 -3.900592000000000059e+00 -6.511968999999999674e+00 -2.793305000000000149e+00 3.764101999999999837e+00 3.150349999999999984e+00
-1.730883000000000038e+01 5.228505000000000180e+00 4.037426000000000070e-01 -1.152444000000000024e+00 9.896447000000000438e-01 -5.261128000000000249e+00 -1.117939999999999934e+01 -4.180106999999999573e+00 -1.141366000000000103e+00 -1.290979000000000099e+00 5.598501999999999867e+00 1.638584999999999958e+00
-1.687210999999999927e+01 2.872904000000000124e+00 -2.463481999999999950e+00 -4.273289000000000115e+00 -2.083425999999999778e+00 -2.576401999999999859e+00 -6.524650000000000283e+00 -5.712955000000000005e+00 1.548470000000000013e+00 1.184792000000000067e-01 6.032712000000000074e+00 2.092249999999999943e+00
-5.670806999999999931e+00 9.679448000000000718e+00 -7.441792000000000407e-01 -5.736717999999999762e+00 -1.316745000000000054e+00 4.289469000000000420e+00 1.142052999999999985e+00 1.302572000000000063e+00 4.914340000000000153e+00 -4.262418000000000262e+00 -2.836498999999999882e+00 -6.229595999999999467e-01
-2.165840999999999905e+00 1.059653999999999918e+01 -2.615248999999999935e+00 -1.323384000000000071e+01 -2.695955000000000101e+00 2.702334000000000014e+00 8.502971999999999753e-01 8.321051000000000419e-01 1.070004999999999917e+01 -4.513612000000000180e+00 -3.689249999999999918e+00 2.423852999999999813e+00
-1.298640000000000017e+00 1.180072999999999972e+01 -2.316444999999999865e+00 -1.038624000000000080e+01 -2.558577999999999797e+00 1.035106999999999999e+00 3.835554000000000130e+00 2.981118999999999852e-01 8.602182000000000883e+00 -2.802655999999999814e+00 -5.677821999999999925e+00 3.639278000000000013e+00
-1.358800999999999926e+00 1.006878000000000029e+01 -4.757606000000000002e+00 -1.125370000000000026e+01 -2.289718000000000142e+00 3.005132000000000136e+00 3.821728999999999932e+00 -5.146488999999999647e-01 9.457516999999999285e+00 -3.812912999999999997e+00 -5.507725999999999900e+00 3.134752999999999901e+00
-2.715402000000000093e+00 1.394100000000000072e+01 5.069266000000000050e-01 -1.068181000000000047e+01 -4.381202000000000041e+00 -4.453745000000000065e-01 5.536988000000000021e+00 1.134414999999999951e+00 1.047924000000000078e+01 -5.057919000000000054e+00 -6.253820000000000157e+00 5.258411999999999864e+00
-3.125935000000000130e+00 1.435656999999999961e+01 1.396028999999999964e+00 -1.051717000000000013e+01 -2.241206000000000031e+00 1.974965999999999999e+00 4.251259000000000121e+00 -7.799639000000000433e-01 1.025669000000000075e+01 -6.405142999999999809e+00 -7.714920000000000222e+00 7.437225999999999893e+00
-3.520882999999999985e+00 1.334539000000000009e+01 2.362518999999999814e+00 -7.690584999999999560e+00 -1.769228000000000023e+00 -9.512635999999999870e-01 7.574990999999999808e+00 -1.244451999999999892e+00 8.099866000000000454e+00 -7.225473000000000035e+00 -7.981309000000000431e+00 5.953716000000000008e+00
-3.180486000000000146e+00 1.356253000000000064e+01 1.106683000000000083e+00 -6.693508999999999709e+00 -1.369791999999999899e+00 2.341841000000000061e-01 6.364106999999999736e+00 -2.572147999999999879e+00 8.544973999999999847e+00 -8.727798999999999197e+00 -7.042880000000000251e+00 5.278529999999999944e+00
-3.130923000000000123e+00 1.423474000000000039e+01 1.483305000000000096e+00 -1.026975999999999978e+01 -7.726785000000000458e-01 6.240210999999999952e-01 6.288784999999999847e+00 -3.235809000000000157e+00 9.174265999999999366e+00 -7.919076999999999700e+00 -8.072801999999999367e+00 5.830523000000000344e+00
-3.010599000000000025e+00 1.405167999999999928e+01 2.202153000000000027e+00 -9.059431000000000012e+00 -1.597847000000000017e+00 -2.265430999999999973e+00 8.252418000000000475e+00 -4.474942999999999671e+00 6.165945999999999927e+00 -4.912491000000000163e+00 -7.388377000000000194e+00 6.227678000000000047e+00
-2.980674000000000046e+00 1.372357000000000049e+01 2.987642000000000131e+00 -7.204088999999999743e+00 -1.668122000000000105e+00 -3.202020000000000088e+00 2.508826000000000001e+00 -6.476800000000000335e-01 4.926898000000000444e+00 -3.985104999999999897e+00 -3.840136999999999912e+00 3.303831999999999880e+00
-2.226315000000000044e+00 1.379293000000000013e+01 5.408912999999999638e-01 -7.668252999999999986e+00 -2.103829000000000171e+00 -3.118659000000000070e+00 3.961409000000000180e+00 -4.514964000000000199e-01 5.194452000000000069e+00 -3.157681000000000182e+00 -7.014319000000000415e+00 2.297270000000000145e+00
-3.237530000000000019e+00 1.438643000000000072e+01 3.681554000000000215e+00 -9.318661999999999779e+00 -3.871592999999999840e+00 -5.768651000000000195e+00 3.866064000000000167e+00 2.790951999999999877e+00 6.058506000000000391e+00 -5.486786000000000385e+00 -6.244468000000000352e+00 2.129547000000000079e+00
-2.800189000000000039e+00 1.539368999999999943e+01 3.669086000000000070e+00 -8.492801000000000045e+00 -3.742376999999999843e+00 -9.547292000000000556e+00 2.474978000000000122e+00 2.223326999999999831e+00 9.790300999999999476e+00 -1.687278999999999973e+00 -7.244315000000000282e+00 -2.249845999999999790e-03
-2.055492999999999792e+00 1.393647999999999954e+01 3.190570000000000128e+00 -7.257074000000000247e+00 -4.786531000000000091e+00 -9.021788000000000807e+00 2.076708999999999916e-01 3.543550000000000200e+00 1.104538999999999938e+01 -1.017535999999999996e+00 -7.891839000000000048e+00 -1.129518999999999940e+00
-2.279929999999999790e+00 1.484120000000000061e+01 4.255085000000000228e+00 -7.246127000000000429e+00 -9.314527999999999253e+00 -9.607768999999999338e+00 7.349295999999999607e-01 8.097625999999999991e+00 1.035505999999999993e+01 -2.488261000000000056e+00 -6.042275000000000063e+00 -1.115051999999999932e+00
-2.191714000000000162e+00 1.475464999999999982e+01 4.419318999999999775e+00 -8.475284999999999513e+00 -8.656660000000000466e+00 -1.025913000000000075e+01 -1.114290000000000003e+00 1.207623000000000069e+01 9.844718999999999554e+00 -5.720889999999999809e+00 -2.713160999999999934e+00 -3.804172000000000109e-01
-1.999384000000000050e+00 1.549441999999999986e+01 4.323444000000000287e+00 -7.230362000000000400e+00 -9.567064999999999486e+00 -1.151895000000000024e+01 5.814238999999999935e-01 1.066857000000000077e+01 9.587979000000000696e+00 -3.857412000000000063e+00 -2.523099999999999898e+00 4.589697999999999695e-02
-2.277747999999999884e+00 1.610872000000000170e+01 6.401310999999999751e+00 -6.913330000000000197e+00 -1.252452000000000076e+01 -8.676901000000000863e+00 -3.062667999999999946e+00 1.144396000000000058e+01 1.176678000000000068e+01 -5.862771000000000399e+00 -6.146473000000000075e-01 1.052006999999999914e+00
-1.974134000000000055e+00 1.656350000000000122e+01 6.759445999999999621e+00 -7.356036999999999715e+00 -1.196549000000000085e+01 -1.011734000000000044e+01 -3.628064999999999873e+00 9.486978999999999829e+00 1.207793999999999990e+01 -1.572160999999999920e+00 -6.813711999999999547e-01 3.567039000000000182e-01
-1.807676999999999978e+00 1.756050000000000111e+01 8.745737999999999346e+00 -5.961794000000000260e+00 -1.490118999999999971e+01 -1.371781000000000006e+01 -2.975903999999999883e+00 1.108149000000000051e+01 1.152818000000000076e+01 -3.239907999999999788e+00 1.809834999999999916e-01 6.964441999999999577e-01
-2.223198000000000008e+00 1.727852999999999994e+01 8.811517999999999518e+00 -5.603600000000000136e+00 -1.244018999999999942e+01 -1.002211999999999925e+01 -6.337297000000000402e+00 6.901466000000000101e+00 1.050331000000000081e+01 -1.604406999999999917e+00 3.242696000000000023e+00 3.715905999999999931e+00
-2.235355000000000203e+00 1.787474999999999881e+01 9.918594999999999828e+00 -5.401294000000000040e+00 -1.366705999999999932e+01 -1.006053999999999959e+01 -6.566601999999999606e+00 7.075229000000000212e+00 1.062296000000000085e+01 -2.138396000000000186e+00 2.729378000000000082e+00 2.430860000000000021e+00
-2.735351999999999784e+00 1.841395999999999944e+01 1.074192000000000036e+01 -4.758471000000000117e+00 -1.217088000000000036e+01 -1.150547000000000075e+01 -8.823897999999999797e+00 4.390316000000000329e+00 1.002122999999999919e+01 2.801642000000000188e+00 9.786361999999999561e-01 3.165494999999999948e+00
-2.621885999999999939e+00 1.813380000000000081e+01 1.034637999999999991e+01 -3.892761999999999833e+00 -1.169844999999999935e+01 -9.926095000000000113e+00 -8.570280000000000342e+00 2.571600000000000108e+00 6.126528999999999670e+00 1.283193000000000028e+00 4.289047000000000054e+00 4.288467999999999947e+00
-2.894639999999999880e+00 1.954938999999999893e+01 1.028919999999999924e+01 -2.205569999999999808e+00 -1.238216000000000072e+01 -1.064978999999999942e+01 -8.919244000000000838e+00 2.424742000000000175e+00 7.007327000000000083e+00 1.218056999999999945e+00 5.639699000000000240e+00 1.528277000000000108e+00
-3.008729000000000209e+00 1.921192999999999884e+01 9.716957000000000733e+00 -2.315919000000000061e+00 -1.159734000000000087e+01 -1.151159999999999961e+01 -8.777179999999999538e+00 2.989377999999999869e+00 7.466039999999999566e+00 2.806750000000000078e-01 5.852759999999999962e+00 2.354006000000000043e+00
-3.349436999999999998e+00 1.871794999999999831e+01 1.020579000000000036e+01 -2.717464000000000102e+00 -1.044436999999999927e+01 -1.215601000000000020e+01 -1.253569000000000067e+01 2.957987999999999840e+00 7.631386000000000003e+00 2.857426999999999939e+00 4.778859999999999886e+00 2.468157000000000156e+00
-3.301121000000000194e+00 1.902013000000000176e+01 1.058112000000000030e+01 -2.804603999999999875e+00 -1.290128999999999948e+01 -1.370392000000000010e+01 -8.293302999999999869e+00 2.099264999999999937e+00 6.634775999999999563e+00 2.186393999999999949e+00 4.890825000000000422e+00 2.295687000000000033e+00
-3.524623000000000062e+00 1.843145000000000167e+01 1.000286000000000008e+01 -8.573056999999999483e-01 -1.165900000000000070e+01 -1.171059999999999945e+01 -9.777350000000000207e+00 2.074600999999999917e+00 6.848608999999999725e+00 2.985441999999999929e+00 4.757376999999999967e+00 3.718486999999999765e-01
-3.610345999999999833e+00 1.698509999999999920e+01 9.312818999999999292e+00 1.350538000000000016e+00 -1.318782999999999994e+01 -1.350164000000000009e+01 -9.729677000000000575e+00 2.295821999999999807e+00 7.861614000000000324e+00 1.399599999999999955e+00 5.459494000000000291e+00 2.351068000000000158e+00
-4.103485000000000049e+00 1.828066000000000102e+01 9.941382000000000829e+00 -2.683432000000000039e-01 -1.204484000000000066e+01 -1.104819999999999958e+01 -9.057017000000000095e+00 7.895052000000000181e-01 4.177609000000000350e+00 3.593544000000000183e-01 5.062688999999999773e+00 3.835256000000000220e+00
-3.884970000000000034e+00 1.860968000000000089e+01 9.778007999999999811e+00 -2.913638999999999868e+00 -1.200177000000000049e+01 -8.798265000000000668e+00 -1.187875999999999976e+01 -1.893540000000000001e+00 6.110482000000000191e+00 1.656919999999999948e+00 4.169753000000000043e+00 1.940350000000000019e+00
-7.641804999999999737e+00 1.469553999999999938e+01 5.782638000000000389e+00 -9.602100000000000080e-01 -4.654142000000000223e+00 -4.290212999999999610e+00 -9.446979000000000681e+00 -3.968602000000000185e+00 9.352249000000000256e-01 1.782677999999999985e+00 2.116985000000000117e+00 1.353094999999999937e+00
-7.250286000000000008e+00 1.491629999999999967e+01 8.296886999999999901e+00 1.248824000000000045e-01 -8.872927000000000675e+00 -6.747739000000000154e+00 -1.196027999999999913e+01 -2.309823000000000182e+00 4.287840000000000096e+00 2.071921999999999819e+00 5.500689999999999635e+00 3.448725000000000041e+00
-7.908636000000000443e+00 1.342229000000000028e+01 4.206932000000000116e+00 -2.272130000000000205e+00 -9.097355000000000302e+00 -9.221610000000000085e+00 -1.237312000000000012e+01 -3.731686999999999976e+00 4.538300999999999696e+00 2.298608999999999902e+00 7.122281000000000084e+00 4.530332999999999721e+00
-1.449930999999999948e+01 4.696526999999999674e+00 -3.539175000000000182e+00 -2.535302000000000167e+00 -4.908039999999999736e+00 -3.915087000000000206e+00 -6.566601999999999606e+00 -6.267873999999999945e+00 -3.922595999999999972e+00 2.122225999999999946e+00 6.664312999999999931e+00 4.179064999999999586e+00
-2.170250000000000057e+01 -1.365115000000000078e-01 -3.662996000000000141e+00 1.708293999999999979e+00 3.211704000000000114e+00 6.313025999999999804e+00 2.085494000000000181e+00 4.565535000000000010e-01 -4.287044999999999884e-01 4.241734000000000115e+00 7.379318999999999740e+00 5.335492999999999597e+00
-2.172682000000000002e+01 -8.433905999999999348e-02 -4.357338000000000378e+00 -6.134007999999999683e-01 1.958536999999999972e+00 5.829610999999999876e+00 3.023690000000000211e+00 1.085461999999999927e+00 -3.966120000000000201e-01 3.801902999999999810e+00 7.788508000000000209e+00 4.221560000000000201e+00
