-6.633588000000000262e-01 5.790771999999999586e+00 3.018355999999999817e-01 -9.717205999999999122e+00 -8.544140000000000512e+00 -2.290017999999999887e+00 1.903354999999999908e+00 8.852653999999999357e+00 8.928027000000000157e+00 -1.489212000000000025e+01 -2.314366000000000145e+00 5.625250999999999557e+00
-2.802171999999999996e-01 8.367025999999999186e+00 -2.985764000000000085e+00 -1.076365000000000016e+01 -5.742046000000000205e+00 -2.893199000000000076e+00 1.378039999999999932e+00 9.496195999999999415e+00 7.556395000000000195e+00 -1.327659000000000056e+01 -6.445141999999999705e+00 5.971781000000000006e+00
-3.633642999999999734e-01 8.977648999999999546e+00 -2.705494999999999983e+00 -1.069952999999999932e+01 -5.151705999999999896e+00 -5.786660000000000359e+00 5.944315999999999711e+00 8.089145000000000252e+00 5.190328000000000053e+00 -1.489086999999999961e+01 -5.727800000000000225e+00 7.402135000000000353e+00
-1.418605000000000005e-01 9.312056999999999363e+00 -2.010963999999999974e+00 -1.136449999999999960e+01 -5.586043000000000092e+00 -3.092859999999999943e+00 3.318217000000000194e+00 8.678129999999999455e+00 4.958414000000000321e+00 -1.326313999999999993e+01 -5.802018999999999593e+00 5.742405999999999899e+00
-2.792195000000000094e-01 1.039896000000000065e+01 -2.515448999999999824e+00 -1.234399999999999942e+01 -3.652625000000000011e+00 -5.556953000000000031e+00 5.269866000000000383e+00 8.201876000000000388e+00 6.109562000000000381e+00 -1.324249999999999972e+01 -7.415002000000000315e+00 6.021494999999999820e+00
-8.033173999999999870e-02 1.090418999999999983e+01 -1.336012999999999895e+00 -1.356788000000000061e+01 -5.356300000000000061e+00 -2.343649000000000093e+00 3.376532999999999785e+00 7.361264000000000252e+00 7.914944000000000202e+00 -1.358680999999999983e+01 -6.791394000000000375e+00 4.682526000000000188e+00
-2.359829999999999983e-01 1.092792999999999992e+01 -1.211619999999999919e+00 -1.360941000000000045e+01 -5.650831000000000159e+00 -3.150689999999999991e+00 4.137499000000000038e+00 7.765146999999999800e+00 9.218595999999999790e+00 -1.556353999999999971e+01 -7.217778000000000027e+00 6.063896999999999871e+00
-7.142448000000000130e-01 1.132690999999999981e+01 -7.985101999999999478e-01 -1.284967999999999932e+01 -6.517375000000000362e+00 -3.666640999999999817e+00 3.212581000000000131e+00 8.664211999999999136e+00 7.600010000000000154e+00 -1.374222999999999928e+01 -6.182570000000000121e+00 4.740647000000000055e+00
-5.685712000000000543e-01 1.151945000000000086e+01 1.593972999999999918e-01 -1.443890000000000029e+01 -8.233838000000000434e+00 -2.952967999999999815e+00 4.400873999999999953e+00 1.053721999999999959e+01 5.934498999999999747e+00 -1.518295999999999957e+01 -3.042056999999999789e+00 2.296837000000000018e+00
-1.010580999999999952e+00 1.156577000000000055e+01 -7.228757999999999573e-01 -1.372958000000000034e+01 -5.729686000000000057e+00 -5.108202000000000353e+00 2.272367000000000026e+00 9.535441999999999751e+00 9.350647000000000375e+00 -1.405902000000000029e+01 -6.824806999999999846e+00 3.486848000000000170e+00
-6.843118999999999730e-01 1.050985000000000014e+01 -1.239263000000000003e+00 -1.440019000000000027e+01 -5.314529000000000281e+00 -4.294375999999999749e+00 2.640899999999999803e+00 9.748101000000000127e+00 6.165811999999999848e+00 -1.404119999999999990e+01 -6.974426000000000236e+00 4.333802000000000376e+00
-1.363456999999999919e+00 1.271984999999999921e+01 6.957486999999999977e-01 -1.493248999999999960e+01 -7.625594999999999679e+00 -5.314969999999999750e+00 1.022890000000000077e+00 1.134943999999999953e+01 7.604220999999999897e+00 -1.456845000000000034e+01 -6.285173999999999594e+00 4.110091999999999857e+00
-9.593623000000000012e-01 1.237298999999999971e+01 -2.671498999999999957e-01 -1.476351999999999975e+01 -7.457231000000000165e+00 -5.784721000000000224e+00 2.098224999999999951e-01 1.024718000000000018e+01 7.841249000000000358e+00 -1.220956999999999937e+01 -4.579343999999999859e+00 2.121926000000000201e+00
-1.418666999999999900e+00 1.217060999999999993e+01 4.876581999999999861e-01 -1.357996999999999943e+01 -7.995143999999999807e+00 -9.357608000000000814e+00 1.824964000000000031e+00 1.092550999999999917e+01 7.023684000000000260e+00 -1.007116000000000078e+01 -5.737557999999999936e+00 3.893692999999999849e+00
-2.005351999999999801e+00 1.368717000000000006e+01 3.137375000000000025e-01 -1.553011000000000053e+01 -6.385240999999999723e+00 -1.124953999999999965e+01 3.855960000000000054e+00 7.827776000000000067e+00 8.091210999999999487e+00 -8.454375999999999891e+00 -7.230196000000000289e+00 4.378396999999999650e+00
-1.129647000000000068e+00 1.462698999999999927e+01 4.319881999999999889e-01 -1.355658999999999992e+01 -9.111888999999999683e+00 -1.172218999999999944e+01 2.731240999999999808e+00 8.764139000000000124e+00 7.569028000000000311e+00 -7.818293999999999855e+00 -5.337195000000000356e+00 2.088296999999999848e+00
-1.109691999999999901e+00 1.453115999999999985e+01 5.817212000000000494e-01 -1.410904000000000025e+01 -1.051975999999999978e+01 -1.139523999999999937e+01 3.757972000000000090e+00 9.596401000000000181e+00 5.980220000000000091e+00 -9.608330000000000481e+00 -4.666572999999999638e+00 3.309744999999999937e+00
-8.140212000000000003e-01 1.478767999999999994e+01 1.106171000000000015e+00 -1.302186999999999983e+01 -1.123071999999999981e+01 -1.288364999999999938e+01 2.246077000000000101e+00 1.235177000000000014e+01 6.220856999999999637e+00 -1.052679999999999971e+01 -4.016352000000000366e+00 1.524818999999999924e+00
-6.610306999999999711e-01 1.517073000000000071e+01 1.826041000000000025e+00 -1.341383000000000081e+01 -1.066468000000000060e+01 -1.336245000000000083e+01 2.339764000000000177e+00 1.073066999999999993e+01 5.303126999999999924e+00 -8.187309000000000836e+00 -4.332443999999999740e+00 1.512207000000000079e+00
-9.773220000000000240e-01 1.723683000000000121e+01 4.236742999999999704e+00 -1.300655000000000072e+01 -1.382352999999999987e+01 -1.499365000000000059e+01 2.306782000000000110e+00 1.250235999999999947e+01 6.428105999999999653e+00 -8.529429000000000372e+00 -4.443919000000000175e+00 6.749406000000000017e-01
-8.599183999999999717e-01 1.685986000000000118e+01 5.974797999999999831e+00 -1.050999999999999979e+01 -1.552124000000000059e+01 -1.464053000000000004e+01 -4.995204999999999784e-01 1.122556999999999938e+01 7.289588000000000179e+00 -7.529650000000000176e+00 -2.740454000000000168e+00 9.916800999999999533e-01
-6.663521000000000027e-01 1.773742999999999981e+01 5.460714000000000290e+00 -1.063097999999999921e+01 -1.530258000000000074e+01 -1.285812999999999917e+01 -2.309683999999999848e+00 1.050882999999999967e+01 5.698974999999999902e+00 -4.770481000000000193e+00 -2.253157999999999994e+00 -6.117561000000000249e-01
-1.261352000000000029e+00 1.789116999999999891e+01 5.274123999999999590e+00 -8.263476000000000710e+00 -1.219743000000000066e+01 -1.416592999999999947e+01 -2.534819000000000155e+00 6.629764999999999908e+00 5.007743999999999751e+00 -4.455879999999999619e+00 -2.257298000000000027e+00 2.000385000000000080e+00
-1.541058999999999957e+00 1.866278000000000148e+01 5.927573999999999899e+00 -6.310113999999999557e+00 -1.158492999999999995e+01 -1.701707000000000036e+01 -3.104109999999999925e+00 7.068163000000000196e+00 5.529326000000000185e+00 -2.223027000000000086e+00 -2.549142999999999937e+00 1.469988000000000072e+00
-1.645159000000000038e+00 1.971349000000000018e+01 6.764927000000000135e+00 -6.439962000000000408e+00 -1.207510000000000083e+01 -1.639515000000000100e+01 -3.629903000000000102e+00 5.277548999999999602e+00 6.279812999999999867e+00 -1.042178999999999967e+00 -3.339815999999999896e+00 1.587326000000000015e+00
-1.296273999999999926e+00 1.883013000000000048e+01 6.163692000000000171e+00 -5.607645999999999908e+00 -1.128229999999999933e+01 -1.555095999999999989e+01 -3.255155999999999938e+00 3.309347999999999956e+00 4.357421999999999684e+00 3.000341000000000258e-01 -1.886208000000000107e+00 1.533042999999999934e+00
-1.003263999999999934e+00 1.999520000000000053e+01 6.070780000000000065e+00 -6.998872000000000426e+00 -1.154273000000000060e+01 -1.540783000000000058e+01 -4.464958000000000204e+00 6.610280999999999629e+00 3.131374999999999797e+00 -1.503447999999999896e+00 -5.289952999999999461e-01 1.179750000000000076e+00
-1.175545000000000062e+00 2.020511000000000124e+01 7.298591000000000051e+00 -6.112519999999999953e+00 -1.443646000000000029e+01 -1.482015999999999956e+01 -1.701197000000000070e+00 3.606066999999999911e+00 3.199053999999999842e+00 -3.288549000000000055e-01 -2.723370999999999986e-01 1.477846999999999911e+00
-1.626201999999999925e+00 1.898473999999999862e+01 7.800389000000000017e+00 -4.443856000000000250e+00 -1.256612999999999936e+01 -1.543981999999999921e+01 -5.864047000000000232e+00 5.126127000000000322e+00 4.966535000000000366e+00 -5.633981999999999601e-01 1.048802000000000012e+00 2.404122000000000092e+00
-1.245387999999999940e+00 1.919811999999999941e+01 7.163447999999999816e+00 -4.951149000000000022e+00 -1.233296999999999954e+01 -1.457203999999999944e+01 -6.886954000000000242e+00 5.923038000000000025e+00 6.357419000000000153e+00 4.041714000000000140e-01 5.319371000000000516e-01 -2.807606999999999742e-01
-1.637177000000000104e+00 1.854436000000000107e+01 7.534324999999999939e+00 -4.124075999999999631e+00 -1.021584999999999965e+01 -1.601554000000000144e+01 -5.830587000000000408e+00 4.917921999999999905e+00 3.701986000000000221e+00 2.962571000000000065e+00 2.300386000000000097e-01 2.006599000000000022e+00
-1.687729999999999952e+00 2.098539999999999850e+01 7.826112000000000180e+00 -4.620884000000000214e+00 -1.351195000000000057e+01 -1.679641000000000162e+01 -4.766094999999999970e+00 6.178562000000000332e+00 5.286583000000000254e+00 1.245713000000000070e+00 1.445616000000000012e+00 -6.527555000000000163e-02
-1.750256999999999952e+00 1.990138999999999925e+01 7.472127999999999659e+00 -3.634929000000000077e+00 -1.213007999999999953e+01 -1.749521999999999977e+01 -5.290454000000000434e+00 6.319963000000000442e+00 5.373814000000000313e+00 1.701843999999999926e-02 2.921104999999999841e+00 1.812862999999999891e+00
-1.770877000000000034e+00 1.957479999999999976e+01 7.120830999999999911e+00 -3.817603000000000080e+00 -1.000145000000000017e+01 -1.613314000000000092e+01 -5.145622000000000362e+00 5.460422999999999583e+00 4.564068999999999932e+00 7.897606999999999822e-01 -3.054543000000000119e-01 3.193321000000000076e+00
-2.764317999999999831e+00 2.050043000000000148e+01 8.409304000000000556e+00 -3.914384000000000086e+00 -1.047542999999999935e+01 -1.604623000000000133e+01 -5.186251000000000388e+00 5.515814999999999912e+00 5.123550999999999966e+00 -4.620754999999999724e-01 -6.756569999999999521e-01 1.565941999999999945e+00
-1.949810000000000043e+00 1.875947999999999993e+01 7.295519999999999783e+00 -5.754026999999999781e+00 -1.167444000000000059e+01 -1.397047000000000061e+01 -3.866032000000000135e+00 8.413978000000000179e+00 4.610693000000000374e+00 -2.150161999999999907e+00 -2.981145000000000156e+00 -1.140690999999999899e+00
-1.521104000000000012e+00 1.849542999999999893e+01 4.936649000000000065e+00 -6.827488999999999919e+00 -1.289390000000000036e+01 -1.384092000000000056e+01 -1.677775999999999934e+00 1.202303999999999995e+01 3.858099000000000167e+00 -5.304615000000000080e+00 -3.439462999999999937e+00 -2.794937000000000005e+00
-2.906000999999999834e+00 1.755011000000000010e+01 5.867296999999999763e+00 -6.845232000000000205e+00 -1.019069999999999965e+01 -1.243684000000000012e+01 -9.952001999999999793e-01 1.095501999999999931e+01 1.874646000000000035e+00 -6.603984999999999772e+00 -4.929143999999999970e+00 -1.006537999999999933e+00
-3.687250999999999834e+00 1.460209000000000046e+01 7.171509999999999607e+00 -8.932071000000000538e+00 -6.965778000000000247e+00 -7.790371000000000379e+00 -4.072525999999999868e+00 1.072481999999999935e+01 -1.320416000000000034e+00 -7.313244000000000078e+00 -2.255523999999999862e+00 -3.423664000000000041e+00
-5.797189999999999621e+00 1.188165000000000049e+01 1.008630999999999922e+01 -9.190153000000000461e+00 -3.539670999999999790e+00 -5.642244999999999955e+00 -3.040058000000000149e+00 1.010133000000000081e+01 -6.206557000000000102e+00 -1.471105000000000018e+01 -2.909587999999999841e+00 5.374856000000000300e+00
-7.423212999999999617e+00 1.101942999999999984e+01 1.012010000000000076e+01 -6.376248000000000360e+00 -2.034196000000000115e+00 -4.988663999999999987e+00 -3.534304000000000112e+00 5.520546000000000397e+00 -4.743180999999999869e+00 -1.504129000000000005e+01 -1.277384000000000075e+00 6.267502000000000351e+00
-9.093472000000000222e+00 1.244219000000000008e+01 1.205780000000000030e+01 -6.676671999999999940e+00 3.903734000000000037e+00 -6.242195999999999856e+00 -7.363036000000000136e+00 4.311957999999999736e+00 -2.026987000000000094e+00 -1.094054000000000038e+01 -2.857842000000000215e+00 6.617140000000000022e+00
-1.065762999999999927e+01 1.065085000000000015e+01 1.492652999999999963e+01 -1.999330999999999969e+00 6.829862999999999573e+00 -4.264330000000000176e+00 -1.060144999999999982e+01 2.983680000000000110e+00 -3.160388999999999893e+00 -8.632004000000000232e+00 -2.209691999999999990e+00 4.533750999999999642e+00
-1.190318000000000076e+01 7.621482000000000312e+00 1.508164000000000016e+01 3.361120999999999803e+00 1.052534999999999954e+01 -6.396625000000000227e+00 -1.471696999999999989e+01 5.091054999999999886e+00 1.468269999999999964e+00 -8.669218000000000757e+00 -7.678461000000000425e+00 -7.566922999999999844e-01
-1.139465000000000039e+01 6.873910999999999660e+00 1.618121999999999971e+01 7.324703000000000408e+00 1.168088000000000015e+01 -8.523106000000000293e+00 -1.793578000000000117e+01 6.504786000000000179e+00 5.273348000000000368e+00 -8.392143000000000796e+00 -1.058774999999999977e+01 -1.746572000000000013e+00
-1.005465000000000053e+01 1.012824999999999953e+01 1.480943000000000076e+01 7.717471999999999888e+00 1.181089000000000055e+01 -9.176040000000000418e+00 -1.382408000000000037e+01 9.320835999999999899e+00 5.603322000000000358e+00 -8.280500999999999223e+00 -1.281517000000000017e+01 -4.575477000000000238e+00
-1.138599999999999923e+01 8.602126000000000161e+00 1.865642000000000067e+01 1.039427000000000056e+01 9.670742999999999867e+00 -8.643611999999999185e+00 -1.101204000000000072e+01 7.587005000000000443e+00 4.839298000000000322e+00 -9.081075999999999482e+00 -1.125747999999999927e+01 1.487475000000000047e-01
-1.034068000000000076e+01 1.307568000000000019e+01 1.498220000000000063e+01 9.541791999999999163e+00 1.104748999999999981e+01 -5.164094000000000406e+00 -9.582839999999999137e+00 3.877457000000000154e+00 -1.034358000000000111e+00 -5.518830999999999598e+00 -5.096799999999999997e+00 -2.220095000000000054e-03
-9.846451000000000064e+00 1.417619000000000007e+01 1.555310000000000059e+01 8.409454999999999458e+00 1.079005000000000081e+01 -3.634656999999999805e+00 -6.538018000000000107e+00 3.136214999999999975e+00 -2.590078999999999798e+00 -4.755156999999999634e+00 -3.876787000000000205e+00 7.602940000000000254e-01
-1.020098999999999911e+01 1.445733000000000068e+01 1.587214999999999954e+01 8.049753000000000824e+00 1.109309999999999974e+01 -2.852815000000000101e+00 -7.528900000000000148e+00 1.611979999999999968e+00 -7.377728999999999537e-01 -2.694303000000000115e+00 -3.945682999999999829e+00 5.161139999999999617e-01
-1.036030000000000051e+01 1.408151999999999937e+01 1.550433999999999912e+01 7.777960000000000207e+00 1.241188000000000002e+01 -1.219348000000000098e+00 -6.415174000000000376e+00 1.994429999999999925e+00 -1.126703000000000010e+00 -2.021945000000000103e+00 -1.955399000000000109e+00 -9.705325000000000202e-01
-1.030343000000000053e+01 1.396049000000000007e+01 1.634477000000000046e+01 8.690120000000000289e+00 1.020609999999999928e+01 2.312508999999999926e+00 -6.018917000000000073e+00 -1.298151999999999973e+00 -2.021873999999999949e+00 -3.443277999999999839e+00 -1.963678999999999952e+00 -7.337638999999999967e-03
-1.092037999999999975e+01 1.395209000000000010e+01 1.784478999999999971e+01 8.090481999999999729e+00 1.001812999999999931e+01 -9.980413000000000201e-01 -2.552505000000000024e+00 3.323544000000000054e+00 -5.482540000000000191e+00 -3.984916999999999820e+00 -3.432366000000000028e+00 6.723229000000000011e-02
-1.105873000000000062e+01 1.296161000000000030e+01 1.725277000000000172e+01 9.486143000000000214e+00 1.164209999999999923e+01 -1.020979999999999999e+00 -5.661855000000000082e+00 1.708844999999999947e+00 -2.519692000000000043e+00 -5.362155999999999700e+00 -2.960151000000000199e+00 8.376054000000000554e-01
-1.078635000000000055e+01 1.211791000000000018e+01 1.747045999999999921e+01 1.089672000000000018e+01 9.656250999999999252e+00 -4.287913999999999781e+00 -4.994098000000000148e+00 3.010679999999999801e+00 -2.431859999999999911e+00 -5.222368000000000343e+00 -2.170660999999999952e+00 7.964822999999999764e-01
-1.091006999999999927e+01 1.217436999999999969e+01 1.833928999999999832e+01 8.418326999999999671e+00 9.314406999999999215e+00 -7.211659999999999737e-01 -6.303322999999999787e+00 1.608918000000000070e+00 -1.699419999999999931e+00 -2.791560000000000041e+00 -5.313244000000000078e+00 -1.237559000000000076e+00
-1.021995000000000076e+01 1.154810999999999943e+01 1.842836000000000141e+01 8.227588000000000790e+00 6.720746000000000109e+00 -9.537799999999999612e-01 -5.516544999999999810e+00 1.507598999999999911e+00 -3.527661999999999853e+00 -4.514672000000000018e+00 -4.032614999999999839e+00 1.556619999999999893e+00
-9.945230000000000459e+00 1.083151999999999937e+01 1.867638000000000176e+01 9.696239000000000274e+00 7.772701999999999778e+00 -3.841747999999999941e+00 -7.734436999999999784e+00 3.635292999999999886e+00 -2.430356000000000183e+00 -8.031259999999999621e+00 -5.126665000000000028e+00 1.365078000000000014e+00
-9.518186999999999287e+00 1.194969000000000037e+01 1.824522999999999939e+01 8.043300999999999590e+00 7.972609000000000279e+00 -5.592813999999999730e+00 -1.007038999999999973e+01 2.069583999999999868e+00 -8.707249999999999712e-01 -6.129895000000000316e+00 -7.119905000000000150e+00 1.953536999999999912e-01
-9.391137999999999764e+00 1.123049999999999926e+01 2.053268999999999878e+01 8.473573000000000022e+00 8.253073999999999799e+00 -8.492414000000000129e+00 -1.304399000000000086e+01 2.599280999999999953e+00 -2.940978000000000203e-01 -7.752309000000000339e+00 -8.879253999999999536e+00 5.409705999999999682e-01
-8.685385999999999385e+00 1.061205999999999960e+01 2.053806000000000154e+01 7.592060000000000031e+00 7.108622999999999692e+00 -7.766462999999999894e+00 -1.517966999999999977e+01 2.841444000000000081e+00 -8.156792000000000487e-01 -1.003926000000000052e+01 -7.143856000000000428e+00 -1.459624000000000033e+00
-8.229074000000000666e+00 1.036276999999999937e+01 2.217475999999999914e+01 4.553543000000000340e+00 4.337219000000000158e+00 -9.952389000000000152e+00 -1.770539000000000129e+01 4.483141999999999960e+00 1.531136000000000053e+00 -1.123825000000000074e+01 -6.836929999999999730e+00 1.120107999999999937e-01
-6.885750999999999955e+00 1.005180999999999969e+01 1.840109999999999957e+01 4.428130999999999595e+00 3.569989000000000079e+00 -1.291693000000000069e+01 -1.768196999999999974e+01 3.052153999999999812e+00 5.206871999999999723e+00 -6.982069000000000081e+00 -7.019961999999999591e+00 2.382007000000000208e+00
-6.226893999999999707e+00 9.290343000000000018e+00 1.737217000000000056e+01 4.381756000000000206e+00 7.427483000000000279e-01 -1.444927000000000028e+01 -1.818147000000000091e+01 4.385163999999999618e+00 6.759284000000000070e+00 -4.490904999999999703e+00 -5.187575999999999965e+00 8.997469999999999635e-01
-6.939297999999999966e+00 9.935420000000000584e+00 1.710726000000000013e+01 1.369046999999999903e+00 3.837667000000000161e+00 -1.552155999999999914e+01 -2.024401999999999902e+01 5.759674000000000182e-01 9.292291999999999774e+00 -2.427862000000000187e+00 -5.862930000000000419e+00 2.195034000000000152e+00
-6.313698999999999728e+00 1.055588999999999977e+01 1.570245000000000068e+01 -1.790439000000000058e-01 4.302266999999999619e+00 -1.461403999999999925e+01 -2.368175000000000097e+01 1.934306999999999999e+00 9.896592999999999307e+00 -3.264086999999999961e+00 -6.632609000000000421e+00 2.185163999999999884e+00
-6.204609999999999737e+00 1.075885000000000069e+01 1.571396999999999977e+01 1.583577999999999930e+00 3.990686999999999873e+00 -1.765740999999999872e+01 -2.538053999999999988e+01 1.895617000000000107e+00 1.221423000000000059e+01 -9.536784000000000372e-01 -7.329547999999999952e+00 1.040661999999999976e+00
-6.511589999999999989e+00 1.023132000000000019e+01 1.594471000000000060e+01 6.242377000000000065e-01 2.295961999999999836e+00 -1.643812000000000140e+01 -2.424530000000000030e+01 2.395252000000000159e+00 1.350585000000000058e+01 -6.334416000000000047e+00 -6.100959999999999717e+00 4.407823999999999742e+00
-6.170685999999999893e+00 1.129883000000000060e+01 1.356894999999999918e+01 -4.959942999999999991e-02 3.074699999999999989e+00 -1.640969000000000122e+01 -2.352927000000000035e+01 2.782156000000000073e+00 1.275717000000000034e+01 -2.028512000000000093e+00 -4.761192999999999564e+00 1.159645000000000037e+00
-6.224897999999999598e+00 1.145082999999999984e+01 1.253885999999999967e+01 -2.936090000000000089e+00 2.248650000000000038e+00 -1.145274999999999999e+01 -2.013025000000000020e+01 9.923764000000000474e-01 9.495630000000000237e+00 -9.087151000000000256e-02 -7.420325000000000060e+00 3.748025999999999858e+00
-6.627329999999999721e+00 1.082948999999999984e+01 1.249817000000000000e+01 -1.724312000000000067e+00 2.145073000000000008e+00 -1.586788999999999916e+01 -1.939223000000000141e+01 4.374587000000000003e+00 9.572032999999999348e+00 5.001778000000000057e-01 -7.495134000000000185e+00 2.008426000000000045e+00
-5.277355000000000018e+00 8.719965000000000188e+00 9.068129000000000772e+00 -4.238188999999999984e-01 1.428139999999999965e+00 -1.228369999999999962e+01 -1.978322999999999965e+01 4.718625000000000291e+00 9.130463999999999913e+00 -2.927907999999999955e+00 -3.212077999999999989e+00 2.897050999999999821e+00
-8.049476999999999549e+00 4.762645000000000017e+00 1.360504000000000069e+01 -1.385578999999999894e+00 2.537212999999999941e+00 -1.279899999999999949e+01 -2.090699000000000041e+01 4.418287000000000297e+00 9.550675999999999277e+00 -1.324570000000000025e+00 -4.774498999999999604e+00 6.683850999999999765e+00
-9.003007000000000204e+00 5.258323999999999998e+00 1.382080999999999982e+01 -1.540421999999999902e-01 1.973298999999999914e+00 -1.404672000000000054e+01 -2.095000999999999891e+01 3.501129999999999853e+00 1.063744999999999941e+01 -2.997715000000000241e-01 -3.698191000000000006e+00 5.389111999999999902e+00
-8.209452000000000638e+00 7.325580999999999676e+00 1.272661000000000087e+01 2.686074000000000073e+00 -1.488185000000000091e+00 -1.273729999999999940e+01 -2.205657000000000068e+01 2.979505000000000070e+00 9.613844000000000278e+00 -1.758944000000000063e+00 -4.101281999999999983e-01 4.744119000000000419e+00
-9.287038000000000793e+00 7.362639999999999851e+00 1.103001000000000076e+01 1.129110999999999976e+00 3.113948000000000271e-01 -1.173898999999999937e+01 -2.210341000000000022e+01 3.116731000000000140e+00 8.618506999999999252e+00 -2.499788999999999817e+00 -4.340790999999999955e-01 4.831483000000000416e+00
-1.471387999999999963e+01 6.510258999999999574e+00 1.627164999999999973e+00 1.472280000000000033e+00 -2.750277999999999778e+00 -4.508574000000000304e+00 -1.305690000000000062e+01 -5.738921000000000383e+00 2.157996999999999943e+00 1.242585999999999968e+00 3.042041999999999913e+00 9.863796999999999704e-01
-2.187616999999999834e+01 2.011225000000000041e+00 -1.111029999999999962e+00 4.666050000000000253e+00 4.699095999999999940e+00 3.514994000000000174e+00 4.747897000000000034e+00 4.364565999999999946e+00 3.954654999999999809e+00 4.930545999999999651e+00 6.562515999999999572e+00 1.319933999999999941e+00
