-1.517740000000000089e+00 8.077863000000000682e+00 -3.292938999999999727e-01 -9.717829999999999302e+00 -7.304380000000000095e+00 -4.521143999999999608e+00 4.751662999999999859e-01 4.984574000000000282e+00 7.781289000000000122e+00 -7.539572999999999858e+00 -4.525083999999999773e-01 4.928772000000000375e+00
-9.249844999999999873e-01 1.092882999999999960e+01 -2.798360000000000181e+00 -1.074844000000000044e+01 -6.727648000000000295e+00 -2.757951999999999959e+00 9.249294000000000127e-01 5.984384000000000370e+00 4.624906000000000184e+00 -6.563959999999999795e+00 -5.176759999999999806e+00 3.563250000000000028e+00
-6.552158999999999622e-01 1.183863999999999983e+01 -3.701114000000000015e+00 -1.071724999999999994e+01 -5.328272000000000119e+00 -4.889857000000000120e+00 -1.322096000000000104e-01 6.283158000000000243e+00 7.809426000000000201e+00 -8.472034000000000731e+00 -5.597557000000000116e+00 4.196502999999999872e+00
-1.108622999999999914e+00 1.214813999999999972e+01 -3.172054999999999847e+00 -1.180943000000000076e+01 -4.406703000000000259e+00 -4.190821999999999825e+00 -1.747837000000000085e+00 5.612402000000000335e+00 1.135591999999999935e+01 -1.022840000000000060e+01 -6.348663000000000167e+00 3.698805000000000121e+00
-1.604570000000000052e+00 1.208275000000000077e+01 -1.075193000000000065e+00 -1.142902999999999913e+01 -6.609097000000000222e+00 -6.688400999999999819e+00 2.067718999999999863e+00 4.884919000000000011e+00 1.053201999999999927e+01 -6.449512000000000356e+00 -7.027046000000000348e+00 1.194350000000000023e+00
-1.445964999999999945e+00 1.157433999999999941e+01 -1.140393999999999908e+00 -1.175352999999999959e+01 -7.153388999999999776e+00 -7.049933000000000227e+00 2.438089000000000173e+00 6.122752000000000194e+00 1.119735999999999976e+01 -8.550297000000000480e+00 -8.945614000000000843e+00 2.118821000000000065e+00
-1.857358000000000064e+00 1.073686000000000007e+01 -7.171463000000000143e-01 -1.234904000000000046e+01 -7.144576999999999956e+00 -4.708123999999999754e+00 5.134938999999999476e-01 5.941455999999999626e+00 1.027614999999999945e+01 -7.152008000000000365e+00 -8.242248999999999270e+00 2.011514000000000024e+00
-2.068306000000000200e+00 1.074422000000000033e+01 -9.134942999999999813e-01 -1.267920999999999943e+01 -7.169808999999999877e+00 -6.569639999999999702e+00 1.214342000000000033e+00 4.787562999999999569e+00 1.320097999999999949e+01 -7.863348000000000226e+00 -1.084781000000000084e+01 4.431227999999999945e+00
-1.863834999999999908e+00 1.070805000000000007e+01 3.469330999999999943e-01 -1.126172000000000040e+01 -9.417460999999999416e+00 -7.606454000000000271e+00 1.685451000000000032e-01 4.764183000000000057e+00 1.430683999999999934e+01 -5.899791999999999703e+00 -8.666100999999999388e+00 8.575363000000000291e-01
-1.673019000000000034e+00 1.079299999999999926e+01 -1.728116000000000096e-01 -1.263344000000000023e+01 -8.451034999999999187e+00 -5.759577000000000169e+00 -2.701334999999999820e+00 5.325701999999999714e+00 1.539423999999999992e+01 -6.924722000000000044e+00 -8.063216999999999857e+00 2.543905999999999779e+00
-1.776655000000000095e+00 1.070237000000000016e+01 -2.037355000000000138e-01 -1.208937000000000062e+01 -9.655362999999999474e+00 -7.096055999999999919e+00 -7.806507999999999781e-01 6.447206000000000437e+00 1.143506000000000000e+01 -7.126276999999999973e+00 -5.335252999999999801e+00 1.304728000000000110e+00
-1.623826999999999909e+00 1.103689999999999927e+01 -4.727358999999999867e-01 -1.291094000000000008e+01 -9.407849000000000572e+00 -6.658019999999999605e+00 -1.422833999999999932e+00 6.439732000000000234e+00 1.166192000000000029e+01 -8.007009999999999295e+00 -7.548878000000000199e+00 2.700032000000000210e+00
-2.465342999999999840e+00 1.148391999999999946e+01 1.859799000000000035e-01 -1.224088000000000065e+01 -8.043317999999999302e+00 -9.680911000000000044e+00 -2.754523999999999972e+00 7.060851999999999684e+00 1.238176999999999950e+01 -6.495345000000000368e+00 -8.180350999999999928e+00 1.583358999999999961e+00
-2.146383000000000152e+00 1.279659999999999975e+01 4.069178999999999991e-01 -1.114991000000000021e+01 -9.228021000000000029e+00 -1.058376999999999946e+01 -1.219071999999999933e+00 6.350425000000000431e+00 1.186210999999999949e+01 -7.085537000000000418e+00 -8.292490000000000805e+00 3.872583999999999804e+00
-2.502631000000000050e+00 1.296460000000000079e+01 1.956838000000000077e+00 -1.162875000000000014e+01 -1.021447000000000038e+01 -1.047081000000000017e+01 -1.108390999999999904e+00 5.542068000000000438e+00 1.261683999999999983e+01 -5.268055999999999628e+00 -1.020606000000000080e+01 3.187289999999999957e+00
-2.265598999999999918e+00 1.399952000000000041e+01 2.415480000000000071e+00 -1.143267999999999951e+01 -1.140077999999999925e+01 -1.084393999999999991e+01 -1.373947000000000029e+00 7.400254999999999583e+00 1.036553999999999931e+01 -5.812952000000000119e+00 -7.549989000000000061e+00 1.594718999999999998e+00
-2.527315000000000200e+00 1.400435000000000052e+01 4.403177000000000341e+00 -1.037898000000000032e+01 -1.456038999999999994e+01 -1.139880999999999922e+01 -1.695429999999999993e+00 8.870934999999999349e+00 1.052205999999999975e+01 -5.738976000000000077e+00 -9.205142000000000380e+00 1.367669000000000024e+00
-2.250018999999999991e+00 1.436222000000000065e+01 4.091330000000000133e+00 -1.048592999999999975e+01 -1.408338000000000001e+01 -1.264358999999999966e+01 1.192050000000000054e+00 7.126203000000000287e+00 8.036284000000000205e+00 -5.203998000000000346e+00 -5.922037000000000440e+00 1.162725000000000009e+00
-2.591737000000000180e+00 1.471293999999999969e+01 5.100267999999999802e+00 -9.373483999999999483e+00 -1.365723999999999982e+01 -1.296893999999999991e+01 -7.223770999999999942e-01 5.884729000000000099e+00 7.262795999999999808e+00 -1.546788000000000052e+00 -7.119754000000000360e+00 1.316855000000000109e+00
-2.438034000000000034e+00 1.596884000000000015e+01 6.770157000000000203e+00 -7.184652999999999956e+00 -1.429725000000000001e+01 -1.696816000000000102e+01 -2.776034999999999808e+00 8.544755999999999574e+00 6.082194000000000322e+00 -1.728892999999999958e-01 -3.964608999999999828e+00 7.212913999999999957e-03
-2.907197000000000031e+00 1.621170000000000044e+01 8.007113000000000369e+00 -7.197211000000000247e+00 -1.405615000000000059e+01 -1.713194000000000017e+01 -3.202332000000000178e+00 6.617003000000000412e+00 8.605190000000000339e+00 7.783335000000000115e-01 -2.562044999999999906e+00 3.622738000000000347e-02
-2.484249999999999847e+00 1.678613999999999962e+01 6.764196000000000097e+00 -7.984347999999999779e+00 -1.418510999999999989e+01 -1.417727000000000004e+01 -3.127241000000000160e+00 8.781629000000000573e+00 4.558079000000000214e+00 -7.172492999999999785e-01 -3.552138999999999935e+00 1.440282000000000062e+00
-2.126951000000000036e+00 1.614314999999999856e+01 6.754508999999999652e+00 -6.649497000000000213e+00 -1.371371000000000073e+01 -1.661823000000000050e+01 -3.297759999999999803e+00 9.181590999999999170e+00 4.187895000000000145e+00 -9.257731999999999628e-01 -2.724423999999999957e+00 3.344644000000000172e+00
-2.080035000000000078e+00 1.700144999999999840e+01 7.187443000000000026e+00 -6.143105000000000260e+00 -1.407657000000000025e+01 -1.703913999999999973e+01 -2.372812999999999839e+00 7.658208000000000126e+00 3.179635000000000211e+00 -6.960752999999999524e-01 8.173770999999999676e-01 3.446731999999999907e+00
-1.826022000000000034e+00 1.764295999999999864e+01 6.152797999999999767e+00 -5.301277999999999935e+00 -1.433649999999999913e+01 -1.602083999999999975e+01 -2.828832999999999931e+00 7.041112000000000037e+00 5.235138000000000069e+00 1.838527000000000078e-01 -6.382031000000000232e-01 1.624654000000000043e+00
-2.388666999999999874e+00 1.895668999999999826e+01 6.649070000000000036e+00 -4.687530999999999892e+00 -1.149849999999999994e+01 -1.556649999999999956e+01 -5.862584000000000017e+00 4.908875000000000099e+00 5.164208000000000354e+00 2.948001000000000094e+00 -1.223600000000000021e+00 1.960239999999999982e+00
-2.550772999999999957e+00 1.960304000000000002e+01 7.487368000000000023e+00 -4.249196999999999669e+00 -1.133549000000000007e+01 -1.587390000000000079e+01 -6.485603000000000229e+00 1.960614000000000079e+00 5.250671999999999784e+00 4.962748999999999633e+00 1.434971999999999914e+00 2.600553999999999810e+00
-2.432081999999999855e+00 1.819827000000000083e+01 7.219111999999999973e+00 -2.953237999999999808e+00 -1.107996999999999943e+01 -1.545933999999999919e+01 -7.065993999999999886e+00 3.609907000000000199e+00 5.461702999999999975e+00 4.440367000000000175e+00 2.508891999999999900e+00 7.204468000000000538e-01
-2.523463000000000012e+00 1.923633999999999844e+01 7.627829000000000192e+00 -2.687482999999999844e+00 -1.182572000000000045e+01 -1.738824999999999932e+01 -9.491194999999999382e+00 1.900053999999999910e+00 8.719205000000000538e+00 6.464495999999999576e+00 3.065977000000000174e+00 -5.359256000000000020e-01
-2.125725999999999782e+00 1.975631999999999877e+01 6.722839999999999705e+00 -3.421955000000000080e+00 -1.291789999999999949e+01 -1.343847000000000058e+01 -7.862269999999999648e+00 2.116995999999999878e+00 5.176224999999999632e+00 3.578664999999999985e+00 5.179121000000000308e+00 1.529474000000000000e+00
-2.376062000000000118e+00 1.913541000000000025e+01 6.366284000000000276e+00 -1.864290999999999920e+00 -1.432008000000000081e+01 -1.458381999999999934e+01 -7.018671000000000326e+00 4.703432000000000279e+00 6.628822999999999688e+00 3.220582999999999974e+00 3.737696999999999825e+00 -2.612071999999999949e+00
-2.178768999999999956e+00 1.978070999999999913e+01 5.362935000000000230e+00 -4.691582000000000363e+00 -1.392478000000000016e+01 -1.207325999999999944e+01 -3.161658000000000079e+00 1.783342999999999900e+00 4.945555999999999841e+00 2.833822000000000063e+00 1.017506000000000022e+00 -1.477591000000000099e+00
-1.939111000000000029e+00 1.721865000000000023e+01 3.981046999999999780e+00 -4.309963999999999906e+00 -1.379701999999999984e+01 -1.166145999999999994e+01 -2.105691999999999897e+00 7.994927999999999813e+00 5.183258999999999617e+00 -8.209752000000000161e-01 -2.060257000000000061e-01 -2.034546000000000188e+00
-2.035219000000000111e+00 1.803594999999999970e+01 3.802956000000000003e+00 -6.116772000000000098e+00 -1.476905000000000001e+01 -1.022859000000000052e+01 -1.757223999999999897e+00 1.017104999999999926e+01 5.262688999999999950e+00 -2.536607000000000056e+00 -2.766058999999999823e+00 -3.970992999999999995e+00
-2.907197000000000031e+00 1.733092999999999861e+01 4.898704000000000391e+00 -5.546371999999999858e+00 -1.082283999999999935e+01 -9.767082000000000264e+00 -9.159709000000000323e-01 7.058936000000000099e+00 7.527753999999999834e-01 -3.835995000000000044e+00 -1.979978999999999933e+00 -3.444741000000000053e+00
-3.949333000000000204e+00 1.539419000000000004e+01 5.906151999999999624e+00 -6.000099999999999767e+00 -9.646551999999999794e+00 -8.300518000000000285e+00 -8.921139000000000152e-01 9.480173000000000627e+00 -1.713651999999999953e+00 -5.561543999999999599e+00 -3.584060000000000024e+00 -1.729510000000000103e+00
-6.951973999999999876e+00 1.170069999999999943e+01 8.742207000000000505e+00 -7.572752000000000372e+00 -2.069336999999999982e+00 -1.889337000000000044e+00 -3.046283999999999992e+00 1.046809999999999974e+01 -3.813705999999999818e+00 -1.110028999999999932e+01 -1.517546999999999979e+00 2.588426000000000116e+00
-8.431762000000000867e+00 1.034723999999999933e+01 1.176828000000000074e+01 -3.811268999999999796e+00 2.242134000000000071e+00 -2.014727000000000157e+00 -1.252495000000000047e+01 1.688094999999999901e+00 -1.255832000000000059e+00 -1.107778000000000063e+01 -3.004592999999999847e-02 6.047441000000000066e+00
-1.087875999999999976e+01 1.018491000000000035e+01 7.424030000000000129e+00 -4.677401999999999838e+00 -1.847054999999999891e+00 -3.010942000000000007e+00 -1.171302999999999983e+01 -2.084811999999999887e+00 -2.216317000000000093e+00 -7.660720000000000418e+00 -3.188521999999999856e+00 3.149831999999999965e+00
-1.066850999999999949e+01 1.063803000000000054e+01 1.160135999999999967e+01 8.045991000000000115e-01 5.654063999999999979e+00 -2.598207000000000155e-01 -1.246080000000000076e+01 1.913278000000000034e+00 -2.336488000000000120e+00 -8.406902999999999793e+00 -5.054905999999999899e+00 -2.926778999999999797e+00
-1.081170999999999971e+01 1.050641000000000069e+01 7.246682999999999986e+00 -1.597320999999999991e+00 3.076792999999999889e-01 -3.166987999999999914e+00 -9.161498999999999171e+00 3.804618000000000055e+00 9.614618999999999804e-01 -7.352490999999999666e+00 -3.800565000000000193e+00 -2.852476999999999929e+00
-1.168928999999999974e+01 7.696233999999999575e+00 8.246306000000000580e+00 6.129012000000000349e+00 2.631428000000000100e+00 -3.263101999999999947e+00 -8.707043000000000532e+00 3.675450000000000106e+00 3.526371000000000144e+00 -7.408508000000000315e+00 -8.477907000000000082e+00 -6.360177999999999665e-01
-1.062806999999999924e+01 6.001299000000000383e+00 1.492922000000000082e+01 1.349722000000000044e+01 8.501276999999999973e+00 -9.009218999999999866e+00 -1.609566999999999837e+01 4.609333999999999598e+00 5.822214999999999918e+00 -1.022733000000000025e+01 -1.301118999999999915e+01 -8.533960999999999908e-01
-1.182250999999999941e+01 6.401851999999999876e+00 1.811064999999999969e+01 1.363780000000000037e+01 6.631704000000000043e+00 -8.832181999999999533e+00 -1.529118000000000066e+01 4.577137999999999707e+00 7.136471000000000231e+00 -7.101619000000000348e+00 -8.447373999999999938e+00 1.406662000000000079e+00
-1.145698999999999934e+01 8.971693000000000140e+00 1.829098000000000113e+01 1.087978000000000023e+01 1.031718000000000046e+01 -4.217888000000000304e+00 -1.159177999999999997e+01 7.409875000000000211e-01 3.641558999999999990e+00 -9.160859000000000307e+00 -8.196172999999999931e+00 2.725976000000000177e+00
-1.141882000000000019e+01 1.232056000000000040e+01 1.687182999999999922e+01 8.801142999999999716e+00 9.225796000000000774e+00 -1.815042000000000044e+00 -8.227947000000000344e+00 5.671659000000000006e-01 3.556264000000000092e-01 -7.371788999999999703e+00 -7.979668000000000205e+00 2.927849000000000146e+00
-1.143528000000000056e+01 1.379050999999999938e+01 1.710060000000000002e+01 7.431047000000000402e+00 6.624494999999999578e+00 -2.963160999999999934e+00 -4.707278999999999769e+00 6.716508000000000200e-02 6.311394000000000171e-01 -2.966251999999999889e+00 -5.911211999999999911e+00 4.229968999999999646e+00
-1.091324999999999967e+01 1.267779999999999951e+01 1.737257999999999925e+01 9.429475000000000051e+00 7.264107000000000092e+00 -3.948879999999999946e+00 -6.161774000000000306e+00 1.931675999999999949e+00 1.952430000000000110e+00 -3.288151000000000046e+00 -7.072845000000000049e+00 1.514123000000000108e+00
-1.167825999999999986e+01 1.353608999999999973e+01 1.805848999999999904e+01 9.991773000000000238e+00 1.010411000000000037e+01 -4.584667999999999743e+00 -5.645914999999999573e+00 1.987635999999999958e+00 -1.435211999999999877e-01 -3.981800999999999924e+00 -7.544159999999999755e+00 3.648298000000000041e+00
-1.118896999999999942e+01 1.206298999999999921e+01 1.536960000000000015e+01 9.488621999999999446e+00 1.147785000000000011e+01 -1.657337999999999978e+00 -3.275468000000000046e+00 2.273760999999999921e+00 -3.495401000000000202e+00 -4.633103000000000193e+00 -5.486805999999999628e+00 3.853855999999999948e+00
-1.099972999999999956e+01 1.152702999999999989e+01 1.562817000000000078e+01 8.735514999999999475e+00 9.834167000000000769e+00 7.115367999999999693e-01 -3.448723999999999901e+00 -2.401921000000000004e-03 -1.996199999999999974e+00 -5.535008999999999624e+00 -6.844127000000000294e+00 5.364756999999999998e+00
-1.130206000000000088e+01 1.164035999999999937e+01 1.589531000000000027e+01 8.453960000000000363e+00 1.126557999999999993e+01 5.227313000000000098e-02 -4.514859000000000400e+00 1.171613000000000016e+00 -2.845893999999999924e+00 -6.007001999999999953e+00 -6.781951000000000285e+00 4.717074000000000211e+00
-1.125198999999999927e+01 1.175054000000000087e+01 1.653725999999999985e+01 9.564783000000000257e+00 8.174461000000000865e+00 -5.906953999999999816e-01 -3.637624999999999886e+00 2.936277000000000026e+00 -1.615464000000000011e+00 -4.732005000000000017e+00 -7.369290000000000340e+00 3.439824000000000215e+00
-1.127439999999999998e+01 1.158694999999999986e+01 1.700596000000000174e+01 1.021499000000000024e+01 8.025873000000000701e+00 -2.309420999999999946e+00 -3.779202000000000172e+00 3.805768000000000040e+00 -1.037179999999999991e+00 -4.671699000000000268e+00 -6.147423999999999999e+00 3.678213000000000177e-01
-1.175441000000000003e+01 1.151882999999999946e+01 1.702943000000000140e+01 1.198858000000000068e+01 9.697995000000000587e+00 -3.587625000000000064e+00 -5.691283000000000314e+00 2.565443999999999836e+00 -1.344055000000000000e+00 -4.785878000000000299e+00 -6.695071000000000438e+00 2.949340999999999990e+00
-1.144087999999999994e+01 1.169692000000000043e+01 1.715647999999999840e+01 1.102440999999999960e+01 9.508153999999999328e+00 -2.595829000000000164e+00 -5.977958000000000105e+00 1.483227000000000073e+00 -1.351088999999999984e+00 -5.978858999999999924e+00 -6.129660000000000331e+00 2.230580999999999925e+00
-1.119247000000000014e+01 1.222593999999999959e+01 1.789604999999999890e+01 9.109030000000000626e+00 8.498473000000000610e+00 -3.922642000000000184e+00 -6.676851000000000091e+00 4.778748000000000218e+00 -1.819170999999999982e-01 -8.034347999999999601e+00 -7.551376000000000310e+00 2.902671999999999919e+00
-1.100918000000000063e+01 1.095279999999999987e+01 1.962331000000000003e+01 1.095959000000000039e+01 8.083947000000000216e+00 -4.624990999999999630e+00 -1.051978000000000080e+01 3.335281000000000162e+00 -5.359806999999999766e-01 -1.026566000000000045e+01 -5.568966999999999778e+00 3.652903999999999929e+00
-1.038404000000000060e+01 1.061616000000000071e+01 2.034312999999999860e+01 1.129299999999999926e+01 6.564419000000000004e+00 -9.833920000000000883e+00 -1.455592000000000041e+01 2.327037999999999940e+00 2.366578000000000070e+00 -8.113148000000000692e+00 -7.588848999999999734e+00 3.763434999999999864e+00
-9.660512999999999906e+00 9.457401000000000835e+00 2.071534000000000120e+01 7.657911000000000357e+00 5.225920000000000343e+00 -9.710739999999999483e+00 -1.799054999999999893e+01 2.276635999999999882e+00 6.084539000000000364e+00 -8.217140999999999806e+00 -5.925089999999999968e+00 2.950722999999999985e+00
-8.751773000000000025e+00 1.032285000000000075e+01 2.021942999999999913e+01 5.713770000000000238e+00 1.687429999999999986e+00 -1.117206000000000010e+01 -1.857485000000000142e+01 3.718377999999999961e+00 7.410810999999999815e+00 -6.805985999999999869e+00 -6.059434000000000431e+00 4.686218000000000217e+00
-8.325675000000000381e+00 1.123812000000000033e+01 1.901898999999999873e+01 3.127521999999999913e+00 2.265763999999999889e+00 -1.116764000000000046e+01 -1.937894000000000005e+01 1.764561000000000046e+00 5.834525000000000183e+00 -5.847794999999999632e+00 -4.072307000000000343e+00 5.595644000000000062e+00
-7.123533000000000115e+00 1.198875999999999920e+01 1.651304000000000016e+01 2.912002000000000201e+00 2.511676000000000020e+00 -1.043628999999999962e+01 -2.116938999999999993e+01 -8.469797000000000020e-01 5.249207000000000178e+00 -3.439585000000000115e+00 -3.922140999999999877e+00 4.417872000000000021e+00
-8.164269000000000887e+00 1.287734000000000023e+01 1.816393000000000058e+01 1.460479000000000083e+00 2.585370000000000168e+00 -1.181363999999999947e+01 -2.319216000000000122e+01 -2.091136000000000106e+00 9.208095000000000141e+00 -2.856361999999999846e+00 -4.827021000000000228e+00 3.682532000000000139e+00
-7.643989000000000367e+00 1.210063000000000066e+01 1.729098000000000113e+01 1.343401000000000067e+00 1.022186000000000039e+00 -1.138278999999999996e+01 -2.203450000000000131e+01 -4.583245000000000235e-01 6.712650000000000006e+00 -3.771936999999999873e+00 -3.503286999999999818e+00 2.275868000000000002e+00
-7.544203999999999688e+00 1.024379000000000062e+01 1.650075000000000003e+01 2.958994999999999820e+00 1.499190999999999940e+00 -1.472495999999999938e+01 -2.223239999999999839e+01 2.533631000000000189e+00 8.830583000000000737e+00 -4.640875999999999557e+00 -6.167131999999999614e+00 5.129264000000000046e+00
-7.890648999999999802e+00 1.102576000000000001e+01 1.430402999999999913e+01 1.965249999999999941e+00 2.882947000000000148e+00 -1.407756999999999969e+01 -2.103290000000000148e+01 1.143440999999999930e+00 1.021372000000000035e+01 -5.827424999999999855e+00 -4.886699000000000126e+00 6.089504999999999946e+00
-8.091618999999999673e+00 1.015506000000000064e+01 1.282155000000000022e+01 2.730916000000000121e+00 2.772406999999999844e+00 -1.278997000000000028e+01 -1.997458999999999918e+01 4.281047000000000047e+00 1.022133999999999965e+01 -3.899249000000000187e+00 -5.492358000000000295e+00 3.923398000000000163e+00
-8.517542000000000613e+00 8.293172000000000210e+00 1.271686000000000050e+01 2.356184999999999974e+00 2.542915999999999954e+00 -1.296175999999999995e+01 -1.876257000000000019e+01 4.253066999999999709e+00 1.104992999999999981e+01 -3.630686999999999998e+00 -5.889560999999999602e+00 4.224441999999999808e+00
-8.790112000000000592e+00 6.308074000000000403e+00 1.237297000000000047e+01 3.053792000000000062e+00 3.114440999999999793e+00 -1.119801999999999964e+01 -2.266886999999999830e+01 3.827615999999999907e+00 1.376608000000000054e+01 -4.853419999999999845e+00 -5.356626000000000332e+00 5.978206000000000131e+00
-7.897651999999999894e+00 1.120994999999999919e+01 1.185509000000000057e+01 7.284376999999999658e-01 1.240061999999999998e+00 -1.164517000000000024e+01 -2.035981999999999914e+01 2.684839000000000198e+00 1.021341999999999928e+01 -1.954035000000000077e-01 -2.137916999999999845e+00 2.165335999999999927e+00
-1.015207999999999977e+01 9.570102999999999582e+00 9.635272999999999755e+00 4.828596000000000110e+00 3.555801000000000212e+00 -1.045561999999999969e+01 -1.999140999999999835e+01 1.616802999999999990e+00 9.821844000000000463e+00 2.121410000000000018e+00 -6.418114999999999792e-01 5.111302000000000234e+00
-1.212763999999999953e+01 7.883367999999999931e+00 6.992586000000000190e+00 6.716021999999999714e+00 1.988212000000000090e+00 -1.067353999999999914e+01 -1.861748000000000047e+01 -1.755567000000000100e+00 8.277798999999999907e+00 3.435003000000000029e+00 -5.669271000000000033e-02 2.546361999999999792e+00
