-7.178416000000000352e+00 6.825129999999999697e+00 -1.535460000000000047e+00 -3.844055000000000000e+00 -1.240161000000000069e+00 -5.659393999999999814e-01 4.052781999999999663e+00 1.194731999999999950e+01 2.399150000000000116e+00 -7.302095999999999698e+00 8.361071000000000475e-02 3.645140000000000047e+00
-3.029271000000000047e+00 7.603210999999999942e+00 1.636033999999999988e+00 -9.677713000000000676e+00 -5.285488999999999882e-01 -3.891796999999999951e+00 -6.022906999999999567e-01 1.369316000000000066e+01 4.534347999999999601e+00 -1.218839999999999968e+01 1.026712000000000069e+00 2.444269999999999943e+00
-1.653872999999999927e+00 9.011167999999999623e+00 -2.531883000000000106e+00 -1.132102000000000075e+01 -1.213549999999999907e+00 -6.773527999999999771e+00 2.500331000000000081e+00 1.180489999999999995e+01 2.620588000000000140e+00 -1.566787000000000063e+01 -3.409526999999999697e-02 5.209323000000000370e+00
-1.549698999999999938e+00 1.127044000000000068e+01 -7.841582999999999748e-01 -1.187626999999999988e+01 -3.926088000000000022e+00 -8.412323999999999913e+00 2.965383000000000102e+00 1.191366000000000014e+01 2.912981999999999960e+00 -1.359674000000000049e+01 -8.961099000000000148e-01 2.817359999999999864e+00
-2.068455000000000155e+00 1.214723000000000042e+01 1.460701000000000027e+00 -1.365860999999999947e+01 -4.244124000000000230e+00 -7.476248000000000005e+00 -1.846530999999999922e+00 1.273623000000000083e+01 5.328918999999999961e+00 -1.148123000000000005e+01 -1.065547999999999940e+00 2.588035000000000196e-01
-1.672895999999999939e+00 1.130141000000000062e+01 8.201127000000000278e-01 -1.255036999999999914e+01 -3.414912000000000170e+00 -7.862369000000000163e+00 -8.352722999999999676e-01 1.035454000000000008e+01 3.866263000000000005e+00 -1.425292999999999921e+01 -1.060316999999999954e+00 2.435292000000000012e+00
-2.047318000000000193e+00 1.221959999999999980e+01 1.334047999999999901e+00 -1.285490000000000066e+01 -4.781481000000000314e+00 -1.124888999999999939e+01 2.178443000000000129e+00 9.922396000000000882e+00 5.228483999999999909e+00 -1.389814999999999934e+01 -4.255766999999999745e-01 -2.889442999999999873e-02
-2.337194000000000216e+00 1.054706999999999972e+01 6.813976000000000477e-01 -1.365143999999999913e+01 -2.937212999999999852e+00 -1.091944999999999943e+01 2.215374000000000176e+00 9.384085000000000676e+00 6.994504000000000055e+00 -1.467728999999999928e+01 -3.171759000000000217e+00 1.623472999999999944e+00
-2.232114000000000154e+00 1.088690000000000069e+01 1.751486000000000098e+00 -1.256023000000000067e+01 -5.584512000000000143e+00 -1.122630999999999979e+01 -7.586756000000000055e-01 1.438108000000000075e+01 4.702312000000000047e+00 -1.300534000000000034e+01 -2.973256999999999817e+00 -1.475365000000000038e+00
-2.191651999999999934e+00 1.298349999999999937e+01 1.820843999999999907e+00 -1.430758999999999936e+01 -7.070827999999999669e+00 -1.014588000000000001e+01 -2.159301000000000137e+00 1.379415000000000013e+01 6.048422000000000409e+00 -1.440377999999999936e+01 -4.206119000000000163e+00 -9.271025999999999989e-01
-2.085665999999999798e+00 1.225520000000000032e+01 2.164184999999999803e+00 -1.415734999999999921e+01 -7.517195000000000071e+00 -1.002764999999999951e+01 -2.972684999999999800e+00 1.302308000000000021e+01 4.519950999999999830e+00 -1.367322000000000060e+01 -1.378559000000000090e+00 -1.405734999999999957e+00
-2.845381999999999856e+00 1.289521000000000051e+01 2.319700999999999791e+00 -1.399723000000000006e+01 -9.785940999999999335e+00 -1.071133000000000024e+01 -5.439311999999999481e-01 1.171197000000000088e+01 4.368440999999999796e+00 -1.430960999999999927e+01 8.116440000000000321e-01 -1.658317999999999959e+00
-2.464920000000000222e+00 1.257361000000000040e+01 2.367949999999999999e+00 -1.346575999999999951e+01 -1.006105999999999945e+01 -1.018440000000000012e+01 -2.163860000000000117e+00 1.136700000000000088e+01 6.210900999999999783e+00 -1.322156999999999982e+01 -2.174310000000000187e+00 -7.914335999999999594e-01
-2.378258999999999901e+00 1.173764000000000074e+01 8.287286000000000374e-01 -1.347606999999999999e+01 -7.419767000000000223e+00 -1.151102999999999987e+01 -1.878446000000000060e+00 1.075389000000000017e+01 7.204288000000000025e+00 -1.379377999999999993e+01 -4.027089000000000141e+00 1.598449999999999871e-01
-2.889768999999999810e+00 1.379371000000000080e+01 4.901256999999999975e-01 -1.365009000000000050e+01 -6.969108000000000303e+00 -1.380959000000000003e+01 1.046818000000000026e+00 9.729627999999999943e+00 6.897839000000000276e+00 -1.310041000000000011e+01 -4.316849000000000380e+00 1.024334999999999996e+00
-2.875576999999999828e+00 1.381600000000000072e+01 2.885332000000000008e+00 -1.447129999999999939e+01 -9.067462000000000799e+00 -1.468234999999999957e+01 2.000628999999999991e+00 1.090609000000000073e+01 7.023983000000000310e+00 -1.325636000000000081e+01 -4.635091000000000072e+00 9.101296000000000386e-02
-2.070870999999999906e+00 1.300722999999999985e+01 1.377126999999999990e+00 -1.282754000000000083e+01 -9.380347999999999686e+00 -1.434980000000000011e+01 1.764456000000000024e+00 1.137650000000000006e+01 7.406871999999999900e+00 -1.170135999999999932e+01 -6.726770000000000138e+00 1.822187999999999919e+00
-2.084156999999999815e+00 1.353463999999999956e+01 1.759670999999999985e+00 -1.213371000000000066e+01 -9.851608000000000587e+00 -1.540234000000000059e+01 9.159652999999999823e-01 1.481523999999999930e+01 4.263892000000000237e+00 -1.316159000000000034e+01 -3.268248999999999960e+00 -1.436061000000000032e+00
-1.617337000000000025e+00 1.338903999999999961e+01 2.250344000000000122e+00 -1.142506999999999984e+01 -1.058038999999999952e+01 -1.529251999999999967e+01 1.156698000000000004e+00 1.364367000000000019e+01 3.572497999999999951e+00 -1.121251999999999960e+01 -2.368452000000000002e+00 -1.978337000000000012e+00
-1.874600999999999962e+00 1.499150999999999989e+01 2.609624999999999861e+00 -1.140399999999999991e+01 -1.214438999999999957e+01 -1.756185999999999936e+01 2.950792999999999999e+00 1.501404999999999923e+01 1.043784999999999963e+00 -7.805331999999999937e+00 -1.782537999999999956e+00 -2.488093000000000110e+00
-2.176857000000000042e+00 1.511829999999999963e+01 4.319869999999999877e+00 -7.895817000000000085e+00 -1.266071999999999953e+01 -1.985156999999999883e+01 4.299410000000000176e-01 1.533427999999999969e+01 3.912195999999999785e+00 -5.508079999999999643e+00 -3.026733999999999813e+00 -1.866409999999999902e+00
-1.956429999999999891e+00 1.532266000000000084e+01 4.354765000000000441e+00 -8.445679999999999410e+00 -1.185082000000000058e+01 -1.749543999999999855e+01 -3.697650000000000103e-01 1.530463999999999913e+01 4.416088000000000235e+00 -7.356677999999999606e+00 -3.238554000000000155e-01 2.091246999999999967e-01
-2.066945000000000032e+00 1.553772999999999982e+01 5.699698999999999849e+00 -6.737338000000000271e+00 -1.354443999999999981e+01 -2.004064999999999941e+01 1.519619999999999971e+00 1.308752999999999922e+01 3.570098000000000216e+00 -3.449551000000000034e+00 4.640981000000000273e-02 3.240443000000000073e-01
-1.678028999999999993e+00 1.524769000000000041e+01 4.748940000000000161e+00 -5.586034999999999862e+00 -1.325643999999999956e+01 -1.749588999999999928e+01 1.159432999999999936e+00 1.207592999999999961e+01 1.816761000000000070e+00 -2.796964000000000006e+00 3.155882000000000076e+00 -1.406133999999999995e+00
-1.242310000000000025e+00 1.573630999999999958e+01 2.974075000000000024e+00 -4.966205999999999676e+00 -1.236156000000000077e+01 -1.920730000000000004e+01 1.582082999999999906e+00 1.474446000000000012e+01 1.675534000000000079e+00 -3.113661000000000012e+00 1.185688000000000075e+00 -1.366230999999999973e+00
-1.512861000000000011e+00 1.654044000000000025e+01 4.418091000000000435e+00 -4.930774000000000434e+00 -1.351910999999999952e+01 -1.850591000000000008e+01 2.594221999999999917e-01 1.351103999999999949e+01 3.110425999999999913e+00 -3.460948000000000135e+00 6.930661000000000183e-01 -1.004513999999999907e+00
-1.352824999999999944e+00 1.731938999999999851e+01 4.876453999999999844e+00 -5.704887000000000263e+00 -1.406849000000000061e+01 -1.737412000000000134e+01 2.200782999999999934e+00 1.374465999999999966e+01 3.339748000000000161e+00 -3.325991999999999837e+00 -7.374249000000000498e-01 2.318693000000000004e-01
-1.383321999999999941e+00 1.757469999999999999e+01 4.800634999999999764e+00 -5.354607999999999812e+00 -1.260964000000000063e+01 -1.674136000000000024e+01 -9.438162999999999414e-02 1.122227999999999959e+01 5.804018000000000121e+00 -1.477093999999999907e+00 1.087744000000000044e+00 -2.642117999999999967e+00
-1.915364999999999984e+00 1.841675000000000040e+01 6.313146999999999842e+00 -4.360729000000000077e+00 -1.334657999999999944e+01 -1.634727000000000174e+01 7.778175999999999979e-01 9.435297000000000267e+00 4.839768000000000292e+00 -9.810558999999999807e-01 1.125817000000000068e+00 8.828806000000000154e-01
-1.374263999999999930e+00 1.857276999999999845e+01 6.738338999999999857e+00 -4.256228000000000122e+00 -1.384659000000000084e+01 -1.592440000000000033e+01 -2.119635000000000158e+00 9.294318000000000524e+00 6.371324000000000431e+00 8.501473999999999975e-01 9.560882000000000547e-01 -6.623485999999999541e-01
-1.481457000000000024e+00 1.897021000000000157e+01 6.419121999999999773e+00 -3.294640999999999931e+00 -1.242251000000000083e+01 -1.363690000000000069e+01 -4.883498999999999590e+00 7.879057999999999673e+00 5.212373000000000367e+00 1.490439000000000069e+00 3.387807000000000013e+00 -1.093895999999999979e+00
-1.457602999999999982e+00 1.891115999999999886e+01 6.799081000000000152e+00 -2.938978999999999786e+00 -1.264526000000000039e+01 -1.412397999999999954e+01 -5.184870000000000090e+00 7.192287000000000319e+00 7.187147999999999648e+00 3.384920999999999847e+00 2.783001000000000058e+00 -2.955951999999999913e+00
-1.719397000000000064e+00 1.874877000000000038e+01 8.297378000000000142e+00 -3.204042999999999974e+00 -1.388907999999999987e+01 -1.446715000000000018e+01 -4.829242999999999952e+00 8.248193999999999804e+00 6.989361999999999853e+00 5.100582000000000171e-01 3.879556000000000004e+00 3.412024000000000168e-01
-1.722717999999999972e+00 1.861822000000000088e+01 8.249990000000000379e+00 -3.275354999999999794e+00 -1.290363999999999933e+01 -1.360412999999999961e+01 -4.865717000000000070e+00 6.015253000000000405e+00 5.638796000000000141e+00 2.834001000000000214e+00 2.889372999999999969e+00 -1.176777999999999991e-01
-2.252949000000000090e+00 1.863702999999999932e+01 8.066471999999999198e+00 -5.018223000000000544e-01 -1.078511999999999915e+01 -1.548823999999999934e+01 -6.613762999999999614e+00 8.055714000000000041e+00 5.859548000000000201e+00 1.555817000000000005e+00 3.262253999999999987e+00 -4.636335999999999791e-01
-2.584493999999999847e+00 1.842745999999999995e+01 9.415283000000000513e+00 -1.145869999999999944e+00 -1.044176000000000037e+01 -1.478684999999999938e+01 -6.383517000000000330e+00 7.469929999999999737e+00 3.631114000000000175e+00 2.340961000000000070e+00 6.141255000000000130e+00 -5.845384999999999609e-01
-2.631597999999999882e+00 2.000099000000000160e+01 8.738939000000000235e+00 -2.721905000000000019e+00 -1.236070999999999920e+01 -1.206673999999999936e+01 -5.785789000000000293e+00 6.732522000000000340e+00 5.608287999999999940e+00 2.215002999999999833e+00 5.044990999999999559e+00 -1.632980000000000098e+00
-2.669947000000000070e+00 1.882952999999999832e+01 7.751562999999999981e+00 -3.921645999999999965e+00 -1.069369999999999976e+01 -1.272827999999999982e+01 -5.323018000000000249e+00 6.846455999999999875e+00 4.229269999999999641e+00 3.014241999999999866e+00 4.225407999999999831e+00 -7.960224999999999662e-01
-3.889536999999999800e+00 1.507343000000000011e+01 9.760348000000000468e+00 -2.686472999999999889e+00 -1.079884999999999984e+01 -1.329903999999999975e+01 -8.336277000000000825e+00 1.054644000000000048e+01 4.799661999999999651e+00 -1.137305000000000010e+00 5.951762999999999693e+00 -1.079531000000000018e+00
-4.276944000000000301e+00 1.360382000000000069e+01 9.445439000000000362e+00 -1.976047000000000109e+00 -1.112374999999999936e+01 -1.251661999999999964e+01 -5.617549999999999599e+00 8.734427999999999415e+00 3.733262999999999998e+00 -4.740331000000000294e+00 4.804637999999999742e+00 -1.416109000000000062e+00
-4.253693000000000168e+00 1.459524000000000044e+01 7.497396000000000171e+00 -2.673465999999999898e+00 -9.921139000000000152e+00 -1.219116000000000000e+01 -3.425882000000000094e+00 7.355996000000000201e+00 5.698782999999999710e+00 -3.471744000000000163e+00 2.104957000000000189e+00 -3.210131000000000068e+00
-3.502130999999999883e+00 1.635431000000000168e+01 5.316723999999999783e+00 -3.969634999999999803e+00 -9.294936999999999117e+00 -1.078617000000000026e+01 -1.188620000000000010e+00 5.800332000000000043e+00 2.460850999999999900e+00 -3.462746999999999797e+00 -2.785168000000000088e-01 -5.664541999999999966e+00
-6.699214999999999698e+00 1.526563999999999943e+01 5.940081000000000166e+00 -4.915524999999999700e+00 -3.831663999999999959e+00 -6.128813000000000066e+00 -4.199600000000000222e+00 7.301042999999999950e+00 2.903470000000000217e-01 -3.793538999999999994e+00 1.657092999999999927e+00 -7.298354999999999926e+00
-6.318150000000000155e+00 1.025529000000000046e+01 6.700428999999999746e+00 -3.704571000000000058e+00 -5.470345000000000013e+00 -6.596851000000000020e+00 -5.425602999999999732e+00 6.653976000000000113e+00 -5.482467999999999897e+00 -1.216380999999999979e+01 2.177324000000000037e+00 -1.384387000000000034e+00
-9.853422000000000125e+00 9.543205000000000382e+00 2.107321000000000222e+00 -2.409298999999999857e+00 -3.862137000000000153e+00 -2.986717000000000066e+00 -4.436684999999999768e+00 5.314434999999999576e-01 -6.505333000000000254e+00 -9.010638999999999399e+00 2.708308999999999855e+00 8.128514999999999491e-01
-1.426797999999999966e+01 7.139198999999999629e+00 -4.102304999999999979e-01 -7.382730999999999710e+00 -7.390582000000000207e+00 -5.759076999999999558e+00 -9.424132000000000176e+00 -2.509107000000000198e+00 -5.171905999999999892e+00 -5.260360999999999621e+00 3.210812000000000221e+00 -7.541246999999999812e-01
-1.573699000000000048e+01 6.599637000000000420e+00 -1.832029000000000019e-01 -8.984329999999999927e+00 -5.485367000000000104e+00 -1.275744999999999907e+00 -7.092037000000000369e+00 -2.604052999999999951e+00 -6.363420999999999772e+00 -2.115886000000000156e+00 4.516911999999999594e+00 -3.716895000000000060e+00
-1.206734999999999935e+01 1.305123000000000033e+01 1.014591000000000065e+01 1.826797000000000004e+00 5.294821999999999917e+00 -9.370043000000000122e-01 -7.749036000000000257e+00 1.339342000000000033e+00 -5.177048000000000094e+00 -3.316994999999999916e+00 1.398139000000000021e+00 -2.945975999999999928e+00
-1.090301000000000009e+01 1.093755999999999950e+01 1.504918999999999940e+01 8.897422999999999860e+00 1.136755999999999922e+01 -7.816317999999999877e+00 -1.477997000000000050e+01 4.434558000000000000e+00 -3.025739000000000178e+00 -8.887078999999999951e+00 -3.794583999999999957e+00 -1.835086999999999913e+00
-1.061555000000000071e+01 8.098485999999999407e+00 1.748789999999999978e+01 1.290118999999999971e+01 1.273413000000000039e+01 -1.093272999999999939e+01 -1.529883000000000060e+01 4.531805000000000305e+00 1.153132999999999964e+00 -8.959056000000000353e+00 -7.207184999999999953e+00 -2.565504999999999924e+00
-1.091449000000000069e+01 6.595295000000000130e+00 2.231106000000000122e+01 1.016848000000000063e+01 9.990688000000000457e+00 -1.379143999999999970e+01 -1.398071999999999981e+01 9.367971999999999966e+00 1.684447000000000028e+00 -8.946460000000000079e+00 -6.616910999999999987e+00 -3.572446999999999928e+00
-9.615180999999999756e+00 1.099428999999999945e+01 1.876088999999999984e+01 8.833287000000000333e+00 7.390601000000000198e+00 -1.089420999999999928e+01 -1.025575000000000081e+01 6.843579000000000079e+00 2.743990000000000151e+00 -6.959007999999999861e+00 -8.155518000000000711e+00 -3.252826999999999913e+00
-9.907472000000000278e+00 1.222278000000000020e+01 2.040868000000000038e+01 1.168307000000000073e+01 7.339096999999999760e+00 -9.202719000000000094e+00 -9.190694999999999837e+00 4.126705000000000290e+00 -1.374894999999999978e+00 -8.745525000000000659e+00 -4.187517999999999851e+00 -1.738124000000000002e+00
-9.296620000000000772e+00 1.076618999999999993e+01 1.969053999999999860e+01 1.307476999999999911e+01 8.802236000000000615e+00 -1.147161999999999971e+01 -8.022595000000000809e+00 3.994069000000000091e+00 -3.491239000000000203e+00 -8.638761000000000578e+00 -2.206278999999999879e+00 -1.116241000000000039e+00
-9.879692000000000363e+00 1.078703999999999930e+01 1.935754000000000019e+01 1.357619000000000042e+01 1.142421000000000042e+01 -1.039296000000000042e+01 -9.126863999999999422e+00 1.445219999999999949e+00 -2.970550999999999942e+00 -8.600972000000000506e+00 -2.535274999999999945e+00 -1.036235999999999935e+00
-9.543919999999999959e+00 1.060553999999999952e+01 1.933944999999999936e+01 1.259487000000000023e+01 1.205728000000000044e+01 -9.339543000000000816e+00 -1.043675999999999959e+01 3.143013999999999974e+00 -2.651419999999999888e+00 -8.535294000000000381e+00 -7.274901999999999980e+00 -1.408727000000000062e+00
-1.042744000000000071e+01 9.620492000000000488e+00 2.151279999999999859e+01 1.492079999999999984e+01 1.272897999999999996e+01 -1.245063999999999993e+01 -1.116305999999999976e+01 4.879649999999999821e+00 -7.248829999999999885e+00 -7.012389999999999901e+00 -2.994183000000000039e+00 -2.055349000000000093e+00
-1.007928000000000068e+01 8.722860999999999976e+00 2.107424999999999926e+01 1.435478999999999949e+01 1.041859999999999964e+01 -1.188652000000000086e+01 -8.649959000000000842e+00 7.083819000000000088e+00 -7.204953999999999859e+00 -8.262382999999999811e+00 -3.283071000000000073e+00 -1.602254999999999985e+00
-1.022422000000000075e+01 8.137273999999999674e+00 2.258934999999999960e+01 1.443013999999999974e+01 1.243669000000000047e+01 -1.167575000000000074e+01 -9.901037999999999784e+00 4.218198000000000114e+00 -8.220964000000000382e+00 -9.207074999999999676e+00 -2.656467999999999829e+00 -3.794390000000000263e-01
-9.998359999999999914e+00 8.653100999999999487e+00 2.204439999999999955e+01 1.386905999999999928e+01 9.834459000000000728e+00 -1.347616000000000014e+01 -9.372612000000000165e+00 7.487193000000000431e+00 -8.545237000000000194e+00 -9.288947999999999539e+00 -1.933084999999999942e+00 -2.609796999999999922e+00
-9.859159000000000006e+00 8.510104999999999364e+00 2.043625000000000114e+01 1.319541000000000075e+01 8.936574999999999491e+00 -1.282525000000000048e+01 -9.313340999999999426e+00 1.017472000000000065e+01 -9.694247000000000725e+00 -1.024624000000000024e+01 -1.000737999999999905e+00 -3.468900000000000095e+00
-1.062038000000000082e+01 8.263769999999999172e+00 2.375808999999999926e+01 1.222441000000000066e+01 9.851627000000000578e+00 -1.454995000000000083e+01 -1.037520999999999916e+01 8.638332000000000122e+00 -1.038324000000000069e+01 -9.567857999999999308e+00 -2.373393000000000086e+00 -2.654885999999999857e+00
-1.033986999999999945e+01 7.965620999999999619e+00 2.379126000000000118e+01 1.122020999999999979e+01 7.508200999999999681e+00 -1.554005000000000081e+01 -1.206808999999999976e+01 9.421198999999999657e+00 -6.718201999999999785e+00 -9.668025000000000091e+00 -6.057153999999999705e+00 -2.776190000000000158e+00
-9.199994999999999479e+00 7.738391000000000020e+00 2.200647999999999982e+01 1.030347000000000079e+01 7.030073999999999934e+00 -1.802060000000000173e+01 -1.470018999999999920e+01 1.049695999999999962e+01 -5.991158000000000428e+00 -9.194478999999999402e+00 -3.238604000000000038e+00 -3.111172999999999966e+00
-8.702978999999999132e+00 8.106301000000000201e+00 2.114102000000000103e+01 8.909083000000000752e+00 6.336488000000000120e+00 -2.037672999999999845e+01 -1.818534000000000006e+01 1.316347999999999985e+01 -3.987246999999999986e+00 -7.691669000000000089e+00 -3.358635000000000037e+00 -3.408047999999999966e+00
-8.157348999999999961e+00 6.944968000000000252e+00 1.998218999999999923e+01 7.524111000000000438e+00 5.571227000000000373e+00 -1.953453000000000017e+01 -1.876983999999999853e+01 1.437359999999999971e+01 -1.644413999999999945e-02 -9.036429999999999296e+00 -3.880028999999999950e+00 -3.790315999999999796e+00
-8.345767999999999631e+00 6.644792999999999950e+00 1.995073999999999970e+01 5.424227000000000132e+00 6.963976999999999862e+00 -1.866000000000000014e+01 -2.164950999999999937e+01 1.539095999999999975e+01 1.493859000000000048e+00 -7.620292000000000066e+00 -2.754701999999999984e+00 -3.697741999999999862e+00
-8.484365000000000379e+00 7.049755000000000216e+00 1.892460000000000164e+01 4.481029000000000373e+00 7.212054000000000187e+00 -1.725190999999999875e+01 -2.183736000000000033e+01 1.296813000000000038e+01 4.248465999999999632e+00 -6.205652999999999864e+00 -2.099616999999999845e+00 -2.726710999999999885e+00
-8.561061000000000476e+00 7.424611999999999767e+00 1.840203999999999951e+01 4.260366000000000319e+00 8.093628999999999962e+00 -1.900760000000000005e+01 -2.171836000000000055e+01 1.227100000000000080e+01 4.445566999999999602e+00 -4.294075999999999560e+00 -1.497718000000000105e+00 -5.941151000000000071e-01
-8.413707999999999743e+00 7.615657999999999817e+00 1.697654999999999959e+01 3.813658999999999910e+00 9.470499000000000223e+00 -1.943402000000000029e+01 -2.153278999999999854e+01 9.368835000000000690e+00 7.387677000000000049e+00 -2.143777000000000044e+00 -2.679428000000000143e+00 4.369686999999999877e-01
-7.714081000000000188e+00 9.308738999999999209e+00 1.529086000000000034e+01 2.478918000000000177e+00 9.052887999999999380e+00 -1.847889999999999944e+01 -2.206623000000000090e+01 1.070698999999999934e+01 6.869730999999999810e+00 -2.567238999999999827e+00 -2.112114000000000047e+00 -1.560356999999999994e+00
-7.908840999999999788e+00 1.027380999999999922e+01 1.541104999999999947e+01 9.638803999999999705e-01 8.256294999999999717e+00 -1.819994000000000156e+01 -2.119175999999999860e+01 8.612149999999999750e+00 5.672388999999999903e+00 -6.253718000000000332e-01 5.096772999999999998e-01 -2.018838000000000132e+00
-8.057403000000000759e+00 1.010158000000000023e+01 1.597237999999999936e+01 -3.905938999999999939e-01 8.928419999999999135e+00 -1.840097000000000094e+01 -2.107093000000000060e+01 9.589223999999999748e+00 7.355455000000000076e+00 -4.655238999999999905e-01 -1.613390000000000102e+00 -3.489134999999999875e-01
-8.141647000000000745e+00 1.089181999999999917e+01 1.490443999999999924e+01 1.637539000000000078e-01 1.080701999999999963e+01 -1.937334999999999852e+01 -2.187611000000000061e+01 7.261338000000000292e+00 6.949256000000000100e+00 1.725262000000000073e+00 -4.993971999999999856e-01 -7.054435000000000011e-01
-7.733708000000000027e+00 1.025355000000000061e+01 1.239377999999999957e+01 1.163464000000000054e+00 1.156498999999999988e+01 -2.084167000000000058e+01 -2.207808999999999955e+01 8.857281999999999655e+00 8.053703999999999752e+00 6.303189999999999626e-01 1.859372999999999942e+00 -2.034800000000000164e+00
-6.696496999999999922e+00 9.902720000000000411e+00 1.031908999999999921e+01 -1.223460999999999910e+00 1.122763999999999918e+01 -1.498301000000000016e+01 -2.278341999999999956e+01 7.550777000000000072e+00 7.802787000000000361e+00 1.698871000000000020e+00 1.013633000000000006e+00 -1.141380000000000061e+00
-7.043744000000000227e+00 9.749883000000000521e+00 9.918449000000000737e+00 -2.159931999999999963e+00 1.405864000000000047e+01 -1.784303999999999846e+01 -2.138552999999999926e+01 9.233323000000000391e+00 5.803332000000000157e+00 8.810373000000000232e-01 -4.665558000000000205e-01 -5.410447000000000450e-01
-7.310067000000000093e+00 8.722281999999999869e+00 9.736655000000000726e+00 -1.431116999999999972e+00 1.191048999999999936e+01 -1.675950999999999880e+01 -2.062913999999999959e+01 9.806447000000000358e+00 4.712595000000000312e+00 -2.920824000000000087e+00 1.079026000000000041e+00 3.184264999999999901e+00
-7.332110000000000127e+00 7.400585999999999665e+00 9.450608000000000786e+00 -1.317198000000000091e+00 1.091347000000000023e+01 -1.382022000000000084e+01 -1.923808000000000007e+01 8.567553999999999448e+00 7.401730999999999838e+00 -2.561240999999999879e+00 6.172111999999999599e-01 3.543787000000000020e+00
-8.370226000000000610e+00 3.395550000000000068e+00 1.098811000000000071e+01 3.588520000000000043e-01 1.105381000000000036e+01 -1.528367000000000075e+01 -1.909856999999999871e+01 7.919913000000000203e+00 5.919534999999999769e+00 -8.604952000000000156e-01 2.105538000000000132e+00 1.090174999999999894e+00
-8.864523999999999404e+00 2.446105000000000196e+00 1.113199000000000005e+01 3.628885000000000027e-01 1.252983000000000047e+01 -1.443482000000000021e+01 -2.169464999999999932e+01 8.848651000000000266e+00 6.572537999999999769e+00 -1.782094999999999985e+00 2.541195000000000093e+00 4.411585000000000090e-01
-8.699657000000000195e+00 6.481245999999999619e+00 1.092952000000000012e+01 -1.076352999999999893e+00 1.118943999999999939e+01 -1.311086000000000062e+01 -2.206031000000000120e+01 8.910795999999999495e+00 5.656621000000000343e+00 -1.215878999999999932e+00 1.634714000000000000e+00 9.580971000000000348e-01
-7.123762000000000150e+00 8.748913999999999191e+00 8.212510999999999228e+00 -2.960059000000000218e+00 9.103104999999999336e+00 -1.511186000000000007e+01 -1.992563000000000173e+01 9.030196999999999363e+00 6.560539999999999594e+00 -1.526577999999999991e+00 1.610300999999999982e+00 8.934547999999999934e-01
-8.342446000000000694e+00 6.360248999999999597e+00 7.474133000000000138e+00 -2.955124999999999780e+00 1.050057999999999936e+01 -1.320207000000000086e+01 -2.047822000000000031e+01 8.990493000000000734e+00 7.696867000000000125e+00 -4.397323000000000204e-01 2.853044000000000135e+00 7.855182000000000553e-01
-9.662888999999999839e+00 4.352809999999999846e+00 8.465816999999999481e+00 -1.723540000000000072e+00 1.010528000000000048e+01 -1.300768000000000058e+01 -2.081060000000000088e+01 6.209171999999999692e+00 7.052433999999999870e+00 -9.156771999999999689e-01 5.866897999999999946e+00 1.057455000000000034e+00
-8.853353000000000250e+00 6.654055999999999749e+00 5.996083999999999747e+00 -6.334584000000000437e+00 7.038657999999999859e+00 -9.642860000000000653e+00 -1.872653000000000034e+01 5.266911999999999594e+00 2.600363999999999898e+00 -7.507308999999999788e-01 7.184332999999999636e+00 2.026489999999999903e+00
-1.222677999999999976e+01 4.909740000000000215e+00 3.286398999999999848e+00 -3.951694999999999958e+00 1.663799000000000028e+00 -9.969201999999999231e+00 -1.779733999999999838e+01 2.096314000000000011e+00 6.986963000000000257e+00 3.985924999999999940e+00 6.882075999999999638e+00 2.372844999999999871e+00
-1.633425000000000082e+01 3.327815000000000190e+00 -4.929427000000000114e-01 -5.312897000000000425e+00 5.740631999999999957e-01 -5.334876000000000396e+00 -1.202796000000000021e+01 -6.579620000000000468e-01 2.302143000000000050e+00 1.771746999999999961e+00 3.661582000000000114e+00 9.981991999999999532e-01
-1.757015000000000171e+01 3.745512999999999870e+00 2.622364999999999835e-01 -1.516780999999999935e+00 1.395979000000000081e+00 -6.775742000000000154e+00 -1.393102999999999980e+01 -3.366204000000000196e+00 -2.225340000000000096e+00 2.731133999999999951e+00 7.506643999999999650e+00 -4.331080999999999959e-01
-1.760758999999999830e+01 3.885034999999999794e+00 1.359895999999999994e+00 -3.348012000000000210e+00 1.978401999999999994e+00 -5.100635999999999726e+00 -1.410200000000000031e+01 -1.665820000000000078e+00 1.458895000000000053e+00 1.198633999999999977e+00 6.353416000000000174e+00 1.150627000000000066e+00
-5.777955000000000396e+00 7.598580000000000112e+00 -1.711407000000000067e-01 -5.983406999999999698e+00 1.386536999999999908e+00 -1.249123000000000039e-01 -5.146571999999999925e+00 2.886373999999999995e+00 5.383765000000000356e+00 -5.575559000000000154e+00 4.352754999999999819e-01 -1.318431999999999937e-01
-3.928790999999999922e+00 5.369989999999999597e+00 -4.322008999999999990e-01 -6.649879999999999569e+00 -7.448652000000000051e-01 4.188438999999999912e-01 -5.535482000000000014e+00 3.209188000000000152e+00 9.761794000000000082e+00 -7.225321000000000105e+00 6.849784000000000428e-02 3.394552000000000014e+00
-3.067921000000000120e+00 3.306973000000000162e+00 -1.573801000000000005e+00 -9.752164999999999750e+00 -1.058610000000000051e+00 -1.730499000000000009e+00 -2.601100000000000190e+00 4.697239999999999860e+00 1.175131000000000014e+01 -6.818354000000000248e+00 -1.058864000000000027e+00 4.492871000000000059e+00
-2.096235000000000070e+00 1.091614000000000040e+01 -3.271554000000000073e+00 -1.275488000000000000e+01 -1.259044999999999970e+00 -1.964739000000000013e+00 4.623610000000000220e+00 2.233840999999999966e+00 9.737455999999999889e+00 -6.672901000000000415e+00 -3.500173000000000201e+00 5.285536999999999708e+00
-1.927745000000000042e+00 1.347559000000000040e+01 -1.554845999999999950e+00 -1.247725999999999935e+01 -1.430725000000000025e+00 -1.904517999999999933e+00 2.463856999999999964e+00 3.029942999999999831e+00 9.690151999999999433e+00 -3.835824999999999818e+00 -3.029640000000000111e+00 2.386411999999999978e+00
-2.013198000000000043e+00 1.340437999999999974e+01 -1.656082000000000054e+00 -9.703727000000000658e+00 -1.778934000000000071e-01 -1.997948999999999975e+00 2.988634999999999931e+00 4.692974999999999786e-01 1.084395999999999916e+01 -5.875760999999999790e+00 -3.559171000000000085e+00 3.656512000000000207e+00
-1.815115999999999952e+00 1.316933000000000042e+01 -1.273968999999999907e+00 -9.282135000000000247e+00 1.088673000000000002e+00 -9.423177999999999832e-01 5.543682000000000443e+00 -1.439103000000000021e+00 8.030051999999999524e+00 -3.343685999999999936e+00 -7.569602999999999859e+00 2.573954000000000075e+00
-2.072381000000000029e+00 1.287002999999999986e+01 -2.534220999999999835e-01 -9.561999999999999389e+00 -1.174063999999999997e+00 -1.213753000000000082e+00 6.362993000000000343e+00 -3.086784000000000194e-01 8.873984999999999346e+00 -5.997220999999999691e+00 -7.511766999999999861e+00 3.769236999999999949e+00
-2.322700000000000209e+00 1.421574999999999989e+01 -1.836337000000000108e-01 -1.082990999999999993e+01 -2.465652000000000121e-01 -2.524436000000000124e+00 7.095677000000000234e+00 -2.707917000000000129e+00 9.278126999999999569e+00 -1.948839999999999906e+00 -1.017511999999999972e+01 2.733565000000000023e+00
-2.149379000000000151e+00 1.403396000000000043e+01 3.742424999999999780e-01 -1.104608999999999952e+01 -1.877950000000000008e+00 -1.555150999999999950e+00 5.382282000000000011e+00 -1.357391999999999932e+00 8.955567000000000277e+00 -4.646162000000000347e+00 -7.040072000000000330e+00 3.497898999999999869e+00
-1.683162000000000047e+00 1.353810999999999964e+01 -3.283800000000000052e-01 -9.901963999999999544e+00 -2.105855000000000032e+00 -2.756461999999999968e+00 3.998981999999999815e+00 -4.830323999999999729e-01 9.680554000000000769e+00 -3.877812000000000037e+00 -8.105819999999999581e+00 2.632810000000000095e+00
-2.310621999999999954e+00 1.476110000000000078e+01 2.299269999999999925e-01 -1.071779000000000082e+01 -1.504118000000000066e+00 -3.824049000000000031e+00 2.175250999999999824e+00 4.370737000000000094e-01 1.069655999999999985e+01 -2.328816999999999915e+00 -7.971548000000000300e+00 1.025133000000000072e+00
-2.477300000000000058e+00 1.482797000000000054e+01 2.129722000000000115e+00 -9.465571999999999875e+00 -2.190406999999999993e+00 -6.261652999999999913e+00 2.161085000000000089e-01 1.802847000000000088e+00 1.208071999999999946e+01 -4.289357999999999782e-01 -1.031287999999999982e+01 -1.153350000000000097e+00
-2.526518999999999959e+00 1.526274000000000086e+01 1.756224999999999925e+00 -8.363155000000000783e+00 -3.349244000000000110e+00 -9.855845999999999663e+00 3.638339000000000212e+00 2.822789999999999910e+00 1.040211000000000041e+01 -1.678628999999999927e+00 -8.666738999999999749e+00 2.043364000000000014e-01
-2.416004000000000040e+00 1.551139000000000046e+01 3.169223999999999819e+00 -7.230241000000000362e+00 -5.684086999999999890e+00 -1.007945999999999920e+01 3.251253000000000171e+00 3.863735000000000142e+00 1.034693000000000040e+01 -1.699022000000000032e+00 -8.726319000000000159e+00 4.770709000000000199e-01
-1.904192000000000107e+00 1.640381000000000000e+01 2.613501999999999992e+00 -5.458211999999999620e+00 -6.397844000000000086e+00 -1.216414999999999935e+01 4.012660000000000338e+00 4.510513999999999690e+00 8.351582999999999757e+00 -7.835005000000000441e-02 -5.988273999999999653e+00 -9.775793999999999873e-01
-2.227282999999999902e+00 1.643015000000000114e+01 3.659466000000000108e+00 -5.339358999999999966e+00 -5.512836000000000070e+00 -1.194851000000000063e+01 1.623084999999999944e-01 5.770697000000000187e+00 9.605484999999999829e+00 -5.419988999999999502e-01 -5.344234000000000151e+00 -1.193851999999999913e+00
-2.102576000000000001e+00 1.758772000000000091e+01 3.629741000000000106e+00 -5.793690999999999924e+00 -5.270338999999999885e+00 -1.273757999999999946e+01 -1.144395000000000051e+00 7.173585000000000100e+00 1.054402999999999935e+01 8.603440999999999450e-01 -5.242221999999999937e+00 -2.538171000000000177e+00
-2.280124999999999957e+00 1.728493999999999886e+01 5.884077999999999697e+00 -6.525197000000000358e+00 -7.752824999999999633e+00 -1.092475999999999914e+01 -1.296675999999999940e+00 7.726858000000000004e+00 9.542412999999999812e+00 1.244218999999999964e+00 -3.671645999999999965e+00 -1.901524999999999910e+00
-2.381883000000000195e+00 1.670658999999999850e+01 6.005561000000000149e+00 -6.274035999999999724e+00 -7.237358000000000402e+00 -8.824569000000000329e+00 -2.755205000000000126e+00 5.055442000000000213e+00 9.203742999999999341e+00 6.636081000000000341e-01 -2.020805999999999991e-01 -1.029137999999999997e-01
-3.083321000000000200e+00 1.737959999999999994e+01 9.150346000000000757e+00 -5.917029000000000316e+00 -1.029711999999999961e+01 -8.702799999999999869e+00 -2.117811000000000110e+00 5.724086999999999925e+00 8.852047000000000665e+00 -1.311547999999999936e+00 1.869834999999999914e+00 1.604120999999999908e+00
-2.792841999999999825e+00 1.811570999999999998e+01 8.490802999999999656e+00 -4.879645000000000010e+00 -9.460608000000000573e+00 -9.728320000000000078e+00 -5.817249000000000336e+00 5.672298999999999758e+00 1.049501000000000062e+01 -4.388326000000000171e-01 1.897736000000000089e+00 3.057174999999999976e+00
-2.768082000000000154e+00 1.821413000000000082e+01 1.008085999999999949e+01 -4.652702999999999811e+00 -1.078340000000000032e+01 -8.853794000000000608e+00 -7.304956999999999923e+00 4.279193000000000247e+00 1.044289999999999985e+01 1.671880000000000033e+00 1.861987999999999976e+00 2.240766999999999953e+00
-2.604121000000000130e+00 1.862023999999999901e+01 9.801273000000000124e+00 -3.957974000000000103e+00 -1.101045000000000051e+01 -9.994884000000000768e+00 -4.962831000000000437e+00 4.497567000000000093e+00 8.793774000000000868e+00 1.657183999999999990e+00 1.699815999999999994e+00 3.834677000000000113e+00
-2.951970999999999901e+00 1.785056000000000154e+01 9.796103999999999701e+00 -3.252032999999999952e+00 -1.091344999999999921e+01 -1.042750000000000021e+01 -7.769553000000000154e+00 5.862190000000000012e+00 8.969621999999999318e+00 1.446652999999999967e+00 3.412510000000000154e+00 2.766084999999999905e+00
-3.494279999999999831e+00 1.860692999999999842e+01 9.708652999999999977e+00 -3.760634000000000032e+00 -1.203450999999999915e+01 -1.121169000000000082e+01 -7.219242000000000381e+00 4.483469000000000371e+00 1.031436000000000064e+01 2.053955000000000197e+00 1.798920999999999992e+00 3.711179000000000006e+00
-3.464989999999999792e+00 1.778282000000000096e+01 9.231336000000000652e+00 -2.882467999999999808e+00 -1.136453000000000024e+01 -1.052535999999999916e+01 -7.284441000000000166e+00 3.937965000000000160e+00 8.832166000000000849e+00 2.271700999999999929e-02 2.423779999999999824e+00 4.409474999999999589e+00
-3.678472000000000186e+00 1.890709999999999980e+01 8.514927999999999386e+00 -4.484962999999999589e+00 -1.070486000000000004e+01 -1.055457999999999963e+01 -4.915869999999999962e+00 3.903439999999999799e+00 7.802101999999999649e+00 -1.683206999999999898e-01 2.148261000000000198e+00 5.776538999999999646e+00
-4.055913000000000324e+00 1.781494999999999962e+01 9.513503999999999294e+00 -3.811763000000000012e+00 -1.158084999999999987e+01 -9.982043000000000887e+00 -7.672438999999999787e+00 3.563074999999999992e+00 9.248647999999999314e+00 2.792314000000000185e+00 3.441574000000000133e+00 3.227758999999999823e+00
-4.152840999999999561e+00 1.689097999999999900e+01 1.039663000000000004e+01 -4.131992999999999583e+00 -1.175595999999999997e+01 -9.729205999999999577e+00 -1.127384999999999948e+01 4.994159999999999933e+00 1.140750000000000064e+01 7.328854999999999675e-01 3.960641999999999996e+00 3.756867000000000179e+00
-3.803479999999999972e+00 1.880462999999999951e+01 8.926764999999999617e+00 -1.542793999999999999e+00 -1.209760999999999953e+01 -8.527008999999999617e+00 -8.005725999999999232e+00 7.866448999999999803e-01 7.968009000000000341e+00 3.408014000000000099e+00 2.514167000000000041e+00 -7.945551999999999823e-03
-4.946073000000000164e+00 1.621941999999999950e+01 8.222849999999999326e+00 -1.122548000000000101e+00 -8.991493000000000180e+00 -7.947828000000000337e+00 -1.030044000000000004e+01 -6.550848000000000226e-01 8.434195000000000775e+00 3.566062000000000065e+00 4.253308999999999784e+00 2.242363000000000106e+00
-5.820529999999999760e+00 1.663278000000000034e+01 7.988929999999999865e+00 -1.835217000000000098e+00 -9.119823999999999486e+00 -1.059045000000000059e+01 -9.162883000000000777e+00 6.718475000000000419e-01 7.019870000000000054e+00 2.802811000000000163e+00 3.052998999999999796e+00 2.326557999999999904e+00
-5.880316999999999794e+00 1.604690000000000083e+01 7.483609999999999651e+00 -2.955573999999999923e+00 -9.809545999999999211e+00 -8.352546000000000248e+00 -1.062096000000000018e+01 8.102373999999999965e-01 5.298411999999999900e+00 1.245419000000000054e+00 5.582078000000000095e+00 1.907580000000000053e+00
-9.109711000000000780e+00 1.265177000000000085e+01 2.206834000000000184e+00 -4.218105000000000437e+00 -9.324121999999999133e+00 -7.615287000000000361e+00 -9.263643999999999323e+00 -3.464027000000000189e+00 4.983050999999999675e+00 3.928643999999999803e+00 7.238680999999999699e+00 3.026450000000000085e+00
-1.553980999999999923e+01 4.890056999999999654e+00 -3.971591999999999789e+00 -4.084451999999999749e+00 -6.772105999999999959e+00 -3.754086000000000034e+00 -4.393371000000000137e+00 -3.440145999999999926e+00 1.561045000000000016e+00 1.931594999999999951e+00 8.697072999999999610e+00 4.042969000000000257e+00
-2.103053999999999846e+01 1.031201000000000034e+00 -4.440293999999999741e+00 6.095642999999999478e-01 4.072892999999999653e+00 8.176669000000000409e+00 2.662610999999999728e-01 -2.105682000000000109e-01 1.402336000000000027e+00 3.940040000000000209e+00 8.733401999999999887e+00 3.355846000000000107e+00
