-5.814786999999999928e+00 5.792862999999999651e+00 2.449057000000000039e-01 -6.843085000000000306e+00 -5.314160000000000217e+00 -1.933179999999999898e+00 1.220382999999999996e+00 1.167243999999999993e+01 1.077469999999999928e+01 -1.006160000000000032e+01 -1.875175999999999954e+00 6.165937999999999697e+00
-2.222935000000000105e+00 8.060750000000000526e+00 -2.613328999999999791e-01 -9.312120999999999427e+00 -7.758453000000000266e+00 -4.394674000000000191e+00 -2.765546000000000060e+00 1.053785000000000061e+01 1.192868999999999957e+01 -1.057314000000000043e+01 -3.650427000000000088e+00 5.906061000000000227e+00
-1.737454000000000054e+00 7.309899999999999842e+00 -2.947255999999999876e+00 -1.033164000000000016e+01 -7.711310000000000109e+00 -3.275673999999999975e+00 -4.727397999999999878e-01 1.204989999999999917e+01 1.050441000000000003e+01 -1.202336999999999989e+01 -4.655598999999999599e+00 4.655853999999999715e+00
-5.627385000000000304e-01 7.405134999999999579e+00 -3.420338000000000100e+00 -1.132424999999999926e+01 -7.234251999999999683e+00 -3.448357000000000117e+00 -5.716900999999999788e-01 1.147212999999999994e+01 1.119241000000000064e+01 -1.181695000000000029e+01 -4.292735000000000412e+00 4.516320000000000334e+00
-1.269941999999999904e+00 8.256062999999999263e+00 -1.552037000000000111e+00 -1.088643000000000072e+01 -6.230325999999999809e+00 -1.588578000000000046e+00 -2.459972000000000047e+00 1.077180000000000071e+01 1.441127000000000002e+01 -1.378401999999999994e+01 -7.575743000000000116e+00 3.275309000000000026e+00
-1.612956000000000056e+00 8.542576000000000391e+00 -2.438855000000000217e+00 -1.026659000000000077e+01 -3.428462000000000121e+00 -4.175765000000000171e+00 9.404382000000000019e-02 9.965529000000000082e+00 9.365161999999999765e+00 -1.337223999999999968e+01 -6.234824999999999839e+00 2.213013000000000119e+00
-1.400217000000000045e+00 9.405879000000000545e+00 -2.537603999999999971e+00 -9.964171999999999585e+00 -5.324240999999999779e+00 -1.532418000000000058e+00 2.084017999999999926e+00 4.227055000000000007e+00 9.708873000000000530e+00 -9.183662999999999244e+00 -1.081991000000000014e+01 4.189074999999999882e+00
-7.170782999999999463e-01 1.008356000000000030e+01 -3.392468000000000039e+00 -1.082732000000000028e+01 -5.358042000000000193e+00 -9.062519999999999465e-01 1.929235999999999951e+00 5.783891999999999811e+00 8.188333999999999335e+00 -1.024732000000000021e+01 -7.557358999999999938e+00 1.604101999999999917e+00
-9.827611000000000541e-01 1.207784000000000013e+01 -3.653875999999999902e+00 -1.114662000000000042e+01 -6.128034999999999677e+00 -2.289625000000000021e+00 1.378902999999999990e+00 5.791973999999999734e+00 8.815051000000000414e+00 -9.997659999999999769e+00 -8.053050000000000708e+00 2.767549999999999955e+00
-1.575412999999999952e+00 1.252468999999999966e+01 -2.245681999999999956e+00 -1.326289000000000051e+01 -7.531932000000000293e+00 -4.481016000000000332e+00 3.941891000000000034e+00 5.787605000000000111e+00 9.625909000000000049e+00 -9.356650000000000134e+00 -9.350994999999999280e+00 3.892415999999999876e+00
-2.613757999999999804e+00 1.005907000000000018e+01 5.774325999999999626e-01 -1.231375000000000064e+01 -7.774167000000000272e+00 -7.456356000000000428e+00 1.165051000000000059e+00 9.138071000000000055e+00 1.202148000000000039e+01 -1.180951999999999913e+01 -1.010177000000000014e+01 4.756206999999999852e+00
-2.172879000000000005e+00 1.276332000000000022e+01 5.632568999999999493e-01 -1.380080000000000062e+01 -9.952802000000000149e+00 -5.848342999999999847e+00 9.250272999999999968e-01 6.183422000000000196e+00 1.105019000000000062e+01 -8.996083000000000496e+00 -8.710755000000000692e+00 3.123581000000000163e+00
-2.075975000000000126e+00 1.380874999999999986e+01 2.058907000000000043e+00 -1.353528999999999982e+01 -1.258328999999999986e+01 -4.914251000000000147e+00 1.485579999999999901e+00 4.967135999999999996e+00 8.854075999999999169e+00 -7.168834999999999624e+00 -9.302735000000000198e+00 4.383583999999999925e+00
-2.387542999999999971e+00 1.459834000000000032e+01 1.763862000000000041e+00 -1.397279999999999944e+01 -1.131251999999999924e+01 -7.561417999999999751e+00 3.455365000000000020e+00 4.578745999999999761e+00 9.461714000000000624e+00 -8.897384999999999877e+00 -9.662611999999999313e+00 4.906335000000000335e+00
-2.263364999999999849e+00 1.438876999999999917e+01 2.118733000000000199e+00 -1.462547999999999959e+01 -1.112542999999999971e+01 -8.410695999999999728e+00 1.905308999999999919e+00 5.046867999999999910e+00 1.018526999999999916e+01 -7.010175000000000267e+00 -9.066264999999999574e+00 3.773873000000000033e+00
-2.192772999999999861e+00 1.443853999999999971e+01 2.440929000000000126e+00 -1.249606999999999957e+01 -1.187171000000000021e+01 -1.054554000000000080e+01 2.075543000000000138e+00 5.393316999999999695e+00 9.389443999999999235e+00 -6.213159000000000098e+00 -8.333643999999999608e+00 2.708778000000000130e+00
-1.644401000000000002e+00 1.573766999999999960e+01 1.179537000000000058e+00 -1.239786999999999928e+01 -1.218628999999999962e+01 -1.178489000000000075e+01 3.561792000000000069e+00 5.164170999999999623e+00 8.625128000000000128e+00 -6.087398000000000309e+00 -9.666748000000000118e+00 3.160163999999999973e+00
-2.324009999999999909e+00 1.543609000000000009e+01 2.977681000000000022e+00 -1.219209000000000032e+01 -1.251657999999999937e+01 -1.077094999999999914e+01 1.937211999999999934e+00 5.469771999999999856e+00 5.661522999999999861e+00 -6.229077000000000197e+00 -6.628942000000000334e+00 4.683640999999999721e+00
-2.381766999999999967e+00 1.714602000000000004e+01 4.601151999999999909e+00 -1.008270000000000088e+01 -1.321127000000000073e+01 -1.471706000000000003e+01 1.890062000000000131e-01 6.969159000000000326e+00 6.878243000000000329e+00 -5.159049000000000440e+00 -8.888854999999999507e+00 4.539109999999999978e+00
-2.691088999999999842e+00 1.720788999999999902e+01 5.600895000000000401e+00 -1.053459999999999930e+01 -1.347277000000000058e+01 -1.236597000000000079e+01 -4.288725999999999927e-01 5.967819999999999681e+00 4.343626000000000431e+00 -4.833768000000000065e+00 -5.213338000000000250e+00 3.224933000000000050e+00
-2.725100999999999996e+00 1.876608999999999838e+01 5.203977000000000075e+00 -1.100901999999999958e+01 -1.284599000000000046e+01 -1.179635000000000034e+01 -2.144426999999999861e+00 4.279043999999999848e+00 3.439976000000000145e+00 -1.935429999999999984e+00 -2.419127000000000027e+00 2.988245000000000040e+00
-2.415779999999999816e+00 1.745646999999999949e+01 5.378409999999999691e+00 -8.606593000000000160e+00 -1.263458999999999932e+01 -1.457952000000000048e+01 -2.791218999999999895e+00 5.261595999999999940e+00 6.637731999999999744e+00 -1.089064999999999950e+00 -4.301927000000000056e+00 1.889966000000000035e+00
-2.618892000000000220e+00 1.858396000000000114e+01 6.169121999999999773e+00 -7.290919999999999845e+00 -1.235529000000000011e+01 -1.455469000000000079e+01 -2.484398000000000106e+00 3.152973999999999943e+00 6.458504999999999718e+00 -1.280814000000000119e-01 -4.820140000000000313e+00 8.806452999999999642e-01
-2.949390999999999874e+00 1.817100999999999900e+01 7.877406999999999826e+00 -6.018404000000000309e+00 -1.145484000000000080e+01 -1.459863000000000000e+01 -5.653300999999999910e+00 4.740174999999999805e+00 5.006765999999999828e+00 -1.612802999999999987e+00 -3.080048999999999815e+00 2.442703999999999986e+00
-2.318875999999999937e+00 1.896705000000000041e+01 6.272675999999999696e+00 -6.498452000000000339e+00 -1.206028000000000056e+01 -1.449164999999999992e+01 -4.478857999999999784e+00 4.790198000000000178e+00 4.689650999999999570e+00 -4.987311999999999856e-01 -2.895284999999999886e+00 -1.662580999999999920e-01
-2.578783000000000047e+00 1.917823999999999884e+01 6.631631999999999749e+00 -4.132304000000000421e+00 -1.156839000000000084e+01 -1.725763999999999854e+01 -4.692960000000000242e+00 5.653699999999999726e+00 3.435639999999999805e+00 -1.215621000000000063e+00 -1.535063000000000066e+00 2.241000000000000103e+00
-2.025598000000000010e+00 1.967915999999999954e+01 7.094623999999999597e+00 -5.611849999999999561e+00 -1.218599000000000032e+01 -1.581160999999999994e+01 -4.916282999999999959e+00 4.346542000000000350e+00 3.929959000000000202e+00 1.770272000000000068e+00 -8.934446999999999806e-01 -2.186700000000000088e+00
-2.322405999999999970e+00 1.958177999999999841e+01 6.826728000000000129e+00 -2.730316000000000187e+00 -9.763638000000000261e+00 -1.785553000000000168e+01 -3.692738999999999994e+00 2.315685999999999911e+00 2.981501999999999875e+00 1.005093000000000014e+00 7.416249999999999787e-01 5.318108000000000279e-01
-2.676648999999999834e+00 1.965764000000000067e+01 7.065551000000000137e+00 -2.345028000000000112e+00 -9.065989000000000075e+00 -1.920527999999999835e+01 -4.364703999999999695e+00 3.301951999999999998e+00 2.833495000000000097e+00 2.024446000000000190e+00 -1.064419999999999922e+00 1.581112999999999991e+00
-2.444015999999999966e+00 1.962105999999999995e+01 6.671757000000000382e+00 -1.840273999999999965e+00 -1.097985000000000078e+01 -1.781120999999999910e+01 -4.915287000000000184e+00 3.873615000000000030e+00 4.071028000000000091e+00 1.249981999999999926e+00 -1.294686000000000003e+00 9.006357999999999864e-01
-1.955969000000000069e+00 1.855005999999999844e+01 8.089560999999999780e+00 -2.682154999999999845e+00 -1.133120000000000083e+01 -1.527904000000000018e+01 -7.044338999999999906e+00 3.121519000000000155e+00 3.623539000000000065e+00 1.598344999999999905e+00 9.516677000000000053e-01 5.865848000000000173e-01
-1.768578999999999901e+00 1.951640000000000086e+01 6.281086000000000169e+00 -4.301492999999999789e+00 -1.024099000000000004e+01 -1.399385000000000012e+01 -8.770362000000000435e+00 2.431242000000000125e+00 5.577112999999999765e+00 3.603355999999999781e+00 -3.655803000000000247e-01 1.552726000000000051e+00
-1.805158000000000040e+00 1.904803000000000068e+01 7.000440000000000218e+00 -2.527352000000000043e+00 -1.222364999999999924e+01 -1.699898999999999916e+01 -6.189925999999999817e+00 4.045529000000000153e+00 4.828985000000000305e+00 3.497228999999999921e+00 -4.273981000000000030e-01 -7.989904000000000450e-02
-1.898212000000000010e+00 1.952232000000000056e+01 6.878144999999999953e+00 -4.803744000000000014e+00 -1.131578000000000017e+01 -1.664217000000000013e+01 -5.054615000000000080e+00 4.662627999999999773e+00 4.145899000000000001e+00 2.078040999999999805e+00 1.760724999999999929e-01 6.075747999999999704e-01
-2.537710999999999828e+00 1.995841000000000065e+01 8.194316999999999851e+00 -2.904196999999999917e+00 -1.187823000000000029e+01 -1.814434999999999931e+01 -4.441221999999999781e+00 4.274675000000000225e+00 4.469663999999999859e+00 9.172730000000000050e-01 -1.871958999999999929e+00 2.667197999999999958e+00
-2.757509000000000210e+00 1.976445000000000007e+01 7.581159999999999677e+00 -3.333581000000000127e+00 -9.854364999999999597e+00 -1.632545000000000002e+01 -3.841537999999999897e+00 3.031083999999999889e+00 1.253406999999999938e+00 1.970852000000000048e+00 -3.622161000000000186e+00 1.131126000000000076e+00
-2.350963000000000136e+00 1.875828999999999880e+01 6.670556000000000374e+00 -4.886618999999999602e+00 -9.486121000000000691e+00 -1.660778000000000176e+01 -2.774769000000000041e+00 2.438013000000000208e+00 3.237388999999999961e-01 2.684823999999999877e+00 -2.178059999999999885e+00 -1.600610000000000088e-01
-2.218764000000000181e+00 1.861840000000000117e+01 6.013189999999999813e+00 -5.336018000000000150e+00 -1.290380000000000038e+01 -1.494246000000000052e+01 -3.757044000000000050e+00 5.611759000000000164e+00 2.028129999999999988e+00 8.607601999999999753e-01 -2.272511000000000170e+00 -4.084998999999999825e+00
-2.591296999999999962e+00 1.819172000000000011e+01 5.051649000000000278e+00 -7.014776000000000344e+00 -1.046188000000000073e+01 -1.506738999999999962e+01 -4.858957000000000193e+00 9.486705000000000609e+00 2.830893000000000104e+00 -1.449367000000000072e+00 -3.116357999999999961e+00 -4.982173000000000407e+00
-3.570281000000000038e+00 1.600265999999999877e+01 5.194366999999999734e+00 -2.032293000000000127e+00 -9.385016000000000247e+00 -1.514189000000000007e+01 -5.789388999999999896e+00 9.728519999999999612e+00 6.501055000000000028e-01 -2.973621000000000070e+00 -1.090848000000000040e+00 -4.165561000000000291e+00
-4.388186000000000142e+00 1.803649000000000058e+01 6.424044000000000310e+00 -4.879425999999999597e+00 -7.414817000000000213e+00 -1.330082999999999949e+01 -2.487388999999999850e+00 6.215095999999999954e+00 -1.129445000000000032e+00 -2.736161000000000065e+00 -2.826343000000000050e+00 -3.536859000000000197e+00
-6.075014999999999610e+00 1.658617999999999881e+01 7.128740999999999772e+00 -1.827765000000000084e+00 -6.793366999999999933e+00 -1.449891000000000041e+01 -6.526406999999999847e+00 6.349219999999999864e+00 4.396583000000000019e-01 -4.120593000000000394e+00 -3.599870000000000125e+00 -3.263589000000000073e+00
-7.653388999999999776e+00 1.441029999999999944e+01 6.719809999999999839e+00 -1.884370000000000100e+00 -6.785954000000000264e+00 -1.037209999999999965e+01 -5.182228000000000279e+00 5.580303999999999931e+00 -1.645100999999999924e-01 -3.989259999999999806e+00 -5.208511999999999809e+00 -3.487681999999999949e+00
-6.314385999999999832e+00 1.545358000000000054e+01 8.350248000000000559e+00 -1.387747999999999982e+00 -6.254934000000000438e+00 -7.634006000000000292e+00 -2.108535999999999966e+00 4.718549000000000326e+00 2.422195000000000042e-01 -5.141271999999999842e+00 -5.585163999999999795e+00 -5.037546999999999997e+00
-6.629482999999999571e+00 1.503148000000000017e+01 8.813719999999999999e+00 -2.270284000000000191e+00 -1.274435999999999902e+00 -8.601717000000000724e+00 -2.824368000000000212e+00 7.596086999999999811e+00 -6.108430999999999722e-01 -5.657581999999999667e+00 -4.576774999999999594e+00 -5.403972999999999693e+00
-6.818157000000000245e+00 1.721327000000000140e+01 9.256047999999999831e+00 -3.782354000000000216e+00 3.725076000000000082e-02 -5.105272000000000254e+00 -2.269299000000000177e+00 3.026278000000000024e+00 4.714566000000000034e-01 -1.867509000000000086e+00 -6.030757000000000367e+00 -2.249870000000000037e+00
-6.705208999999999975e+00 1.768757000000000090e+01 9.196222000000000563e+00 -2.928277000000000019e+00 4.816945000000000254e-01 -4.847394000000000425e+00 -1.808445000000000080e+00 2.270249999999999879e+00 -1.897807999999999939e+00 -3.184019000000000155e+00 -7.454405999999999644e+00 -4.970779000000000281e+00
-6.693658000000000108e+00 1.842201000000000022e+01 1.064813999999999972e+01 6.084349000000000007e-01 2.916422000000000181e-01 -3.401365999999999890e+00 -3.865008999999999806e-01 1.036707000000000045e+00 -1.790850000000000053e+00 -4.726314000000000348e+00 -7.296299000000000312e+00 -5.111311999999999856e+00
-6.557928999999999675e+00 1.881047999999999831e+01 1.030143999999999949e+01 2.417289999999999939e+00 4.005519999999999747e+00 -2.967748999999999970e+00 -2.126231999999999900e+00 -6.302252000000000409e-01 -3.769284999999999997e+00 -2.948150000000000048e+00 -6.009845000000000326e+00 -5.459347000000000172e+00
-7.031215999999999688e+00 1.954114999999999824e+01 1.199291000000000018e+01 4.052577000000000318e+00 2.233970999999999929e+00 -6.106984999999999886e+00 -8.954596999999999696e-01 -1.353923999999999905e+00 -3.766394000000000020e+00 -8.839734999999999676e-01 -3.454632999999999843e+00 -3.113659999999999872e+00
-6.920836000000000432e+00 1.853796000000000177e+01 1.195254000000000083e+01 3.818340000000000067e+00 3.560483000000000064e+00 -6.034397000000000233e+00 -2.571633999999999975e+00 9.397185000000000121e-01 -3.281035999999999841e+00 -2.490476000000000134e+00 -4.318703000000000181e+00 -3.215212000000000181e+00
-7.290161000000000335e+00 1.820140999999999920e+01 1.195373999999999981e+01 4.020991000000000426e+00 5.957633000000000401e+00 -5.655794000000000210e+00 -1.870257999999999976e+00 1.379224000000000006e+00 -3.334804000000000102e+00 -2.781000000000000139e+00 -6.786360000000000170e+00 -4.328083999999999598e+00
-7.258714999999999584e+00 1.845912999999999826e+01 1.209165999999999919e+01 5.869251000000000218e+00 4.467456999999999567e+00 -6.749578999999999773e+00 -8.548327000000000009e-01 1.738998000000000044e+00 -4.533023000000000025e+00 -2.136276000000000064e+00 -7.490255000000000329e+00 -5.222659000000000162e+00
-7.119134999999999991e+00 1.873003999999999891e+01 1.104002000000000017e+01 5.364498000000000211e+00 4.596727999999999703e+00 -5.262291000000000274e+00 1.054666999999999931e-02 5.672745999999999622e-01 -3.514898000000000078e+00 -1.600864000000000065e+00 -7.905285000000000117e+00 -5.662251000000000367e+00
-6.941692999999999891e+00 1.868134999999999835e+01 1.069763999999999982e+01 4.321215999999999724e+00 2.977873000000000214e+00 -4.124189000000000327e+00 -5.941222000000000447e-01 7.134123999999999466e-01 -8.501424999999999954e-02 -2.125929000000000180e+00 -9.348926999999999765e+00 -5.086324000000000289e+00
-7.086726999999999776e+00 1.840747999999999962e+01 1.140401999999999916e+01 2.623381999999999881e+00 2.743939999999999824e+00 -3.786081999999999947e+00 -1.328896999999999995e+00 1.305390999999999968e+00 -1.731300999999999979e+00 -2.620672000000000001e-01 -7.943891999999999953e+00 -5.495529999999999582e+00
-6.791845000000000354e+00 1.901951000000000036e+01 1.031296999999999997e+01 2.382264000000000159e+00 2.665369000000000099e+00 -5.319596999999999909e+00 -1.039274000000000031e+00 1.488226999999999967e+00 -1.565949000000000035e+00 -2.515681999999999974e+00 -6.875753999999999699e+00 -4.506798999999999999e+00
-6.439527000000000001e+00 1.844460000000000122e+01 1.168152000000000079e+01 -1.003085000000000004e+00 2.258579999999999810e+00 -4.806897000000000197e+00 -2.816142999999999841e+00 2.029526000000000163e+00 -2.103340999999999905e+00 -1.735645000000000104e+00 -5.682371999999999979e+00 -5.978900000000000325e+00
-5.705369000000000135e+00 1.911690000000000111e+01 1.121420999999999957e+01 -1.365231000000000083e+00 -1.256647000000000070e+00 -6.382818999999999576e+00 -3.734363000000000099e+00 5.371254000000000417e+00 -7.256061999999999790e-01 -3.484358999999999984e+00 -6.059484000000000314e+00 -6.350524000000000058e+00
-4.429898999999999809e+00 1.936762999999999835e+01 1.072671000000000063e+01 -2.776600999999999875e+00 -3.420752999999999933e+00 -7.642027999999999821e+00 -5.530173999999999701e+00 4.453796999999999784e+00 6.559423000000000337e-02 -2.291487000000000052e+00 -3.973304999999999865e+00 -6.934647000000000006e+00
-3.584719999999999906e+00 1.918147000000000091e+01 9.434806000000000026e+00 -4.629551000000000194e+00 -5.557877999999999652e+00 -9.021580999999999406e+00 -4.520482000000000333e+00 3.264380000000000059e+00 5.162634000000000389e-01 -1.440005000000000035e-01 -3.647209999999999841e+00 -5.904335999999999807e+00
-2.556322000000000205e+00 1.911393999999999949e+01 6.536006999999999678e+00 -5.123984000000000094e+00 -6.825388000000000233e+00 -1.237055999999999933e+01 -3.454210999999999920e+00 3.883226000000000067e+00 7.440550999999999693e-01 -2.185095000000000010e+00 -4.216898999999999731e+00 -1.147192999999999907e+00
-1.961103000000000041e+00 1.957773999999999859e+01 7.610712999999999617e+00 -6.193535999999999930e+00 -9.438385000000000247e+00 -1.507121000000000066e+01 -5.128390999999999700e+00 6.053886000000000323e+00 2.289743000000000084e+00 -9.335879999999999734e-01 -4.238959999999999617e+00 -4.269711000000000034e+00
-1.238496999999999959e+00 1.898104000000000013e+01 7.054979999999999585e+00 -7.940781999999999563e+00 -1.251332000000000022e+01 -1.441906999999999961e+01 -2.992109999999999825e+00 7.935546999999999684e+00 2.658603999999999967e+00 -2.662136999999999976e+00 -2.504843999999999848e+00 -3.378934000000000104e+00
-1.268658999999999981e+00 1.834102999999999994e+01 6.036255999999999844e+00 -6.285791999999999824e+00 -1.319317999999999991e+01 -1.513921000000000028e+01 -3.507549000000000028e+00 8.421580000000000510e+00 6.561704999999999899e+00 -2.352510999999999797e+00 -3.688804999999999890e+00 -1.581787000000000054e+00
-1.404387999999999970e+00 1.817073999999999856e+01 5.785419000000000089e+00 -6.622294000000000125e+00 -1.234638999999999953e+01 -1.597512000000000043e+01 -3.217178999999999789e+00 8.969651999999999958e+00 6.797012999999999749e+00 1.298005000000000075e+00 -4.898733000000000004e+00 -1.280529000000000028e+00
-1.370055000000000023e+00 1.893692000000000064e+01 4.016828000000000287e+00 -6.689531999999999812e+00 -1.160604999999999976e+01 -1.577799000000000085e+01 -3.954944999999999933e+00 1.046948000000000079e+01 6.212213000000000207e+00 5.313103999999999744e-02 -3.846222000000000030e+00 -1.414698000000000067e-01
-1.769862999999999964e+00 1.906685999999999837e+01 4.958426000000000222e+00 -4.614853000000000094e+00 -1.148834000000000088e+01 -1.493328999999999951e+01 -5.684207999999999927e+00 5.897917999999999772e+00 5.473912999999999585e+00 2.155778999999999890e+00 -8.383812000000000209e-02 -8.081534999999999691e-01
-2.418346999999999802e+00 1.857562000000000069e+01 5.391143999999999714e+00 -3.234757000000000104e+00 -1.115182000000000073e+01 -1.533939999999999948e+01 -5.644328999999999930e+00 3.681385999999999825e+00 5.818780000000000285e+00 3.272238999999999898e+00 1.184231000000000034e+00 4.280599999999999961e-01
-3.254541999999999824e+00 1.690847000000000122e+01 6.211168999999999940e+00 -1.944728000000000012e+00 -1.214329999999999998e+01 -1.648705999999999960e+01 -6.651778000000000191e+00 8.736793000000000475e+00 7.375741999999999798e+00 1.430740000000000067e-01 7.903438999999999881e-01 2.375535999999999870e+00
-3.779490000000000016e+00 1.734320999999999913e+01 5.405560000000000365e+00 -3.838709000000000149e-01 -1.206324000000000041e+01 -1.523587000000000025e+01 -6.728047000000000111e+00 4.496611999999999831e+00 6.070565000000000211e+00 3.507045999999999886e+00 2.456437000000000204e+00 2.179428999999999839e+00
-4.125712000000000046e+00 1.584528000000000070e+01 6.483149000000000051e+00 3.347923999999999900e-01 -1.323676000000000030e+01 -1.560033999999999921e+01 -7.117617000000000083e+00 5.650204999999999700e+00 7.957362999999999964e+00 8.289220000000000477e-01 2.213302999999999798e+00 3.163161999999999807e+00
-5.665901999999999994e+00 1.639058999999999955e+01 7.522054999999999936e+00 -5.443036999999999459e-01 -1.247389000000000081e+01 -1.241488000000000014e+01 -6.389821000000000417e+00 3.045938000000000034e+00 6.050619000000000192e+00 2.364660000000000095e-01 1.449427000000000021e+00 -1.319711000000000078e+00
-7.366208000000000311e+00 1.377942999999999962e+01 7.776495999999999853e+00 6.728581999999999619e-01 -9.723019000000000744e+00 -1.348114999999999952e+01 -1.239213999999999949e+01 1.003722000000000003e+00 5.403378000000000014e+00 6.158713000000000104e-01 1.924207000000000001e+00 9.614068999999999532e-01
-8.632692999999999728e+00 1.032432999999999979e+01 2.969272000000000133e+00 -1.111291000000000029e+00 -8.293623999999999441e+00 -9.961403000000000674e+00 -8.805255999999999972e+00 -2.265483000000000136e+00 2.531410999999999856e+00 1.643979999999999997e+00 3.422771000000000008e+00 2.940268000000000104e+00
-1.388730999999999938e+01 4.817645999999999873e+00 -3.222360000000000113e+00 -2.994326999999999961e-01 -2.312164000000000108e+00 -5.547737000000000362e-01 -1.668867000000000100e+00 -1.235746999999999929e+00 3.501837999999999784e+00 2.256866000000000039e+00 4.240191000000000265e+00 1.286253000000000091e+00
-2.159083000000000041e+01 2.328081000000000067e+00 8.501334999999999864e-01 5.541504999999999903e+00 3.311132000000000186e+00 5.831434999999999924e+00 2.630862000000000034e+00 3.560805999999999916e+00 4.155726999999999727e+00 2.624672000000000116e-01 3.416796999999999862e+00 2.248396000000000061e+00
