-6.472769999999999690e+00 4.442766999999999911e+00 1.307522000000000073e+00 -6.444583999999999868e+00 -4.780154999999999710e+00 3.267199000000000186e+00 5.481776999999999900e-01 7.426465999999999568e+00 1.562315000000000076e+01 -7.518234999999999779e+00 -8.131885000000000474e+00 4.063717999999999719e+00
-1.396835999999999967e+00 5.696670000000000122e+00 -9.710613999999999635e-01 -8.092506000000000199e+00 -7.739372999999999614e+00 -1.945840999999999932e+00 -3.396557000000000048e+00 6.691225000000000200e+00 1.291015999999999941e+01 -9.216070000000000206e+00 -8.034345000000000070e+00 4.820716000000000001e+00
-2.277369999999999894e+00 4.669152000000000413e+00 -8.498628000000000293e-01 -8.107853999999999672e+00 -7.066729999999999734e+00 -8.482676999999999579e-01 -2.477701999999999849e+00 5.767248000000000374e+00 1.360138000000000069e+01 -1.113136000000000081e+01 -1.029078999999999944e+01 5.251869000000000121e+00
-2.008122999999999880e+00 8.465004000000000417e+00 -1.846111000000000057e+00 -9.639364999999999739e+00 -8.910486999999999824e+00 -3.257513000000000214e-01 3.624920999999999838e-01 4.739812999999999832e+00 1.188541999999999987e+01 -9.375678000000000623e+00 -1.003037999999999919e+01 3.491007999999999889e+00
-1.873353999999999964e+00 7.899658999999999764e+00 -1.807357000000000102e+00 -9.853766999999999499e+00 -7.786094000000000293e+00 5.091202999999999701e-01 -9.219534000000000340e-01 6.220828000000000024e+00 9.819342000000000681e+00 -1.047743999999999964e+01 -8.335874000000000450e+00 2.212739000000000011e+00
-1.735660999999999898e+00 9.678826000000000818e+00 -3.067724000000000117e+00 -1.032577999999999996e+01 -6.158763999999999683e+00 -2.511371000000000020e+00 1.020265999999999951e-01 5.736838999999999800e+00 1.013593999999999973e+01 -1.095186999999999955e+01 -8.855097999999999914e+00 3.162732999999999794e+00
-2.094364000000000114e+00 8.511024000000000811e+00 1.661323000000000105e-01 -9.890131000000000228e+00 -9.223447999999999425e+00 -3.289372000000000185e+00 -8.804089999999999971e-01 4.485332999999999792e+00 1.204284999999999961e+01 -8.329703000000000301e+00 -8.319426999999999239e+00 2.823723999999999901e+00
-2.112782000000000160e+00 8.755470000000000752e+00 -4.043159000000000058e-01 -1.135150999999999932e+01 -9.775510000000000588e+00 -2.806693999999999800e+00 5.090887000000000190e-02 4.134700999999999738e+00 1.163762000000000008e+01 -8.143753000000000242e+00 -7.728932000000000357e+00 3.053577999999999903e+00
-2.625256999999999952e+00 9.250797000000000381e+00 -1.853683999999999887e-01 -1.090948999999999991e+01 -1.026917000000000080e+01 -4.601436999999999777e+00 -2.973418999999999923e-01 4.147441999999999851e+00 1.241310000000000002e+01 -8.008938999999999808e+00 -8.373794000000000182e+00 3.524827999999999850e+00
-2.772012999999999838e+00 9.929458999999999591e+00 1.818481999999999932e+00 -1.172364999999999924e+01 -1.054914999999999914e+01 -5.222682999999999964e+00 1.507960999999999885e-01 3.240453000000000028e+00 1.101637000000000022e+01 -7.827119999999999855e+00 -7.215418999999999805e+00 4.758746999999999616e+00
-2.912922000000000011e+00 1.112397999999999954e+01 9.078876000000000168e-01 -1.027289000000000030e+01 -1.070889999999999986e+01 -6.177069000000000365e+00 -1.590637999999999996e+00 4.490090000000000359e+00 1.145453999999999972e+01 -7.388068999999999775e+00 -9.686586000000000141e+00 3.232397999999999882e+00
-2.989808000000000021e+00 1.161733000000000082e+01 1.817247999999999974e+00 -1.143463000000000029e+01 -1.201707999999999998e+01 -6.844504999999999839e+00 7.723370000000000513e-01 3.974164000000000030e+00 1.175597999999999921e+01 -7.021073999999999593e+00 -9.634047999999999945e+00 2.970546999999999827e+00
-2.848606999999999889e+00 1.173410999999999937e+01 2.468659000000000159e+00 -1.024573999999999963e+01 -1.412639000000000067e+01 -8.400795000000000456e+00 1.290378000000000025e+00 4.270775000000000432e+00 1.218540999999999919e+01 -8.407441999999999638e+00 -8.427246000000000237e+00 5.616191999999999851e+00
-2.873162999999999911e+00 1.223635999999999946e+01 4.140016000000000140e+00 -1.041173000000000037e+01 -1.590385000000000026e+01 -8.613265999999999423e+00 2.712749999999999884e-01 2.453059000000000101e+00 1.383605999999999980e+01 -5.008413000000000004e+00 -9.429830000000000823e+00 2.907767999999999908e+00
-2.654199000000000197e+00 1.216981000000000002e+01 2.943086999999999787e+00 -1.106367999999999974e+01 -1.520269000000000048e+01 -8.698138999999999399e+00 1.773919000000000024e+00 3.239094000000000140e+00 1.120091000000000037e+01 -6.763583999999999818e+00 -8.938931000000000182e+00 5.873586999999999669e+00
-2.282631999999999994e+00 1.292516999999999960e+01 3.243491000000000124e+00 -1.095034000000000063e+01 -1.696675000000000111e+01 -9.171867999999999910e+00 2.171120000000000161e+00 4.335669000000000217e+00 9.324030000000000484e+00 -5.568331999999999837e+00 -7.180926000000000364e+00 1.922131000000000034e+00
-2.697172999999999821e+00 1.421841000000000044e+01 5.831859999999999822e+00 -9.776555000000000106e+00 -1.868477000000000032e+01 -1.305724999999999980e+01 1.908668000000000031e+00 5.109302999999999706e+00 1.203759999999999941e+01 -4.701336000000000404e+00 -9.218303000000000580e+00 1.661697999999999897e+00
-2.849483000000000210e+00 1.369759999999999955e+01 5.498624999999999652e+00 -9.581042000000000058e+00 -1.770088000000000150e+01 -1.064559999999999995e+01 1.604851000000000028e+00 2.669655999999999807e+00 8.941833000000000808e+00 -3.425247000000000153e+00 -6.394438000000000066e+00 1.616943000000000019e+00
-2.623502999999999918e+00 1.357266000000000084e+01 6.140657000000000032e+00 -8.264877000000000251e+00 -1.750850000000000151e+01 -1.122325000000000017e+01 -3.439439000000000246e-01 3.665153000000000105e+00 8.490541999999999589e+00 -3.862490000000000201e+00 -6.272456000000000031e+00 1.406935000000000047e+00
-2.969050999999999885e+00 1.503314999999999912e+01 7.306977999999999973e+00 -6.808690000000000353e+00 -1.622643000000000058e+01 -1.171025999999999989e+01 -3.602111999999999981e+00 1.803946999999999967e+00 7.785327999999999804e+00 -3.199265000000000025e+00 -4.190991999999999607e+00 1.733996000000000093e+00
-3.268702000000000218e+00 1.604285000000000139e+01 7.388929000000000080e+00 -5.107403999999999833e+00 -1.537583000000000055e+01 -1.268139000000000038e+01 -2.553926999999999836e+00 -8.449917999999999596e-01 6.045177999999999940e+00 -1.009692999999999952e+00 -4.415996999999999950e+00 2.760944999999999983e+00
-3.102358999999999867e+00 1.673710000000000164e+01 6.734308000000000405e+00 -6.051434999999999675e+00 -1.449981000000000009e+01 -1.364471999999999952e+01 -2.513285999999999909e+00 1.130543000000000076e+00 8.101931999999999690e+00 -1.700293999999999972e+00 -4.530668999999999613e+00 1.844365999999999950e+00
-2.869362999999999886e+00 1.700456000000000145e+01 6.145347000000000115e+00 -4.152040000000000397e+00 -1.516249999999999964e+01 -1.340915999999999997e+01 -2.736902999999999864e+00 1.323278999999999983e-01 8.317956000000000572e+00 2.532414000000000165e+00 -4.350437000000000332e+00 7.066413999999999751e-01
-3.016703000000000134e+00 1.730145999999999873e+01 6.156949000000000005e+00 -4.811774999999999913e+00 -1.279141000000000084e+01 -1.347641999999999918e+01 -2.263838999999999935e+00 1.190171000000000090e+00 5.407599000000000267e+00 -1.571420000000000039e+00 -2.736114999999999853e+00 2.787272000000000194e+00
-2.728162000000000198e+00 1.804345999999999961e+01 7.091732999999999620e+00 -3.793127999999999833e+00 -1.592515000000000036e+01 -1.546170000000000044e+01 -3.537808000000000064e+00 3.237225000000000019e+00 6.907818999999999932e+00 -4.412512000000000101e-01 -1.989144999999999941e+00 1.636384000000000061e+00
-2.583159999999999901e+00 1.789823000000000164e+01 7.070504999999999818e+00 -5.756278000000000006e+00 -1.670531000000000077e+01 -1.148076000000000008e+01 -1.407119999999999926e+00 -6.324718999999999758e-01 6.425626000000000282e+00 1.348784999999999901e+00 -3.034902999999999906e+00 2.997885999999999829e+00
-2.778737000000000013e+00 1.793064000000000036e+01 6.053029000000000437e+00 -6.191457999999999906e+00 -1.367361000000000004e+01 -1.419034000000000084e+01 -1.792942000000000036e+00 2.444395000000000095e+00 6.014567000000000441e+00 2.457000999999999991e+00 -1.817822000000000049e+00 -1.493858999999999881e-01
-2.705944000000000127e+00 1.913282999999999845e+01 6.246057999999999666e+00 -6.205153000000000141e+00 -1.189203000000000010e+01 -1.381389000000000067e+01 -3.426902000000000115e+00 3.556938999999999851e+00 3.998045999999999989e+00 3.958296999999999954e+00 -1.199230999999999936e+00 -5.584645000000000303e-01
-3.232158999999999782e+00 1.936194000000000059e+01 7.324996999999999758e+00 -5.487093999999999916e+00 -1.333145000000000024e+01 -1.332659999999999911e+01 -4.112023999999999901e+00 1.179637999999999964e+00 4.835322999999999816e+00 5.793787000000000020e+00 -1.371239000000000097e+00 -1.886552000000000007e+00
-3.310798999999999825e+00 1.994162999999999997e+01 7.638730999999999938e+00 -3.896551999999999794e+00 -1.210089999999999932e+01 -1.523623000000000083e+01 -4.939119999999999955e+00 2.511836999999999875e+00 5.123065000000000424e+00 4.274930000000000341e+00 -6.430010999999999921e-01 8.633872999999999687e-01
-3.382715000000000138e+00 1.943220000000000169e+01 7.136904999999999610e+00 -3.046027000000000040e+00 -1.276805000000000057e+01 -1.565136000000000038e+01 -4.672331999999999930e+00 2.768695999999999824e+00 4.574985999999999997e+00 3.014336999999999822e+00 -4.207376999999999923e-01 4.316050999999999860e+00
-3.536195000000000199e+00 1.997205999999999904e+01 7.582697999999999716e+00 -4.363844000000000278e+00 -1.311707999999999963e+01 -1.478328999999999915e+01 -6.351810999999999652e+00 2.348921999999999954e+00 5.596803000000000416e+00 5.766153000000000084e+00 1.784535999999999900e+00 -2.218269999999999964e+00
-3.922963000000000200e+00 1.870974999999999966e+01 7.268224000000000018e+00 -2.379443999999999892e+00 -1.097307999999999950e+01 -1.461297000000000068e+01 -4.399583999999999939e+00 1.794264000000000081e+00 1.567258000000000040e+00 4.313411000000000328e+00 1.904233999999999982e+00 -1.765044000000000057e+00
-3.687336000000000169e+00 1.830051999999999879e+01 6.290982999999999770e+00 -4.047436000000000256e+00 -1.192878999999999934e+01 -1.520794000000000068e+01 -3.606447000000000180e+00 4.412115000000000009e+00 2.037497999999999809e+00 1.365056000000000047e+00 1.485519999999999952e+00 -1.185043000000000069e+00
-4.284297999999999718e+00 1.666560000000000130e+01 5.667710999999999721e+00 -3.360310000000000130e+00 -1.227713999999999928e+01 -1.115887000000000029e+01 -3.982514000000000109e+00 3.850492000000000026e+00 1.283015000000000017e+00 8.890730000000000022e-01 1.972763000000000044e+00 -1.653256000000000059e+00
-5.926383000000000401e+00 1.648226999999999975e+01 8.933655999999999153e+00 -3.189827000000000190e+00 -1.167216999999999949e+01 -1.302318999999999960e+01 -6.602884000000000420e+00 5.857794000000000167e+00 3.078847999999999807e+00 2.994534999999999836e-01 -4.892670000000000075e-01 -3.126748999999999779e+00
-6.012038999999999689e+00 1.716365000000000052e+01 7.469152000000000236e+00 -4.126065999999999789e+00 -9.543967000000000311e+00 -1.262105000000000032e+01 -4.856933999999999862e+00 7.674999999999999822e+00 3.264845000000000219e+00 -9.712113999999999470e-01 -2.064692999999999945e-01 -2.787538000000000071e+00
-7.060670000000000002e+00 1.558710999999999913e+01 6.262596000000000274e+00 -2.850986999999999938e+00 -9.277725999999999473e+00 -1.058381999999999934e+01 -6.389020000000000366e+00 7.906717000000000439e+00 1.375431000000000070e+00 -1.965273999999999965e+00 1.290667999999999926e+00 -2.218675000000000175e+00
-8.919086999999999321e+00 1.478672000000000075e+01 7.317839000000000205e+00 -3.114545000000000230e-01 -7.254300999999999888e+00 -1.020709000000000088e+01 -9.666154000000000579e+00 2.803180999999999923e+00 2.900138999999999800e+00 -2.027885999999999925e-02 2.402442000000000188e+00 -3.473453000000000124e+00
-8.803905000000000314e+00 1.503759999999999941e+01 7.012002999999999986e+00 7.912527000000000310e-01 -5.641055999999999848e+00 -7.471813000000000038e+00 -7.380125999999999742e+00 2.610970000000000235e-01 -4.510124999999999829e-01 -2.854740000000000055e+00 -6.379755999999999760e-01 -1.806154000000000037e+00
-9.174010000000000886e+00 1.580359999999999943e+01 6.989541000000000004e+00 1.003765999999999936e+00 -6.278658000000000072e+00 -8.524352000000000373e+00 -5.000352999999999604e+00 1.294817000000000107e+00 1.608946999999999905e+00 -2.648385999999999907e+00 -7.738920000000000243e-01 -3.362273000000000067e+00
-8.410705000000000098e+00 1.523084000000000060e+01 7.541723000000000177e+00 6.446186000000000416e-01 -5.724878999999999607e+00 -8.135206999999999411e+00 -3.874678999999999984e+00 1.652924000000000060e+00 7.250244999999999607e-01 -2.674469999999999903e+00 -1.542791000000000023e+00 -3.928097000000000172e+00
-8.091468000000000771e+00 1.570537999999999990e+01 8.049967999999999790e+00 -2.203099000000000030e-01 -1.985146999999999995e+00 -6.249240000000000350e+00 -4.589966000000000435e+00 3.603995999999999977e+00 7.753364999999999563e-02 -3.464761999999999897e+00 -7.974204000000000292e-01 -2.784297000000000022e+00
-7.080549000000000426e+00 1.655574999999999974e+01 9.364639000000000379e+00 -3.287818999999999825e+00 -1.311129999999999907e+00 -4.257037999999999656e+00 -4.544808999999999877e+00 4.068448000000000064e+00 -7.031870000000000065e-01 -3.865073000000000203e+00 -4.509197000000000344e+00 -6.123755000000000059e+00
-6.564858000000000082e+00 1.825450000000000017e+01 8.478975999999999402e+00 -3.705998000000000125e+00 -1.388425999999999938e+00 -6.206226000000000020e+00 -9.730712000000000250e-01 5.076515999999999806e+00 -7.836495999999999462e-01 -2.569872999999999852e+00 -4.565846999999999767e+00 -7.382177999999999685e+00
-6.401145999999999781e+00 1.722278000000000020e+01 8.779628000000000654e+00 -9.258536000000000543e-01 3.770050999999999819e-01 -4.270895000000000330e+00 -1.382735000000000047e+00 4.281817000000000206e+00 4.229981999999999909e-01 -4.513319000000000081e+00 -6.553882999999999903e+00 -7.397973999999999606e+00
-6.884972000000000314e+00 1.779258000000000095e+01 1.160077000000000069e+01 -5.596225999999999701e-01 3.055496999999999796e-01 -2.719800000000000217e+00 -4.817917999999999701e+00 4.334480000000000111e+00 1.282600999999999880e-01 -2.791723000000000177e+00 -5.608406999999999698e+00 -6.683910000000000018e+00
-6.815394999999999648e+00 1.784008000000000038e+01 1.160594999999999999e+01 3.548923999999999968e-01 1.476320000000000077e+00 -3.803805000000000103e+00 -4.179217999999999655e+00 2.452719000000000094e+00 4.250388999999999973e-01 -3.944876999999999967e+00 -4.402518999999999849e+00 -6.242631000000000263e+00
-6.791714999999999947e+00 1.824336999999999875e+01 1.075656999999999996e+01 1.238239000000000090e+00 2.990282000000000107e+00 -4.821125000000000327e+00 -1.318251000000000062e+00 1.745848000000000066e+00 -2.726122000000000156e+00 -3.775971999999999884e+00 -3.801746000000000070e+00 -4.959096999999999866e+00
-7.319684999999999775e+00 1.837029000000000067e+01 1.145734999999999992e+01 2.718510999999999900e+00 3.828510000000000080e+00 -4.015120999999999718e+00 -1.695943999999999896e+00 1.000753999999999921e+00 -2.595515999999999934e+00 -4.556191000000000102e+00 -4.034974000000000061e+00 -5.169103999999999921e+00
-6.965950999999999560e+00 1.799348000000000170e+01 1.116484999999999950e+01 3.730545999999999918e+00 2.577695999999999987e+00 -3.050342999999999805e+00 -2.408341000000000065e+00 2.499946000000000002e+00 -3.482063000000000130e+00 -3.761249999999999982e+00 -3.476459999999999884e+00 -5.203126000000000140e+00
-7.516430999999999862e+00 1.829185999999999979e+01 1.226082000000000072e+01 2.417215000000000114e+00 3.700026999999999955e+00 -2.985676999999999914e+00 -2.335367000000000193e+00 7.032169000000000614e-02 -2.088834999999999997e+00 -2.221989999999999910e+00 -6.055674999999999919e+00 -3.782490000000000130e+00
-7.000447000000000308e+00 1.809393000000000029e+01 1.243459000000000003e+01 2.839170999999999889e+00 1.128317999999999932e+00 -3.158887000000000000e+00 -2.493416999999999994e+00 5.470049999999999635e-01 -3.347958999999999907e+00 -2.278550000000000075e+00 -3.233408999999999978e+00 -5.523705999999999783e+00
-7.094581999999999944e+00 1.774185999999999908e+01 1.152276999999999951e+01 3.750617000000000090e+00 2.573916999999999788e+00 -3.733077999999999896e+00 -4.116359000000000101e+00 1.458750999999999909e+00 -2.935732999999999926e+00 -2.654068000000000094e+00 -1.432001999999999997e+00 -5.754775000000000418e+00
-7.217658000000000129e+00 1.754911999999999850e+01 1.271771999999999991e+01 2.091832999999999831e+00 1.662172999999999901e+00 -4.600281999999999982e+00 -5.526882999999999768e+00 2.547682000000000002e+00 -8.982213999999999476e-01 -2.093631999999999938e+00 -7.585872000000000170e-01 -6.345508999999999844e+00
-7.242213999999999707e+00 1.777699000000000140e+01 1.300873999999999953e+01 9.893206999999999696e-02 4.395285999999999915e-01 -4.662060000000000315e+00 -7.173127000000000031e+00 3.133087999999999873e+00 1.836632999999999960e+00 -2.512795999999999808e+00 -6.089649000000000312e-01 -6.001235000000000319e+00
-6.403192999999999913e+00 1.823668999999999940e+01 1.089184000000000019e+01 -1.955166999999999877e-01 -1.667720000000000091e+00 -6.229032000000000124e+00 -5.372265999999999764e+00 3.294134999999999813e+00 1.724976999999999983e+00 -4.429382000000000374e+00 -4.597994000000000248e-01 -2.467970000000000219e+00
-5.969064999999999621e+00 1.938147999999999982e+01 1.310871000000000031e+01 -2.016518000000000033e+00 -4.299204999999999721e+00 -8.079779999999999518e+00 -5.320787000000000155e+00 1.376019000000000103e+00 1.283015000000000017e+00 6.426878999999999786e-01 1.841186999999999907e+00 -5.038280000000000314e+00
-4.369076999999999877e+00 1.914347000000000065e+01 1.032707000000000086e+01 -3.599269000000000052e+00 -5.806639999999999802e+00 -9.563610999999999862e+00 -5.004507000000000261e+00 4.366076999999999764e+00 9.606864999999999155e-03 9.988356999999999930e-01 1.580546999999999924e+00 -5.564816000000000429e+00
-3.861864000000000186e+00 1.968480999999999881e+01 9.872389999999999333e+00 -3.206119999999999859e+00 -9.582786999999999722e+00 -1.335632999999999981e+01 -4.030199999999999783e+00 5.157887999999999806e+00 3.819336999999999982e+00 -1.356543000000000054e+00 -4.410680000000000156e-01 -3.204514000000000085e+00
-2.983375999999999806e+00 1.944481999999999999e+01 9.030663999999999803e+00 -3.177312999999999832e+00 -1.098991000000000007e+01 -1.407024000000000008e+01 -5.450839000000000212e+00 5.807339999999999947e+00 4.112617000000000189e+00 -7.289586000000000121e-01 -2.089198000000000111e+00 -3.277216999999999825e+00
-2.309527999999999803e+00 1.867264000000000124e+01 7.357085999999999792e+00 -3.247678000000000065e+00 -1.075836999999999932e+01 -1.367474999999999952e+01 -4.529275000000000162e+00 4.641282999999999603e+00 3.766570000000000196e+00 -9.660461000000000187e-01 -1.943688000000000082e+00 -6.846307999999999838e-01
-2.187914000000000136e+00 1.901407000000000025e+01 7.744379000000000346e+00 -4.798551999999999929e+00 -1.116991999999999940e+01 -1.270073000000000008e+01 -5.509724000000000288e+00 6.601188999999999751e+00 3.204788999999999888e+00 -1.705891999999999964e-01 -2.409914999999999807e+00 -1.313031999999999977e+00
-2.183527999999999913e+00 1.920804000000000045e+01 7.168006000000000100e+00 -6.087326000000000015e+00 -1.156635999999999953e+01 -1.239732000000000056e+01 -3.894909000000000177e+00 5.989111000000000296e+00 5.422176000000000329e+00 6.951157000000000030e-01 -2.797105999999999870e+00 -2.754729999999999901e+00
-2.233518999999999810e+00 1.868476000000000070e+01 6.025135999999999825e+00 -4.915434000000000303e+00 -1.207582999999999984e+01 -1.360893000000000086e+01 -4.797507000000000410e+00 8.088658000000000570e+00 7.271358000000000210e+00 3.456829000000000152e-01 -2.703448999999999991e+00 -3.258179999999999854e+00
-2.547787000000000024e+00 1.901777999999999835e+01 5.255239999999999689e+00 -5.607046999999999670e+00 -9.178444999999999965e+00 -1.362364999999999959e+01 -5.222525000000000084e+00 5.947150999999999854e+00 4.249054000000000109e+00 3.146053000000000210e+00 2.892260999999999860e-01 -3.646805000000000074e+00
-3.169598000000000138e+00 1.949627999999999872e+01 4.845486000000000182e+00 -4.839874000000000009e+00 -1.030523999999999951e+01 -1.353185000000000038e+01 -3.812723999999999780e+00 5.252002000000000059e+00 5.594762000000000235e+00 1.900956000000000090e+00 1.398258999999999919e+00 -2.169261999999999802e+00
-3.222220000000000084e+00 1.869169000000000125e+01 5.103680999999999912e+00 -5.250023999999999802e+00 -1.311158999999999963e+01 -1.262798000000000087e+01 -1.668307999999999902e+00 7.577829000000000370e+00 5.738196000000000296e+00 3.332520000000000149e+00 -2.130773000000000028e+00 -3.299087999999999798e+00
-3.621558999999999973e+00 1.819239999999999924e+01 4.595436000000000298e+00 -6.268435000000000201e+00 -1.262994999999999912e+01 -1.063953000000000060e+01 -2.794163000000000174e+00 6.651473000000000191e+00 7.608660000000000423e+00 1.845946000000000087e+00 -1.782415000000000083e+00 -1.683430999999999900e+00
-4.771632000000000318e+00 1.702113999999999905e+01 6.252228999999999814e+00 -4.067269999999999719e+00 -1.247123999999999988e+01 -1.271892000000000067e+01 -4.977413000000000309e+00 7.012468000000000146e+00 7.157078000000000273e+00 1.734375000000000000e+00 2.825953000000000159e+00 -6.894911000000000234e-01
-6.351740000000000386e+00 1.556583999999999968e+01 7.275381999999999572e+00 -2.646738000000000035e+00 -1.248325999999999958e+01 -1.240626999999999924e+01 -5.411462000000000216e+00 8.797736999999999696e+00 1.005227999999999966e+01 4.196305000000000174e-02 1.708987999999999896e-01 -1.193143999999999982e+00
-6.255560000000000009e+00 1.639640999999999948e+01 7.437802999999999720e+00 -1.332462000000000035e+00 -1.090058999999999934e+01 -1.399691999999999936e+01 -5.755918999999999563e+00 7.775909000000000404e+00 6.127972999999999892e+00 -5.319023000000000501e-01 -9.746829999999999661e-01 -6.589114999999999833e-01
-1.217314999999999969e+01 1.021002999999999972e+01 6.877060000000000395e-01 -2.881918999999999897e+00 -9.582442999999999600e+00 -8.838150000000000617e+00 -6.317853000000000385e+00 1.900438999999999989e+00 5.465906000000000375e+00 2.640627999999999975e+00 3.583886999999999823e+00 2.284428999999999821e+00
-1.473025999999999947e+01 6.502254999999999896e+00 -2.675662999999999792e-01 -1.230260999999999993e-01 -2.265128999999999948e+00 -1.241454000000000057e+00 -3.587842000000000198e+00 -2.335179000000000116e+00 3.008297000000000221e+00 3.975341999999999931e+00 4.679213999999999984e+00 1.764575000000000005e+00
-2.055518000000000001e+01 3.757919999999999927e+00 -7.643373999999999654e-03 3.709058999999999884e+00 2.777289999999999814e+00 2.598897000000000013e+00 3.697173000000000265e-01 3.661245000000000083e+00 4.104454999999999742e+00 9.864389000000000074e-01 5.098903999999999659e-01 -5.043931999999999860e-01
