-7.858068000000000275e+00 3.112420000000000186e+00 -5.937415999999999805e+00 -4.725668999999999897e+00 -4.409984999999999822e+00 -1.679291000000000089e+00 -1.412775000000000003e-01 9.628880999999999801e+00 7.423422000000000409e+00 -6.411899000000000015e+00 -1.472920000000000007e+00 3.181634999999999991e+00
-8.153559999999999697e-01 9.705923999999999552e+00 -2.533472000000000168e+00 -6.690889999999999560e+00 -3.648725000000000218e+00 -9.463304999999999634e-01 6.808492999999999906e-01 8.748782999999999532e+00 7.237166000000000210e+00 -8.804418000000000077e+00 -1.903464999999999963e+00 1.839242999999999961e+00
-9.452093000000000300e-02 1.244322999999999979e+01 -3.708247000000000071e+00 -9.059117000000000530e+00 -4.357018000000000058e+00 -2.877313000000000009e+00 -6.736750999999999712e-01 7.539045999999999914e+00 7.401629999999999932e+00 -5.373516999999999655e+00 -4.640496999999999872e+00 2.450499999999999901e+00
-7.223129000000000355e-02 1.034628000000000014e+01 -3.376527999999999974e+00 -7.215333000000000219e+00 -5.335498000000000296e+00 -4.867955000000000254e+00 -6.393453000000000330e-02 9.411246000000000222e+00 9.846389999999999532e+00 -7.762456000000000245e+00 -4.795970999999999762e+00 3.754643999999999870e+00
-1.348059000000000063e-01 1.320289999999999964e+01 -3.333724999999999827e+00 -8.098323999999999856e+00 -5.144478999999999580e+00 -3.812263999999999875e+00 5.920482000000000244e-01 6.969692000000000220e+00 7.734258999999999773e+00 -5.789200000000000124e+00 -3.555807000000000162e+00 3.043518000000000168e+00
-4.161871999999999794e-01 1.327049000000000056e+01 -1.964045999999999959e+00 -7.744303999999999633e+00 -7.068757999999999875e+00 -3.740388999999999964e+00 8.068897000000000430e-01 6.004908000000000357e+00 8.868650000000000588e+00 -4.936360999999999777e+00 -2.527070999999999845e+00 3.577748000000000150e+00
-4.900089000000000250e-01 1.354931999999999981e+01 -7.090161000000000380e-01 -7.912257999999999569e+00 -7.978775999999999868e+00 -6.828484000000000442e+00 2.963080000000000158e+00 8.849631999999999721e+00 8.677872000000000696e+00 -6.238743000000000372e+00 -2.542447000000000124e+00 1.233122000000000051e+00
-2.206925999999999888e-01 1.311814999999999998e+01 -1.222645999999999900e+00 -6.236016000000000226e+00 -7.368248000000000353e+00 -6.385582000000000313e+00 -1.596924999999999872e-01 8.143003000000000213e+00 1.033238000000000056e+01 -5.775985999999999621e+00 -2.733159999999999812e+00 -3.768273999999999790e-01
-8.679105000000000292e-01 1.271078999999999937e+01 -4.441758000000000095e-01 -7.563589999999999591e+00 -6.906195000000000306e+00 -5.274492999999999654e+00 -3.005831000000000142e+00 9.632068000000000296e+00 1.186435999999999957e+01 -7.737955999999999612e+00 -1.928025000000000100e+00 7.771584000000000270e-01
-2.426959000000000088e+00 7.946426999999999907e+00 4.590084000000000053e+00 -1.019857000000000014e+01 -8.588179000000000229e+00 -1.534972000000000003e+00 -4.028476000000000390e+00 1.082404999999999973e+01 1.019505000000000017e+01 -1.119336000000000020e+01 2.022731999999999863e-01 5.396466000000000207e+00
-1.763382000000000005e+00 1.166743999999999915e+01 3.085500000000000131e+00 -7.209570000000000256e+00 -9.239278000000000546e+00 -7.133600000000000385e+00 -2.214805000000000135e+00 1.051671999999999940e+01 9.795816999999999553e+00 -6.350234999999999630e+00 -4.962124000000000201e+00 3.336574000000000151e+00
-2.999333000000000027e+00 1.206506000000000078e+01 5.232885999999999704e+00 -9.044708999999999222e+00 -7.221743000000000023e+00 -6.955188999999999844e+00 -3.800539000000000112e+00 8.829598000000000724e+00 6.799280999999999686e+00 -4.283381000000000327e+00 -2.689805999999999919e+00 1.577174999999999994e+00
-3.350651000000000046e+00 1.162800999999999974e+01 5.970463999999999771e+00 -7.608458999999999861e+00 -8.075976000000000710e+00 -5.842964000000000269e+00 -3.089720999999999940e+00 8.803874000000000422e+00 2.786356000000000055e+00 -6.496963000000000044e+00 -3.084045000000000147e+00 4.045220999999999734e+00
-3.415065999999999935e+00 1.240789999999999971e+01 7.092501000000000388e+00 -6.580155999999999672e+00 -7.659848000000000212e+00 -7.839286999999999672e+00 -3.709691999999999990e+00 6.871801999999999744e+00 1.368675000000000086e+00 -5.749283000000000143e+00 -4.602013999999999827e-01 4.964407999999999710e+00
-3.832843000000000000e+00 1.418403999999999954e+01 8.519123000000000445e+00 -5.488045999999999758e+00 -7.526866000000000057e+00 -9.661179000000000627e+00 -4.212626000000000204e+00 6.847897999999999818e+00 -1.937875999999999932e+00 -3.936519000000000101e+00 -1.693532000000000037e+00 2.910359000000000140e+00
-4.251642999999999617e+00 1.432587999999999973e+01 9.169567000000000689e+00 -5.269459999999999589e+00 -4.687216000000000271e+00 -9.169128000000000611e+00 -5.080994999999999706e+00 3.554929000000000006e+00 -3.807421999999999862e+00 -4.852674000000000376e+00 -1.516701000000000077e+00 5.514219999999999899e+00
-4.309923999999999644e+00 1.419556000000000040e+01 8.972369999999999735e+00 -2.831663999999999959e+00 -5.210405999999999871e+00 -8.932479000000000724e+00 -4.040752999999999595e+00 3.475478999999999985e+00 -5.772768000000000121e+00 -3.543133999999999784e+00 -2.319272999999999918e+00 -4.729426999999999937e-02
-4.833014000000000365e+00 1.468740999999999985e+01 1.032141000000000020e+01 -3.780107000000000106e+00 -2.972833000000000059e+00 -7.282748999999999917e+00 -3.375357999999999858e+00 2.368186000000000124e+00 -7.556792999999999871e+00 -7.254001999999999839e+00 8.246394999999999420e-02 1.304837000000000025e+00
-5.348131000000000412e+00 1.480339999999999989e+01 9.940393999999999508e+00 -4.391491000000000144e-01 -5.118399000000000143e-01 -7.073088000000000264e+00 -1.192158999999999969e+00 -4.979380999999999946e-01 -7.500464000000000020e+00 -1.117600999999999978e+01 -2.771600999999999981e+00 3.950345000000000106e-01
-5.111532999999999660e+00 1.577121999999999957e+01 9.428675999999999391e+00 -7.692930999999999520e-01 -8.383756999999999460e-01 -7.669684000000000168e+00 -2.055207999999999924e+00 -3.406313999999999731e-01 -9.055471999999999966e+00 -8.851490999999999332e+00 -4.455338000000000243e+00 8.210726000000000413e-01
-5.815599999999999881e+00 1.647122999999999848e+01 1.050905999999999985e+01 -9.825281999999999627e-01 -4.723963999999999941e-01 -7.119963000000000264e+00 -3.472342999999999957e+00 -1.079131000000000062e+00 -1.166057999999999950e+01 -6.449062999999999768e+00 -3.301452999999999971e+00 -1.058559000000000028e+00
-6.253416999999999781e+00 1.706089000000000055e+01 1.014638000000000062e+01 -1.653107000000000104e+00 -1.487220999999999904e+00 -6.849222000000000143e+00 -1.995462000000000069e+00 -2.072279999999999955e-01 -1.065282999999999980e+01 -6.890071999999999974e+00 -3.520569000000000059e+00 -1.815015999999999963e+00
-6.418237999999999666e+00 1.601932000000000045e+01 1.072420999999999935e+01 2.832980999999999971e-01 -1.316134000000000054e-02 -6.938426999999999900e+00 -2.539727000000000068e+00 -2.552624000000000004e-01 -1.083497000000000021e+01 -5.838200999999999752e+00 -4.633663000000000309e+00 -2.254865999999999815e+00
-6.073873999999999995e+00 1.552030000000000065e+01 9.682432999999999623e+00 1.178143999999999997e-01 -5.515651000000000304e-01 -7.197804999999999787e+00 -8.995655999999999652e-01 -1.549684999999999979e+00 -1.152490000000000059e+01 -4.906080000000000219e+00 -4.353894999999999627e+00 -1.794829000000000008e+00
-6.299223999999999712e+00 1.588668999999999976e+01 9.209312000000000609e+00 -3.704033999999999938e-01 1.795482999999999940e-01 -5.402618999999999616e+00 -3.083582999999999963e+00 -4.094820999999999600e+00 -9.541874999999999218e+00 -3.559101000000000070e+00 -3.978877000000000219e+00 -1.694074999999999998e+00
-6.413535000000000430e+00 1.606669000000000125e+01 9.932368999999999559e+00 -1.196998000000000006e+00 2.426982999999999890e+00 -5.685007999999999839e+00 -5.964914000000000271e+00 -1.126481999999999983e+00 -7.621344999999999814e+00 -1.670082999999999984e+00 -3.283726999999999840e+00 -2.906140999999999863e+00
-6.684896000000000171e+00 1.555282000000000053e+01 1.007224000000000075e+01 -3.080300999999999956e+00 2.860860999999999876e+00 -4.365677999999999948e+00 -4.112366999999999884e+00 -1.294488000000000083e+00 -8.835501999999999967e+00 -5.806542999999999566e+00 -1.956428999999999974e+00 -1.577383999999999897e+00
-6.296974999999999767e+00 1.611507999999999896e+01 8.817593999999999710e+00 -3.661963000000000079e+00 2.206099000000000032e+00 -3.537262000000000128e+00 -4.425011999999999723e+00 -1.818313000000000068e+00 -8.414474000000000231e+00 -4.679794000000000231e+00 -3.610052000000000039e+00 -1.560384999999999911e+00
-6.186957999999999736e+00 1.587337999999999916e+01 9.637337999999999738e+00 -4.756130999999999887e+00 2.158926999999999929e-01 -3.906867000000000090e+00 -3.565646000000000093e+00 -1.803652000000000033e-01 -6.952386999999999873e+00 -7.120486999999999789e+00 -6.019904999999999617e+00 -4.588123000000000062e-01
-6.266505000000000436e+00 1.609331999999999852e+01 8.396065999999999363e+00 -3.763228999999999935e+00 1.375531999999999977e+00 -3.730445000000000011e+00 -2.344527999999999945e+00 -8.487479999999999469e-01 -8.039082999999999757e+00 -7.792737999999999943e+00 -4.268256000000000050e+00 1.009160000000000057e-01
-5.960379999999999789e+00 1.501002000000000081e+01 6.823839000000000432e+00 -3.044487000000000165e+00 2.440224000000000171e+00 -3.831866999999999912e+00 -3.316021000000000107e+00 -9.343447999999999753e-01 -5.692592000000000318e+00 -7.041755000000000209e+00 -3.014422999999999853e+00 -1.618109999999999937e+00
-5.526652000000000342e+00 1.558815000000000062e+01 7.102437000000000111e+00 -3.601039000000000101e+00 6.959764999999999979e-01 -4.089540000000000397e+00 -1.837093000000000087e+00 -9.454089000000000242e-02 -6.172416000000000125e+00 -9.115766999999999953e+00 -3.664937999999999807e+00 -1.062985999999999986e+00
-5.695562999999999931e+00 1.511781000000000041e+01 8.217976999999999421e+00 -2.219949999999999868e+00 2.401223000000000107e-01 -5.602336000000000205e+00 -3.327069999999999972e+00 -8.000308000000000419e-01 -4.501050000000000217e+00 -8.100509000000000626e+00 -4.405577000000000076e+00 -1.376405000000000101e+00
-6.143810000000000215e+00 1.598321999999999932e+01 8.275301000000000684e+00 -2.315042000000000044e+00 -4.161701000000000289e-02 -6.294955999999999996e+00 -4.828095000000000248e+00 1.562073999999999963e+00 -4.788451000000000235e+00 -8.043248999999999427e+00 -4.856836999999999627e+00 -2.390149000000000079e+00
-5.933796000000000070e+00 1.503972000000000087e+01 7.831608000000000125e+00 -1.900509000000000004e+00 3.249257999999999869e-01 -5.452903000000000056e+00 -6.892619999999999969e+00 1.516315999999999997e+00 -3.219463000000000186e+00 -8.027832999999999330e+00 -2.922804000000000180e+00 -3.050278000000000045e+00
-5.721942000000000306e+00 1.550289000000000073e+01 8.446510999999999214e+00 -3.091003999999999863e+00 -1.109249000000000068e-01 -4.865397999999999890e+00 -7.134470000000000312e+00 6.947244999999999671e-01 -3.301283999999999885e+00 -9.247904000000000124e+00 -2.501869999999999816e+00 -1.077506000000000075e+00
-4.993949999999999889e+00 1.408545999999999943e+01 7.855684000000000111e+00 5.051778999999999575e-01 -2.689402999999999988e+00 -4.031299999999999883e+00 -8.220544999999999547e+00 1.579147999999999996e+00 -2.864219999999999988e+00 -1.015827999999999953e+01 -2.719278000000000084e+00 -1.004021000000000052e+00
-5.076768999999999643e+00 1.481517000000000017e+01 9.485618000000000549e+00 -1.110551999999999984e+00 -2.755892999999999926e+00 -4.772783999999999693e+00 -1.109819000000000067e+01 2.273937999999999793e+00 -3.554969999999999963e+00 -9.973010000000000375e+00 -2.868345000000000145e+00 -1.889386999999999928e+00
-4.567993000000000414e+00 1.407291999999999987e+01 8.959759000000000029e+00 -1.450163000000000091e+00 -9.507896999999999599e-01 -4.370508000000000060e+00 -1.190803999999999974e+01 -3.247732000000000063e+00 -3.679139999999999855e+00 -8.324866999999999351e+00 -1.499829000000000079e+00 3.947157999999999917e-02
-3.826912999999999787e+00 1.039363999999999955e+01 8.913135000000000474e+00 1.624867999999999979e+00 -8.966958000000000428e-01 -8.569976000000000482e+00 -1.383139000000000074e+01 -2.142714999999999925e+00 -4.610007000000000410e+00 -8.310828000000000770e+00 -1.966679999999999984e+00 6.659564999999999513e-01
-4.460429999999999673e+00 9.067363999999999535e+00 1.210802999999999940e+01 2.001116999999999813e+00 -3.864658999999999733e-01 -1.339587000000000039e+01 -1.806888000000000005e+01 -1.472510999999999903e+00 -9.070972000000000479e-01 -7.769613999999999798e+00 -4.217426999999999815e+00 2.890703999999999940e+00
-5.168994999999999784e+00 7.820712999999999582e+00 1.301721000000000039e+01 1.672124999999999861e-01 3.677502000000000271e-01 -1.299216999999999977e+01 -1.665829000000000093e+01 -8.355443000000000175e-01 6.281754000000000504e-01 -6.818222999999999701e+00 -3.213251000000000079e+00 3.740832000000000157e+00
-5.345267999999999908e+00 6.669306999999999874e+00 1.306420999999999921e+01 5.780400999999999456e-01 2.252867999999999871e+00 -1.257199999999999918e+01 -1.912713000000000108e+01 1.323496000000000006e+00 6.588766999999999818e+00 -5.780390999999999835e+00 -4.453629000000000282e+00 3.035196000000000005e+00
-5.932774000000000214e+00 7.115839000000000247e+00 1.384535999999999945e+01 1.337536000000000058e+00 2.992996999999999908e+00 -1.421518999999999977e+01 -1.976796999999999827e+01 1.627864999999999895e+00 8.595639999999999503e+00 -4.769262000000000334e+00 -4.643487000000000364e+00 4.054428999999999839e+00
-6.101071000000000133e+00 8.780856999999999246e+00 1.273211000000000048e+01 1.490669999999999940e+00 3.963588999999999807e+00 -1.850272999999999968e+01 -1.973973000000000155e+01 9.449127000000000498e-01 9.008855999999999753e+00 -2.538062000000000040e+00 -6.308002000000000109e+00 3.436443000000000136e+00
-5.388415000000000177e+00 7.823784999999999989e+00 1.274510000000000076e+01 2.957381999999999955e+00 6.024389999999999468e-01 -1.753624999999999901e+01 -2.095920999999999879e+01 6.621704000000000478e-01 1.307318000000000069e+01 -2.760219000000000200e+00 -6.765456000000000358e+00 3.642910999999999788e+00
-5.632578999999999780e+00 8.202208999999999861e+00 1.321668999999999983e+01 2.616122999999999976e+00 1.013778000000000068e+00 -1.644304999999999950e+01 -2.058314000000000021e+01 -1.487991999999999981e+00 1.288939000000000057e+01 -3.337495000000000100e+00 -6.713560000000000194e+00 5.780714999999999826e+00
-5.471235000000000070e+00 7.139394000000000240e+00 1.324611999999999945e+01 4.009149999999999991e+00 1.892805000000000071e+00 -1.750784000000000162e+01 -2.323489999999999966e+01 -1.818313000000000068e+00 1.434736000000000011e+01 -1.083171000000000106e+00 -6.590760999999999648e+00 5.529802000000000106e+00
-5.878993000000000357e+00 8.354297000000000750e+00 1.401007000000000069e+01 2.366662999999999961e+00 2.329219000000000150e+00 -1.895757000000000048e+01 -2.273482999999999876e+01 1.724934999999999941e-01 1.270312999999999981e+01 1.484626000000000001e-01 -6.560862000000000194e+00 4.155006000000000199e+00
-6.005777000000000143e+00 7.716249000000000358e+00 1.382816000000000045e+01 2.996077000000000101e+00 3.217824999999999935e+00 -1.794192999999999927e+01 -2.385486999999999824e+01 -1.729300999999999977e+00 1.292844999999999978e+01 2.945377000000000134e+00 -7.852922000000000402e+00 2.745858000000000132e+00
-5.800263000000000169e+00 9.375121999999999289e+00 1.278866999999999976e+01 1.754537999999999931e+00 3.115272000000000041e+00 -1.821665000000000134e+01 -2.239762999999999948e+01 -3.422568000000000055e+00 1.287541000000000047e+01 1.684563000000000033e+00 -6.969623000000000346e+00 4.831248999999999683e+00
-5.065318000000000431e+00 1.039108000000000054e+01 1.042154000000000025e+01 5.352284000000000486e-01 2.782820000000000071e+00 -1.775159000000000020e+01 -2.116913999999999874e+01 -1.373391999999999946e-01 1.104861999999999966e+01 3.125690000000000079e+00 -5.922946999999999740e+00 2.791720000000000201e+00
-5.633193000000000339e+00 8.824896000000000740e+00 8.407911999999999608e+00 -1.046334000000000097e+00 5.504984000000000322e+00 -1.515781999999999918e+01 -2.223679999999999879e+01 -5.933237999999999568e-01 1.199224000000000068e+01 2.056201000000000167e+00 -7.494775999999999883e+00 2.254125999999999852e+00
-6.167326000000000086e+00 5.630302999999999614e+00 7.401671999999999585e+00 2.711215000000000153e+00 3.403773000000000160e+00 -1.659901999999999944e+01 -1.895647999999999911e+01 2.209741000000000177e+00 9.100956000000000046e+00 8.887089000000000238e-01 -4.540335999999999927e+00 3.906750000000000167e+00
-9.066003999999999508e+00 2.024769000000000041e+00 1.298549000000000042e+01 6.216749999999999776e-01 5.029126999999999903e+00 -1.594276999999999944e+01 -2.123829999999999885e+01 2.328574000000000144e+00 9.575435000000000585e+00 2.056201000000000167e+00 -3.690779000000000032e+00 2.336465000000000014e+00
-6.660970999999999975e+00 1.016525999999999996e+01 8.622688999999999382e+00 -2.306808999999999887e+00 1.886325000000000029e+00 -1.548906999999999989e+01 -1.994597999999999871e+01 2.961078999999999795e-01 6.301364999999999661e+00 2.436371999999999982e+00 -6.805991999999999598e-01 8.961516000000000481e-01
-1.122769000000000084e+01 7.286871999999999794e+00 6.212756999999999863e+00 -3.242903000000000091e+00 2.643076999999999899e+00 -1.138818000000000019e+01 -1.542899000000000065e+01 1.224467999999999890e+00 9.682337000000000415e+00 5.082154000000000060e+00 2.733856999999999982e+00 4.879057999999999673e+00
-9.633673999999999182e+00 4.378019000000000105e+00 5.303968000000000238e+00 -3.628619000000000039e+00 3.719320999999999877e+00 -1.091716000000000086e+01 -1.766538999999999859e+01 6.170955000000000190e-01 1.272081000000000017e+01 6.847292999999999630e+00 2.163428999999999824e+00 6.513975000000000293e+00
-9.017948000000000519e+00 7.810470999999999719e+00 3.818111000000000033e+00 -5.827246999999999844e+00 2.105236999999999803e+00 -9.356915000000000759e+00 -1.539625000000000021e+01 1.401353000000000071e+00 7.131497999999999671e+00 1.033234999999999904e+00 -3.374064000000000174e+00 1.115013999999999950e+00
-7.784042000000000350e+00 6.381520000000000081e+00 4.656963000000000186e+00 -9.332041999999999504e+00 2.939465999999999912e+00 -8.936740000000000350e+00 -1.775992000000000104e+01 4.365365999999999858e+00 9.105890000000000484e+00 3.392717999999999900e+00 -1.885312000000000099e+00 6.827218000000000231e+00
-8.129224999999999923e+00 8.520720999999999989e+00 2.055947999999999887e+00 -4.639634000000000036e+00 -2.342582000000000164e+00 -6.202626000000000417e+00 -7.641086999999999740e+00 2.744810999999999779e-01 1.037555000000000049e+01 3.685623999999999789e+00 -3.392004000000000019e+00 3.346843999999999930e+00
-4.968183999999999934e+00 4.429738999999999649e+00 3.436328000000000049e+00 -1.013640999999999970e+01 3.739485000000000170e-01 -6.263422000000000267e+00 -8.391600000000000392e+00 3.373127000000000209e-01 1.528439999999999976e+01 3.517974000000000157e+00 -5.396512999999999671e+00 8.083019999999999428e+00
-3.603199000000000041e+00 7.239505000000000301e+00 4.928929000000000227e-01 -1.165005000000000024e+01 -1.738250999999999991e+00 -1.637245999999999979e+00 -4.959456000000000309e+00 1.072449000000000058e-03 1.344898000000000060e+01 4.499647000000000396e+00 -8.933341000000000420e+00 5.350958000000000325e+00
-1.941494999999999971e+00 1.022030999999999956e+01 -8.657038000000000233e-01 -1.227946000000000026e+01 -5.173498000000000374e+00 -1.832702000000000053e+00 -1.671767000000000003e+00 -1.069568999999999992e+00 1.130395000000000039e+01 3.536143000000000036e+00 -6.551891999999999605e+00 4.494278000000000439e+00
-2.078504000000000129e+00 1.257278999999999947e+01 1.290089000000000041e+00 -1.183488000000000007e+01 -5.055168000000000106e+00 -4.721646999999999927e+00 -2.249178999999999817e+00 1.990741000000000094e+00 1.126036999999999999e+01 4.356222999999999956e+00 -6.094012000000000207e+00 2.334871000000000141e+00
-2.364180000000000170e+00 1.300652000000000008e+01 2.539769000000000165e+00 -1.206622999999999912e+01 -5.766841000000000328e+00 -2.194637000000000171e+00 -2.058482000000000145e+00 -7.376544000000000434e-01 1.246301000000000059e+01 5.331287999999999805e+00 -6.044251000000000040e+00 3.975099999999999856e+00
-2.150281000000000109e+00 1.311788999999999916e+01 1.086777000000000104e+00 -1.078969999999999985e+01 -5.646821000000000090e+00 -2.138954000000000022e+00 -1.105812999999999935e+00 -2.447995000000000143e+00 1.230101999999999940e+01 5.207409000000000177e+00 -5.640830000000000233e+00 3.708959000000000117e+00
-2.485034999999999883e+00 1.294890999999999970e+01 2.755691999999999808e+00 -1.091360000000000063e+01 -6.329755999999999716e+00 -3.397912000000000154e-01 -2.777484999999999982e+00 -1.482299999999999951e+00 1.314718000000000053e+01 3.513294000000000139e+00 -4.845731999999999928e+00 -6.900699000000000138e-01
-2.378699000000000119e+00 1.251825000000000010e+01 5.062685999999999575e-01 -9.141859000000000179e+00 -4.214738999999999791e+00 -3.567660000000000053e+00 -1.392314000000000052e-01 -1.285609999999999919e+00 1.178748000000000040e+01 6.781225000000000058e+00 -7.841175999999999924e+00 1.875720000000000054e+00
-2.242506999999999806e+00 1.284828000000000081e+01 2.409832999999999892e+00 -1.214938000000000073e+01 -5.217730999999999675e+00 -1.068775000000000031e+00 -1.363623000000000030e+00 -1.321806000000000036e+00 1.154571999999999932e+01 6.254876000000000325e+00 -7.499474000000000196e+00 4.354745000000000310e+00
-2.889520999999999784e+00 1.366145999999999994e+01 4.061931999999999654e+00 -1.142939999999999934e+01 -4.979661000000000115e+00 -5.294947999999999766e+00 -4.021927999999999948e+00 3.383507999999999960e+00 1.338977000000000039e+01 3.824643000000000015e+00 -7.467012000000000427e+00 2.337880999999999876e+00
-3.664137000000000199e+00 1.117634999999999934e+01 5.252758000000000038e+00 -1.090166999999999931e+01 -2.185935000000000183e+00 -7.757184999999999775e+00 -5.721427000000000263e+00 1.914705000000000101e+00 1.403940000000000055e+01 5.612080999999999875e+00 -9.256890000000000285e+00 5.296420000000000350e+00
-4.144489000000000090e+00 1.069858999999999938e+01 6.427533999999999637e+00 -9.614433999999999259e+00 -5.681878000000000206e-01 -9.188162999999999414e+00 -1.177668000000000070e+01 3.799653999999999865e+00 1.408873999999999960e+01 5.756606999999999807e+00 -4.764151000000000025e+00 4.217158999999999658e+00
-4.362274000000000207e+00 1.044459999999999944e+01 8.563836000000000226e+00 -7.721663000000000388e+00 -2.756457000000000157e+00 -9.630779999999999674e+00 -1.318235999999999919e+01 3.591581000000000135e+00 1.375281999999999982e+01 4.596271999999999913e+00 -2.344901000000000124e+00 4.432656999999999847e+00
-4.932602000000000153e+00 1.139117000000000068e+01 9.093135000000000190e+00 -8.131667999999999452e+00 6.472356000000000220e-01 -9.637031000000000347e+00 -1.367792999999999992e+01 1.563303000000000054e-01 1.009390999999999927e+01 3.334633000000000180e+00 2.783831000000000166e+00 3.876647000000000176e+00
-6.097595000000000098e+00 1.051885000000000048e+01 1.307873000000000019e+01 -5.101505999999999652e+00 3.333780000000000077e-01 -1.140067999999999948e+01 -1.624374999999999858e+01 -3.717289000000000010e-02 1.265132999999999974e+01 -2.019776000000000071e-01 -1.257435000000000080e+00 5.888552999999999926e+00
-6.533980999999999817e+00 1.106600000000000072e+01 1.322968999999999973e+01 -2.234357999999999844e+00 2.987643999999999966e+00 -1.250524000000000058e+01 -1.709001999999999910e+01 -1.186582000000000026e+00 1.020451000000000086e+01 -8.012772000000000228e-01 -3.321954999999999991e+00 6.296174999999999855e+00
-6.761172000000000182e+00 1.077078999999999986e+01 1.325567999999999991e+01 1.245325999999999933e+00 5.030818000000000012e+00 -1.268108999999999931e+01 -1.636120000000000019e+01 1.039160000000000084e+00 8.254787999999999570e+00 -3.728127000000000191e+00 -6.311418999999999890e+00 4.673299000000000092e+00
-7.102265000000000050e+00 9.932261999999999702e+00 1.495974999999999966e+01 7.116702000000000083e+00 4.369011999999999674e+00 -1.481832999999999956e+01 -1.655229999999999890e+01 4.602122999999999742e+00 5.649264999999999759e+00 -4.486543000000000170e+00 -5.355081000000000202e+00 2.733817000000000164e+00
-7.779133999999999993e+00 1.172606999999999999e+01 1.635388999999999982e+01 6.368731999999999616e+00 3.325168000000000124e+00 -1.107709999999999972e+01 -1.525465999999999944e+01 4.116772000000000098e+00 4.666591999999999629e+00 -4.113254000000000410e+00 -6.768445999999999962e+00 2.133538999999999852e+00
-7.710834000000000188e+00 1.204100000000000037e+01 1.496471999999999980e+01 7.225788999999999795e+00 6.458671999999999969e+00 -1.199954999999999927e+01 -1.217117000000000004e+01 5.203803999999999874e+00 3.945005999999999791e+00 -6.752703999999999596e+00 -8.119236000000000786e+00 6.650711000000000261e-01
-7.892832000000000292e+00 1.100455000000000005e+01 1.392446999999999946e+01 8.468973999999999336e+00 8.605244000000000781e+00 -9.517995000000000871e+00 -1.268064999999999998e+01 5.368395999999999724e+00 3.947061999999999848e+00 -8.139048999999999978e+00 -8.104713000000000278e+00 -1.245371000000000006e+00
-8.835950000000000415e+00 1.155145000000000088e+01 1.636572999999999922e+01 9.058045999999999154e+00 6.519809999999999661e+00 -6.219387000000000221e+00 -1.018890000000000029e+01 5.176031000000000049e+00 2.451671000000000156e+00 -9.745623000000000147e+00 -8.696925999999999490e+00 -1.705939000000000094e+00
-9.098516999999999300e+00 1.133611999999999931e+01 1.723975000000000080e+01 9.828656999999999755e+00 7.532662000000000191e+00 -5.527904000000000373e+00 -1.323678999999999917e+01 4.519485999999999670e+00 2.704124000000000194e+00 -7.637201000000000128e+00 -6.730004000000000097e+00 -2.090718999999999994e+00
-9.458425000000000082e+00 1.233416000000000068e+01 1.605121000000000109e+01 1.089071999999999996e+01 7.803976999999999720e+00 -6.761721999999999788e+00 -1.118985999999999947e+01 4.955436999999999870e+00 -1.957200999999999969e+00 -6.282789000000000179e+00 -3.864406999999999925e+00 1.713697999999999944e+00
-8.627981000000000122e+00 1.173733000000000004e+01 1.395121999999999929e+01 1.087959999999999994e+01 6.768303000000000402e+00 -5.667962000000000167e+00 -9.430614000000000274e+00 3.178621999999999836e+00 1.678007999999999930e-02 -3.930187999999999793e+00 -2.802567999999999948e+00 2.082222999999999991e-01
-8.705075000000000784e+00 1.193473999999999968e+01 1.478472000000000008e+01 1.021973000000000020e+01 4.263923000000000130e+00 -5.952622999999999998e+00 -7.775311000000000305e+00 6.089592999999999812e+00 1.120746000000000020e+00 -5.355622999999999578e+00 -2.774163999999999852e+00 -5.556712999999999791e-01
-9.096678000000000708e+00 1.229011999999999993e+01 1.420001000000000069e+01 1.063260999999999967e+01 6.988623999999999725e+00 -4.688407999999999909e+00 -1.043894000000000055e+01 4.969552000000000191e+00 1.560686999999999935e+00 -5.612466000000000399e+00 -2.052745999999999960e+00 1.180708000000000091e+00
-9.169681999999999888e+00 1.178802999999999912e+01 1.509313000000000038e+01 1.047658999999999985e+01 5.375384000000000384e+00 -5.312276999999999916e+00 -7.745847999999999622e+00 5.542775999999999925e+00 3.923214000000000201e+00 -6.258840000000000181e+00 -3.984643000000000157e+00 -3.667343000000000131e-01
-9.871907000000000210e+00 1.172273999999999994e+01 1.598586000000000062e+01 1.245293000000000028e+01 6.040008000000000266e+00 -5.824497000000000035e+00 -9.922907999999999618e+00 5.968937999999999633e+00 3.901011000000000006e+00 -5.601729999999999876e+00 -3.224782999999999955e+00 2.099930000000000130e-01
-9.876201999999999259e+00 1.193652999999999942e+01 1.627745000000000175e+01 1.071617999999999959e+01 7.412923000000000151e+00 -1.102865999999999902e+00 -8.103916999999999149e+00 2.760655999999999999e+00 3.622948999999999874e-03 -6.956692000000000320e+00 -2.777153999999999900e+00 1.820119000000000042e+00
-1.002383999999999986e+01 1.098278999999999961e+01 1.588230000000000075e+01 1.244552000000000014e+01 6.363163000000000125e+00 -4.085418000000000105e-01 -7.917721000000000231e+00 2.446496999999999922e+00 -7.603128999999999582e-01 -6.106606000000000201e+00 -4.687908000000000186e+00 2.241588999999999943e-01
-1.003570999999999991e+01 1.079127000000000081e+01 1.598738999999999955e+01 1.469766000000000084e+01 4.618632999999999988e+00 -3.601182999999999801e+00 -8.802868000000000137e+00 3.524652000000000118e+00 2.294608000000000203e+00 -5.837650000000000006e+00 -4.506806000000000090e+00 -9.838343000000000504e-01
-9.778864000000000445e+00 1.034960000000000058e+01 1.515198000000000000e+01 1.411970999999999954e+01 6.708857000000000070e+00 -2.877028999999999836e+00 -8.195173000000000485e+00 1.949762999999999913e+00 1.838219999999999965e+00 -6.487878000000000256e+00 -6.201433999999999891e+00 2.978213000000000110e-01
-9.668846999999999525e+00 1.088268000000000058e+01 1.594725999999999999e+01 1.221911000000000058e+01 6.129882000000000275e+00 -2.375036000000000147e+00 -8.241006000000000498e+00 2.440805999999999809e+00 1.478455000000000075e+00 -7.920195999999999792e+00 -9.069380999999999915e+00 1.252953999999999901e+00
-9.744918000000000191e+00 1.056775000000000020e+01 1.795363000000000042e+01 1.372987000000000002e+01 4.527912999999999855e+00 -8.063722000000000278e+00 -1.480943000000000076e+01 3.291081999999999841e+00 6.731028000000000233e+00 -4.326601000000000141e+00 -8.668521999999999395e+00 -2.369078000000000017e+00
-8.363777000000000683e+00 1.082712000000000074e+01 1.674560999999999922e+01 1.196265999999999963e+01 5.988166999999999796e+00 -1.129386000000000045e+01 -1.736255999999999844e+01 3.408777000000000168e+00 6.520514000000000365e+00 -3.856135999999999786e+00 -1.040351000000000070e+01 -1.093088000000000060e+00
-7.203693000000000346e+00 1.245961999999999925e+01 1.479120999999999952e+01 6.186782000000000004e+00 6.758442999999999756e+00 -1.167824000000000062e+01 -2.006670000000000087e+01 4.592562000000000033e+00 6.811614999999999753e+00 -2.963931000000000093e+00 -1.048701999999999934e+01 -9.507215999999999445e-01
-6.015592999999999968e+00 1.389779000000000053e+01 1.373835000000000051e+01 8.130926000000000542e-01 5.162670999999999566e+00 -1.159897999999999918e+01 -1.831072999999999951e+01 3.193191999999999808e+00 5.320337000000000316e+00 -3.959919000000000189e+00 -5.088767999999999958e+00 3.835566000000000031e+00
-5.091084000000000387e+00 1.509962999999999944e+01 1.273746000000000045e+01 -2.901644000000000112e+00 1.869984000000000091e+00 -1.060124000000000066e+01 -1.492605000000000004e+01 5.601829000000000391e-01 3.849204999999999988e+00 -3.613056999999999963e+00 -2.460653000000000201e+00 3.121075999999999961e+00
-4.446932999999999581e+00 1.679767999999999972e+01 1.174000999999999983e+01 -5.305685000000000429e+00 -2.338637999999999995e+00 -9.070831999999999340e+00 -1.233403999999999989e+01 1.547732000000000108e+00 4.053265999999999813e-01 -5.369663000000000075e+00 -7.578674999999999995e-02 7.930206000000000088e+00
-3.108327000000000062e+00 1.658541999999999916e+01 8.763707999999999387e+00 -6.277180999999999678e+00 -2.571072000000000024e+00 -1.083419999999999916e+01 -9.631951000000000818e+00 4.160479999999999734e+00 -2.253235999999999795e+00 -4.564448999999999756e+00 -1.271530000000000049e+00 6.251907000000000103e+00
-1.984642999999999935e+00 1.703143999999999991e+01 7.535429999999999851e+00 -7.084839999999999804e+00 -4.679890999999999579e+00 -1.108392000000000088e+01 -6.938452999999999982e+00 3.089839000000000002e+00 -5.374640000000000528e-01 -4.457637000000000072e+00 -1.805652999999999953e+00 4.101175999999999711e+00
-2.244960999999999984e+00 1.765106000000000108e+01 8.311989000000000516e+00 -6.135983999999999661e+00 -9.275340999999999170e+00 -9.983624000000000720e+00 -5.872021000000000157e+00 3.676495000000000068e+00 9.139319000000000193e-01 -4.308707000000000065e+00 -8.407719000000000165e-01 2.838998999999999828e+00
-2.088932999999999929e+00 1.880399999999999849e+01 7.496831000000000245e+00 -5.073925000000000018e+00 -9.858259000000000327e+00 -1.037566999999999950e+01 -6.010747000000000284e+00 4.425010999999999584e+00 8.386896000000000351e-01 -5.090797000000000239e+00 -2.436477999999999977e-01 3.482305000000000206e+00
-2.177070000000000061e+00 1.845578000000000074e+01 9.025109000000000492e+00 -7.151938999999999602e+00 -9.011350999999999445e+00 -1.016516000000000020e+01 -6.493629000000000318e+00 4.465304999999999858e+00 3.632934999999999803e+00 -5.582459000000000060e+00 -1.662992000000000026e+00 1.929904999999999982e+00
-2.253344999999999931e+00 1.720195999999999970e+01 8.215683999999999543e+00 -4.985008999999999801e+00 -9.183775999999999939e+00 -1.014072999999999958e+01 -7.287929000000000102e+00 5.633380999999999972e+00 1.970202999999999927e+00 -4.289711999999999748e+00 -6.694938000000000278e-01 -7.143289000000000444e-01
-2.804860999999999827e+00 1.829192000000000107e+01 1.048268999999999984e+01 -6.930469999999999686e+00 -8.474918999999999869e+00 -1.088106999999999935e+01 -8.189033999999999480e+00 6.937364999999999782e+00 1.471054000000000084e+00 -5.330296999999999841e+00 -1.564538999999999902e+00 1.597361000000000031e+00
-2.938190000000000079e+00 1.781031000000000120e+01 9.888037999999999883e+00 -6.501119000000000092e+00 -7.842977999999999561e+00 -8.313439000000000689e+00 -8.949778999999999485e+00 4.609862999999999822e+00 7.169860999999999596e-01 -4.808078000000000074e+00 -2.000423000000000062e+00 3.414486000000000132e+00
-3.310569999999999791e+00 1.714410000000000167e+01 8.424727000000000743e+00 -7.986766000000000254e+00 -4.907255000000000145e+00 -6.648652000000000228e+00 -4.822366999999999848e+00 1.617849000000000093e+00 -2.595731999999999928e+00 -5.394988999999999812e+00 -2.740206999999999837e+00 4.428760999999999726e+00
-4.320147999999999655e+00 1.619163999999999959e+01 1.020753000000000021e+01 -5.236526999999999710e+00 -3.332613999999999965e+00 -8.406905999999999324e+00 -8.268833000000000766e+00 2.631121999999999961e+00 -9.885068999999999662e-01 -7.819990999999999914e+00 -3.775777999999999857e+00 8.554035000000000721e+00
-5.064295000000000435e+00 1.610151000000000110e+01 1.089886000000000088e+01 -3.306296999999999819e+00 -6.866397999999999946e-02 -1.109783999999999970e+01 -9.513685999999999865e+00 5.738419000000000159e-01 6.775147000000000252e-01 -4.610147000000000439e+00 -3.491950999999999805e+00 7.511783000000000321e+00
-6.487152000000000029e+00 1.461649000000000065e+01 1.291630999999999929e+01 -8.096347999999999878e-01 2.292030000000000012e+00 -1.282995999999999981e+01 -1.106545999999999985e+01 1.809166000000000107e-01 3.286738000000000159e+00 -2.361053000000000068e+00 -3.399478000000000222e+00 2.291841999999999935e+00
-7.081202000000000218e+00 1.222381000000000029e+01 1.314560999999999957e+01 2.665521000000000029e+00 6.058321000000000289e+00 -1.165550999999999959e+01 -1.522029000000000032e+01 1.816359999999999975e+00 5.567444000000000059e+00 -3.061657999999999991e+00 -6.272763999999999562e+00 1.902813000000000088e+00
-6.829677000000000220e+00 1.093363000000000085e+01 1.274089999999999989e+01 6.433773000000000408e+00 7.072300000000000253e+00 -1.167994999999999983e+01 -1.532586000000000048e+01 1.659963999999999995e+00 6.862187999999999732e+00 -3.716289999999999871e+00 -8.303755000000000663e+00 1.466504000000000030e+00
-7.553783000000000136e+00 1.036445999999999934e+01 1.418701000000000079e+01 7.257486000000000104e+00 7.454901999999999695e+00 -1.167084999999999972e+01 -1.547195999999999927e+01 2.782509999999999817e+00 7.471116999999999564e+00 -5.581082999999999572e+00 -1.121185000000000009e+01 1.168843999999999994e+00
-7.538242000000000331e+00 1.072957000000000072e+01 1.387401999999999980e+01 8.517549999999999955e+00 5.678253999999999913e+00 -9.877090000000000813e+00 -1.309356000000000009e+01 3.857248999999999928e+00 3.210262000000000171e+00 -7.624537000000000120e+00 -8.881444999999999368e+00 5.009242999999999890e-01
-8.381159000000000248e+00 1.052216999999999913e+01 1.635198000000000107e+01 1.080138999999999960e+01 5.970417999999999559e+00 -1.056743999999999950e+01 -1.284393000000000029e+01 5.153037999999999563e+00 2.108353000000000144e+00 -8.180616999999999805e+00 -8.687101999999999435e+00 -2.204717999999999956e-01
-9.445541000000000409e+00 1.044331999999999994e+01 1.786191000000000173e+01 1.250067999999999913e+01 7.672405000000000364e+00 -8.985035999999999135e+00 -1.273385000000000034e+01 2.699190000000000200e+00 2.315989000000000075e+00 -8.354323000000000832e+00 -8.861584000000000572e+00 2.116893999999999831e+00
-9.630810999999999567e+00 1.100942000000000043e+01 1.671274000000000015e+01 1.254472999999999949e+01 6.482619999999999827e+00 -6.063136000000000081e+00 -1.038860000000000028e+01 3.064569000000000099e+00 1.224768999999999997e+00 -7.703545000000000087e+00 -7.349338999999999622e+00 1.735124000000000111e+00
-9.878246000000000748e+00 1.141676999999999964e+01 1.611655999999999977e+01 1.252950000000000053e+01 7.181052000000000213e+00 -7.620536000000000421e+00 -8.678463999999999956e+00 3.473430000000000017e+00 1.456663000000000041e+00 -7.337687999999999988e+00 -7.850999999999999979e+00 3.569602000000000164e+00
-1.009357999999999933e+01 1.112668000000000035e+01 1.675133999999999901e+01 1.143327000000000027e+01 6.230463000000000306e+00 -5.428471000000000046e+00 -9.547242000000000672e+00 4.379935999999999829e+00 3.888676999999999939e+00 -8.319912000000000418e+00 -7.971663000000000388e+00 2.087146000000000168e+00
-1.025614999999999988e+01 1.123293999999999926e+01 1.738382000000000005e+01 1.076845999999999925e+01 5.158726999999999840e+00 -4.651191999999999993e+00 -5.863426999999999722e+00 6.921429999999999971e+00 2.815673000000000203e-01 -8.561890000000000001e+00 -6.312700999999999674e+00 -9.484196000000000293e-01
-1.078537000000000035e+01 9.989613999999999550e+00 1.735935999999999879e+01 1.120603999999999978e+01 6.538967999999999670e+00 -7.096807000000000532e-01 -4.900528000000000439e+00 6.399199000000000304e+00 -1.905394000000000032e+00 -1.001815999999999995e+01 -7.714533000000000307e+00 5.476716000000000362e-01
-1.176693999999999996e+01 9.704900000000000304e+00 1.910738999999999876e+01 1.229485999999999990e+01 4.614969999999999573e+00 -1.218776000000000082e+00 -6.351628999999999969e+00 2.926613000000000131e+00 7.326101999999999892e-01 -6.566885000000000083e+00 -7.567600999999999800e+00 3.849908999999999804e+00
-1.133669000000000082e+01 9.233788999999999803e+00 1.767771000000000114e+01 1.278842999999999996e+01 4.618915000000000326e+00 -3.542375999999999969e+00 -8.256966000000000250e+00 2.461749999999999883e+00 3.401451999999999920e+00 -6.301783999999999608e+00 -4.543538999999999994e+00 4.376171000000000255e+00
-1.158207999999999949e+01 7.971007000000000176e+00 1.723744999999999905e+01 1.308646000000000065e+01 4.903189000000000242e+00 -5.023638000000000048e+00 -9.245646000000000697e+00 4.750096000000000096e+00 2.257193000000000005e+00 -7.284832999999999892e+00 -2.154402000000000150e+00 3.182875000000000121e+00
-1.347342000000000084e+01 4.882926000000000322e+00 1.875159000000000020e+01 1.345900999999999925e+01 5.292271000000000392e+00 -3.619933000000000067e+00 -6.768216999999999928e+00 4.442312000000000261e+00 -1.110908000000000034e-01 -6.787115000000000009e+00 -5.996839999999999726e+00 4.768564999999999721e+00
