-3.941663999999999835e+00 6.449881000000000419e+00 -2.458988999999999869e+00 -5.983966999999999814e+00 -4.722076999999999636e+00 -5.136287000000000269e+00 4.276073000000000235e+00 8.549780999999999409e+00 5.174775000000000347e+00 -1.298489000000000004e+01 -6.137711999999999612e+00 5.162881999999999749e+00
-2.472628999999999966e+00 8.035242999999999469e+00 -1.095720999999999945e+00 -4.063298999999999772e+00 -2.538834000000000035e+00 -5.570528000000000368e+00 2.434886999999999802e+00 9.354720000000000368e+00 1.059013000000000027e+01 -1.070407999999999937e+01 -7.237968999999999653e+00 3.959427999999999948e+00
-5.203356999999999566e-01 1.331475000000000009e+01 -2.603314999999999824e+00 -8.617748000000000630e+00 -5.782436999999999827e+00 -5.528325999999999851e+00 5.991436000000000206e+00 6.103632000000000168e+00 7.253625999999999685e+00 -9.406112999999999502e+00 -7.386678999999999995e+00 4.758263000000000353e+00
-5.835991999999999846e-01 1.371071000000000062e+01 -1.274207000000000090e+00 -8.603170000000000428e+00 -6.837163999999999575e+00 -4.534030999999999700e+00 3.782362000000000002e+00 5.370777000000000356e+00 9.102880000000000749e+00 -5.259682999999999886e+00 -4.211477000000000359e+00 4.562478999999999729e+00
-4.682141000000000219e-01 1.419393999999999956e+01 -1.480305999999999900e+00 -8.919029999999999347e+00 -6.316137999999999586e+00 -4.291470999999999592e+00 3.245547999999999877e+00 7.896783000000000108e+00 6.266138999999999903e+00 -5.413953000000000237e+00 -2.476372000000000018e+00 3.943726999999999983e+00
-4.691583999999999754e-01 1.509054000000000073e+01 -3.683984000000000147e-01 -9.804346999999999923e+00 -8.223095999999999961e+00 -3.710907000000000178e+00 3.857680999999999916e+00 8.421160000000000423e+00 7.394059000000000381e+00 -7.786423000000000094e+00 -2.971668999999999894e+00 5.255950000000000344e+00
-2.353666000000000091e-01 1.326150999999999947e+01 -2.790132000000000168e-01 -7.800462999999999703e+00 -9.159817999999999572e+00 -3.983047000000000004e+00 2.272928999999999977e+00 7.009629999999999583e+00 9.001680000000000348e+00 -4.709700999999999915e+00 -3.257760000000000211e+00 2.951379000000000197e+00
-7.711236000000000201e-01 1.344580000000000020e+01 -6.909254999999999702e-01 -7.862116000000000327e+00 -5.466722999999999999e+00 -4.580175999999999803e+00 1.732633000000000090e+00 6.386785999999999852e+00 9.627162999999999471e+00 -4.196265000000000356e+00 -4.558546999999999905e+00 1.788405000000000022e+00
-1.011525000000000007e+00 1.108361999999999981e+01 -3.043485000000000218e-01 -4.964409999999999989e+00 -7.204418000000000433e+00 -9.875064999999999316e+00 2.392220000000000013e+00 8.591948000000000363e+00 9.496537999999999258e+00 -3.879036999999999846e+00 -2.721007999999999871e+00 9.335782999999999721e-01
-5.258121999999999518e-01 1.388859000000000066e+01 -1.531906000000000101e-01 -1.010046999999999962e+01 -7.163580999999999754e+00 -6.264286000000000243e+00 1.108309999999999906e+00 9.996174999999999145e+00 9.763137999999999650e+00 -6.402781000000000056e+00 -5.301370999999999611e+00 3.467604000000000131e+00
-1.428874999999999895e+00 1.260704999999999920e+01 1.701696000000000097e+00 -8.095062000000000424e+00 -9.514960999999999558e+00 -6.709964000000000262e+00 -1.821307000000000065e-01 1.110570000000000057e+01 9.648116999999999166e+00 -7.220564999999999678e+00 -3.637849000000000110e+00 2.654961000000000126e+00
-2.466207999999999956e+00 1.190906999999999982e+01 4.004932000000000158e+00 -8.478042000000000300e+00 -9.392730999999999497e+00 -7.121328000000000102e+00 -7.228618999999999462e-01 1.002797999999999945e+01 9.604426000000000130e+00 -7.417671999999999599e+00 -3.463350000000000151e+00 3.056932000000000205e+00
-3.431211999999999929e+00 1.281256999999999913e+01 5.109437999999999924e+00 -8.538783999999999708e+00 -7.429726999999999748e+00 -9.916477999999999682e+00 1.215846999999999900e+00 1.008239000000000019e+01 5.033005000000000173e+00 -6.942878000000000327e+00 -5.717131000000000185e+00 6.086942999999999770e+00
-3.310538999999999898e+00 1.290881000000000078e+01 5.661121999999999765e+00 -9.330254999999999299e+00 -6.547361000000000431e+00 -8.930859999999999133e+00 -2.203125000000000000e+00 8.776161999999999352e+00 4.541712999999999667e+00 -7.940094000000000207e+00 -3.811141999999999808e+00 5.211875000000000036e+00
-2.752120999999999817e+00 1.152974999999999994e+01 5.978525000000000311e+00 -5.771066000000000251e+00 -9.442862999999999118e+00 -9.515762000000000498e+00 -2.752998999999999974e+00 7.389368000000000158e+00 3.573840999999999823e+00 -8.146786999999999779e+00 -3.541682000000000219e+00 5.256896000000000235e+00
-2.642401000000000000e+00 1.254407999999999923e+01 5.120824999999999960e+00 -4.247652000000000427e+00 -7.677848000000000006e+00 -9.876642999999999617e+00 -3.428694999999999826e+00 4.820015999999999856e+00 6.956379000000000312e-01 -9.622090999999999283e+00 -3.533487000000000045e+00 6.628139000000000003e+00
-3.258607000000000031e+00 1.395462999999999987e+01 5.769580000000000375e+00 -2.987554999999999961e+00 -4.591961000000000404e+00 -1.147397999999999918e+01 -4.324254999999999960e+00 2.611320999999999781e+00 1.729044999999999943e+00 -1.102519999999999989e+01 -5.471290999999999904e+00 8.750356999999999275e+00
-3.266350000000000087e+00 1.442942000000000036e+01 5.412893000000000399e+00 -3.683053000000000132e+00 -2.560238000000000014e+00 -8.904434000000000182e+00 -6.893384000000000178e-01 2.946063999999999794e+00 -6.715646999999999700e+00 -8.533212000000000685e+00 -7.535629000000000133e+00 3.593398000000000092e+00
-3.822124000000000077e+00 1.541713000000000022e+01 6.460749999999999993e+00 -1.469001000000000001e+00 -1.344133000000000022e+00 -1.065795999999999921e+01 -8.264804000000000039e-01 2.258202999999999960e+00 -1.215909000000000084e+01 -7.251718999999999582e+00 -4.770643999999999885e+00 1.221295000000000019e+00
-4.158269999999999911e+00 1.570917000000000030e+01 7.772492999999999874e+00 -3.819116000000000177e+00 -1.194302999999999892e+00 -8.441008999999999318e+00 -4.101778999999999620e+00 3.169147999999999854e+00 -1.159379000000000026e+01 -8.435556000000000054e+00 -6.882704999999999629e+00 1.207297000000000065e+00
-4.667778000000000205e+00 1.590165000000000006e+01 8.020436999999999372e+00 -2.292664999999999953e+00 1.222642000000000000e-02 -1.052543999999999969e+01 -8.939629000000000048e-01 -4.118662000000000017e-02 -1.348986000000000018e+01 -6.479167999999999594e+00 -4.647242000000000317e+00 -2.501241999999999965e+00
-5.419952000000000325e+00 1.661831000000000103e+01 9.911761000000000266e+00 -1.091792000000000096e+00 -1.051795000000000035e+00 -9.696400000000000574e+00 -2.379014999999999880e+00 -2.112674999999999970e-01 -1.418088000000000015e+01 -3.264651000000000192e+00 -3.493237000000000148e+00 -3.552230999999999916e+00
-5.631838000000000122e+00 1.651772000000000062e+01 8.882977000000000345e+00 -7.473834000000000310e-01 -7.090437000000000545e-01 -6.555356999999999879e+00 -2.308922999999999948e-01 -9.959480000000000555e-01 -1.420628999999999920e+01 -7.317320999999999742e+00 -2.904665000000000052e+00 -1.006477000000000066e+00
-5.943245000000000111e+00 1.601273000000000124e+01 8.389080999999999122e+00 -2.432675000000000143e+00 4.563666000000000111e-01 -6.745854999999999713e+00 -1.943643000000000010e+00 1.611329999999999929e+00 -1.139227999999999952e+01 -6.779620999999999675e+00 -5.505274000000000001e+00 -3.646244999999999958e+00
-6.087335000000000385e+00 1.570046999999999926e+01 9.359508999999999190e+00 -3.272740000000000204e+00 1.661769000000000052e+00 -6.383397000000000432e+00 -3.409104000000000134e+00 7.804782000000000108e-01 -1.080202000000000062e+01 -5.896234999999999893e+00 -5.389825000000000088e+00 -1.021987999999999897e+00
-7.091619999999999813e+00 1.530784000000000056e+01 8.658374999999999488e+00 -1.858964999999999979e+00 2.712272000000000016e+00 -5.592220000000000191e+00 -4.908958000000000155e+00 -2.864140000000000019e-01 -5.988070999999999700e+00 -5.706317999999999557e+00 -7.532255000000000145e+00 -1.183154999999999957e+00
-6.476169999999999760e+00 1.572785999999999973e+01 7.743457000000000257e+00 -2.431156999999999790e+00 2.115203000000000166e+00 -5.068449000000000204e+00 -2.781734000000000151e+00 -2.527146999999999810e+00 -8.652281999999999584e+00 -5.279753000000000362e+00 -4.527936999999999657e+00 6.261885000000000367e-01
-7.113903999999999783e+00 1.540792000000000073e+01 9.553366999999999720e+00 -2.826284999999999936e+00 2.312066999999999872e+00 -6.332912000000000319e+00 -1.650203000000000086e+00 4.412588000000000066e-01 -8.114625000000000199e+00 -6.394093999999999944e+00 -6.807748000000000133e+00 -4.921425999999999856e-01
-6.598919999999999675e+00 1.565081999999999951e+01 7.590022000000000268e+00 -2.198209999999999997e+00 1.250299000000000049e+00 -2.287498999999999949e+00 -1.435564999999999980e+00 -1.909013999999999989e+00 -5.338960000000000150e+00 -7.800800999999999874e+00 -6.215320000000000178e+00 2.155159000000000102e-01
-6.393265999999999671e+00 1.549544999999999995e+01 6.798365000000000435e+00 -3.203657999999999784e-01 1.695847000000000104e+00 -4.112016999999999811e+00 -1.722909999999999942e+00 -1.395237000000000060e+00 -7.911331999999999809e+00 -3.987775000000000070e+00 -5.788954999999999629e+00 -2.204633999999999983e+00
-6.414606000000000030e+00 1.565798000000000023e+01 7.785017999999999994e+00 -1.985613000000000072e+00 3.254985000000000017e+00 -3.667127999999999943e+00 -3.704721000000000153e+00 -1.933748000000000022e+00 -5.322910000000000252e+00 -5.861187000000000147e+00 -6.490806000000000076e+00 -7.471341000000000232e-01
-5.967418000000000333e+00 1.588066000000000066e+01 7.335815000000000197e+00 -1.253670000000000062e+00 1.803995000000000015e+00 -4.510760999999999576e+00 -2.930629999999999846e+00 -1.721028999999999920e+00 -6.049147999999999747e+00 -7.523114999999999775e+00 -8.314607000000000525e+00 -6.760089000000000237e-01
-5.819929000000000130e+00 1.727176000000000045e+01 7.395310000000000272e+00 -1.150711999999999957e+00 -1.221340000000000092e+00 -5.090537000000000312e+00 -1.866147000000000000e+00 -1.948588999999999904e+00 -6.601071000000000133e+00 -7.719922000000000395e+00 -7.386678999999999995e+00 -1.541617999999999933e+00
-5.320431000000000132e+00 1.652130999999999972e+01 8.237353000000000591e+00 -1.336583000000000077e+00 -2.430966999999999878e+00 -3.716823000000000210e+00 -3.820965000000000167e+00 -3.158707000000000154e+00 -5.547602999999999618e+00 -8.499062999999999590e+00 -3.742452000000000112e+00 -1.824794999999999945e+00
-5.041503999999999763e+00 1.675909000000000049e+01 7.754273999999999667e+00 -2.234656000000000198e+00 -2.452370999999999857e+00 -3.034107999999999805e+00 -5.304275999999999769e+00 -1.381102999999999970e+00 -4.948869000000000185e+00 -9.706265999999999394e+00 -7.824613000000000262e+00 -7.352506999999999793e-02
-4.887783999999999907e+00 1.537617999999999974e+01 7.941016000000000297e+00 -1.293455999999999939e+00 -1.914727999999999986e+00 -5.434852000000000238e+00 -4.337750999999999912e+00 -9.191523999999999806e-01 -8.601459000000000188e+00 -8.589828000000000685e+00 -2.506257999999999875e+00 -2.250223000000000084e+00
-4.328987999999999836e+00 1.502347999999999928e+01 7.104096000000000188e+00 3.163516999999999718e-02 -1.529732000000000092e+00 -5.477447999999999873e+00 -5.279894999999999783e+00 -2.807709000000000010e+00 -7.806117999999999668e+00 -7.412279999999999980e+00 -2.204260000000000108e+00 -1.494895000000000085e+00
-4.529542000000000179e+00 1.457633000000000045e+01 8.801847000000000421e+00 1.715711999999999904e+00 6.591445999999999694e-01 -8.201603999999999672e+00 -8.384527999999999537e+00 -3.843034999999999979e+00 -8.595663000000000054e+00 -5.686547000000000018e+00 7.009988999999999804e-01 -8.950595999999999552e-01
-4.133531999999999762e+00 1.275115000000000087e+01 8.966383999999999688e+00 3.772442999999999991e+00 1.197915000000000063e+00 -1.038700000000000045e+01 -1.085482999999999976e+01 -4.195917999999999815e+00 -8.536369000000000540e+00 -5.449300000000000033e+00 1.000828000000000051e+00 1.410646999999999984e+00
-4.526520999999999795e+00 1.139869999999999983e+01 9.772275000000000489e+00 5.421592999999999662e+00 2.667492000000000196e+00 -1.475858999999999988e+01 -1.659607000000000099e+01 -2.855766000000000027e+00 -9.980261000000000271e-01 -4.793575999999999837e+00 -4.078674999999999606e+00 9.222285000000000066e-01
-4.605648000000000408e+00 1.087936999999999976e+01 9.806150000000000588e+00 2.584629000000000065e+00 4.093697999999999837e+00 -1.298258000000000045e+01 -1.580630000000000024e+01 -4.332076999999999956e+00 4.954654000000000003e-01 -2.316861999999999977e+00 -7.076245000000000118e+00 2.623181000000000207e+00
-4.987493999999999872e+00 1.084839999999999982e+01 1.035556000000000054e+01 5.224320000000000075e-01 4.375052000000000163e+00 -1.310998000000000019e+01 -1.703666000000000125e+01 -3.837039999999999895e-01 3.683959000000000206e+00 -1.154890999999999890e+00 -7.597572000000000436e+00 1.526415000000000077e+00
-4.681752000000000358e+00 1.045679999999999943e+01 9.496147999999999811e+00 1.016872999999999916e+00 4.268593000000000082e+00 -1.474557000000000073e+01 -1.773717999999999861e+01 -6.894725999999999910e-01 6.924165999999999599e+00 -6.303712999999999678e-01 -7.317023999999999972e+00 3.532109000000000165e+00
-5.000335999999999892e+00 9.190350999999999715e+00 1.151642999999999972e+01 1.239494000000000096e+00 4.467429000000000094e+00 -1.695029999999999859e+01 -1.990183999999999997e+01 2.180464999999999876e+00 8.327156999999999698e+00 -2.426797999999999789e+00 -6.752794999999999881e+00 5.303809000000000218e+00
-5.169730999999999632e+00 9.400743000000000293e+00 1.202683000000000035e+01 1.039044000000000079e+00 3.981606000000000201e+00 -1.702918000000000021e+01 -2.124583000000000155e+01 1.244548999999999905e+00 1.009215000000000018e+01 -2.187836999999999976e-01 -8.111186000000000007e+00 3.927837999999999941e+00
-5.884514000000000244e+00 9.928001999999999327e+00 1.203139000000000003e+01 2.668149999999999800e+00 2.855906000000000056e+00 -2.024239999999999995e+01 -1.748030999999999935e+01 3.649343999999999921e-01 1.046263000000000076e+01 -7.978220999999999785e-01 -8.069247999999999976e+00 5.045980000000000132e+00
-5.849766999999999939e+00 1.049135000000000062e+01 1.285065999999999953e+01 2.208635000000000126e+00 3.885850000000000026e+00 -2.084308000000000050e+01 -1.856394999999999840e+01 1.045258000000000020e+00 9.163066000000000599e+00 7.747544000000000652e-02 -6.927775999999999712e+00 6.895425000000000360e+00
-5.407866000000000284e+00 1.040970000000000084e+01 1.228246000000000038e+01 3.224547999999999970e+00 1.267479000000000022e+00 -1.831494000000000000e+01 -1.916257999999999839e+01 -1.581808000000000103e+00 1.136184000000000083e+01 -5.821429999999999660e-01 -4.441411000000000442e+00 7.087048000000000236e+00
-5.956841999999999970e+00 1.027072000000000074e+01 1.354609999999999914e+01 8.546918000000000015e-01 2.884633000000000003e+00 -1.793393999999999977e+01 -2.254019999999999868e+01 2.071867999999999821e+00 1.177867999999999959e+01 -8.262798000000000087e-01 -4.735214000000000034e+00 4.795149999999999579e+00
-5.243382000000000431e+00 1.047701999999999956e+01 1.133480999999999916e+01 3.720951000000000120e-01 4.112003999999999770e+00 -1.942794999999999916e+01 -1.955790000000000006e+01 1.863860000000000072e+00 1.050140999999999991e+01 2.748817000000000066e-01 -3.999620000000000175e+00 3.466848000000000152e+00
-5.370097000000000342e+00 1.084507999999999939e+01 1.201659000000000077e+01 8.814184000000000463e-01 2.032402999999999960e+00 -1.868094999999999928e+01 -2.199728999999999957e+01 2.516858000000000040e+00 1.193204000000000065e+01 1.121722000000000108e+00 -4.941527999999999921e+00 2.750109999999999832e+00
-5.098536000000000179e+00 1.026074000000000019e+01 1.013864000000000054e+01 -1.469320000000000088e-03 1.078781999999999908e+00 -1.634093999999999980e+01 -1.969851999999999848e+01 5.080084000000000266e+00 1.197395000000000032e+01 4.174694999999999934e-01 -5.885362999999999900e+00 3.345216000000000189e+00
-5.402012000000000036e+00 1.021339000000000041e+01 6.889173000000000435e+00 -1.636953000000000102e+00 3.717150000000000176e+00 -1.342708000000000013e+01 -1.934718000000000160e+01 1.789890999999999899e+00 1.140329999999999977e+01 3.791049000000000113e+00 -4.235579000000000427e+00 3.581108999999999681e-02
-5.721161999999999637e+00 4.787733000000000239e+00 7.479855999999999838e+00 6.399681999999999871e-01 3.434105999999999881e+00 -1.398319000000000045e+01 -1.962451000000000079e+01 3.551006000000000107e+00 1.284018000000000015e+01 -5.288224000000000258e-01 -4.209548999999999985e+00 4.996040999999999954e+00
-5.737781000000000020e+00 1.024921999999999933e+01 7.667167000000000066e+00 -1.123073999999999906e+00 3.327364999999999906e+00 -1.355605000000000082e+01 -1.764401000000000153e+01 -1.035052000000000083e+00 1.275369000000000064e+01 4.348819999999999908e+00 -2.295847999999999889e+00 1.987783000000000078e+00
-6.468804999999999694e+00 1.124718000000000018e+01 7.976882999999999946e+00 -4.235503999999999714e+00 2.406414999999999971e+00 -1.090958999999999968e+01 -1.625168999999999997e+01 -2.637994000000000172e-01 1.340546999999999933e+01 4.442280000000000229e+00 -2.713295000000000012e+00 3.848199999999999843e+00
-7.575066999999999773e+00 7.847630999999999801e+00 7.435448000000000057e+00 -5.455814000000000163e+00 1.291698999999999931e+00 -7.815482000000000262e+00 -1.857874999999999943e+01 2.178345000000000198e+00 1.500996999999999915e+01 4.238883000000000401e+00 -2.300186000000000064e+00 3.896247999999999934e+00
-9.785322999999999993e+00 3.958451000000000164e+00 1.030062000000000033e+01 -5.803258999999999723e+00 4.069477000000000011e+00 -5.589458999999999733e+00 -1.392070999999999970e+01 2.641945000000000210e+00 1.238723000000000063e+01 -2.807831000000000188e+00 -3.790897000000000183e+00 6.697938999999999865e+00
-1.261121999999999943e+01 5.653616000000000419e+00 4.053041000000000338e+00 -3.353527000000000147e+00 -1.426933999999999925e+00 -4.425569999999999560e+00 -1.350928000000000040e+01 -3.295101999999999975e+00 9.905799999999999272e+00 3.970781999999999812e+00 5.301594999999999835e+00 6.155420000000000336e+00
-9.362685000000000812e+00 4.440407000000000437e+00 6.393854000000000148e+00 -7.923769000000000062e+00 4.670688000000000062e-01 -1.398903999999999925e+00 -1.209651000000000032e+01 2.282230999999999899e+00 1.179383999999999943e+01 -2.121551999999999882e+00 -5.055289000000000144e+00 2.171082000000000178e+00
-7.439474999999999838e+00 3.723742999999999803e+00 1.968143999999999894e+00 -7.217033999999999949e+00 1.065263999999999989e+00 -1.972369000000000039e+00 -1.171817000000000064e+01 3.216969000000000189e+00 1.249466999999999928e+01 1.442544000000000048e+00 -2.506499999999999950e+00 4.371614000000000111e+00
-8.059457000000000093e+00 9.834580000000000766e+00 2.685503000000000196e+00 -7.368281999999999776e+00 -5.246483999999999703e+00 1.240061000000000080e+00 -1.747725999999999891e+00 -7.675754999999999384e-02 7.684287000000000312e+00 6.579282000000000186e-02 -5.792570999999999692e+00 1.450371000000000077e+00
-3.638187999999999978e+00 1.112739000000000011e+01 7.608734000000000330e-01 -1.302945000000000064e+01 -8.258862999999999843e+00 2.668989999999999974e+00 1.637721999999999900e+00 -9.028981999999999841e-01 9.350310000000000343e+00 2.666523000000000199e+00 -4.245942999999999579e+00 3.110275999999999819e+00
-2.741922999999999888e+00 8.332914000000000598e+00 -2.096039000000000208e+00 -1.304463999999999935e+01 -4.955271999999999899e+00 5.003868999999999900e+00 -2.115615000000000023e+00 -2.569078000000000195e+00 1.409648999999999930e+01 4.450284999999999935e-01 -4.915257000000000431e+00 1.698930999999999969e+00
-1.170155999999999974e+00 1.167614999999999981e+01 -5.109233999999999831e+00 -1.411644000000000077e+01 -4.724611999999999590e+00 2.987274999999999903e+00 -2.354198999999999931e+00 -1.057196000000000025e+00 1.159633999999999965e+01 2.583546000000000120e+00 -6.408135999999999832e+00 -1.184479000000000060e+00
-1.602802999999999978e+00 1.384534000000000020e+01 -1.580792999999999893e+00 -1.448179999999999978e+01 -9.309929999999999595e+00 3.429797999999999902e+00 1.051277000000000017e+00 -1.019033999999999995e+00 1.166901000000000010e+01 1.613888999999999907e+00 -8.073104999999999976e+00 1.159628000000000103e+00
-1.285163000000000055e+00 1.451260000000000083e+01 -1.129880999999999913e+00 -1.362959000000000032e+01 -8.080588000000000548e+00 2.422486999999999835e+00 8.941075000000000550e-01 -8.152665000000000051e-01 1.413394000000000084e+01 -7.214357000000000131e-01 -9.978611000000000786e+00 2.303307000000000215e+00
-1.296683000000000030e+00 1.502988000000000035e+01 9.285419999999999785e-01 -1.280957000000000079e+01 -1.002388000000000012e+01 8.327033000000000351e-02 4.155910000000000437e+00 -1.275803999999999938e+00 1.194585999999999970e+01 5.612555999999999656e-01 -9.069724000000000785e+00 9.277142000000000444e-01
-1.105758999999999936e+00 1.479363999999999990e+01 3.281803999999999832e-01 -1.166062999999999938e+01 -8.235207000000000832e+00 3.983999999999999764e-01 2.619483999999999924e+00 -1.619264000000000037e+00 1.056427000000000049e+01 3.098780000000000090e+00 -8.939814000000000149e+00 2.200219999999999954e-02
-1.158635999999999999e+00 1.539947000000000088e+01 1.147450000000000081e+00 -9.848992000000000857e+00 -7.693056999999999590e+00 -2.308008000000000060e+00 2.154942999999999831e+00 -4.955993000000000204e-01 1.012424999999999997e+01 7.454813999999999607e-01 -8.780981000000000591e+00 1.721252999999999922e+00
-1.476841999999999988e+00 1.648086999999999946e+01 2.768057000000000212e+00 -1.130710999999999977e+01 -9.538337000000000288e+00 -3.067632000000000136e+00 4.198140999999999678e+00 -2.228103999999999918e-01 9.469789999999999708e+00 -7.091539999999999511e-01 -8.612749000000000876e+00 3.787856999999999807e+00
-8.891525000000000123e-01 1.619318000000000168e+01 2.732473000000000152e+00 -1.017670000000000030e+01 -1.030325999999999986e+01 -5.015598999999999918e+00 2.422261000000000220e+00 4.453471000000000402e+00 7.908088000000000228e+00 -2.249162000000000106e+00 -6.986343999999999888e+00 1.483664000000000094e+00
-9.286214000000000413e-01 1.665363999999999933e+01 1.109019999999999895e+00 -9.947699000000000069e+00 -8.750037000000000731e+00 -6.031587000000000032e+00 1.375628000000000073e+00 3.264082999999999846e+00 7.389154999999999696e+00 5.633523999999999754e-01 -5.991412000000000404e+00 1.055967000000000100e+00
-1.217745000000000077e+00 1.667949000000000126e+01 3.664756000000000125e+00 -9.161998999999999782e+00 -9.080959000000000003e+00 -8.965567000000000064e+00 -1.478231000000000073e+00 4.427087000000000216e+00 1.020405000000000051e+01 1.398808999999999969e+00 -7.697594999999999743e+00 9.464074999999999571e-02
-6.893531000000000519e-01 1.781411999999999907e+01 3.582202999999999804e+00 -9.920972000000000790e+00 -1.097580999999999918e+01 -8.542764999999999276e+00 7.848292999999999520e-01 3.157605000000000217e+00 7.840768999999999878e+00 1.471001999999999921e+00 -6.019853000000000343e+00 2.116981000000000002e+00
-7.494062000000000223e-01 1.759834999999999994e+01 3.383506000000000125e+00 -9.063596999999999682e+00 -1.122814999999999941e+01 -1.118488999999999933e+01 -5.426182000000000505e-01 5.185383999999999993e+00 9.939681999999999462e+00 1.302952000000000110e+00 -6.317271999999999998e+00 -1.930759999999999976e-01
-8.680016999999999872e-01 1.785225000000000151e+01 3.795132999999999868e+00 -7.564783000000000257e+00 -1.254846000000000039e+01 -1.351108999999999938e+01 -9.723298000000000219e-01 7.077709999999999724e+00 1.044034000000000084e+01 1.004296000000000078e+00 -5.530580999999999747e+00 -1.223068000000000044e+00
-1.024555000000000105e+00 1.768255999999999872e+01 3.528115999999999808e+00 -8.287615000000000620e+00 -1.219162999999999997e+01 -1.058893999999999913e+01 -3.238002999999999965e+00 5.728134999999999977e+00 1.083933999999999997e+01 9.042451999999999712e-01 -6.309318000000000204e+00 8.930974000000000412e-01
-1.236818999999999891e+00 1.937925999999999860e+01 3.732791000000000192e+00 -7.480350999999999750e+00 -1.320551999999999992e+01 -1.377139000000000024e+01 -9.174729999999999830e-01 6.885013999999999967e+00 7.701673999999999687e+00 -8.578162999999999760e-02 -2.885383000000000031e+00 1.876365999999999978e+00
-1.462679000000000062e+00 1.960090999999999894e+01 5.804025000000000212e+00 -8.181316000000000699e+00 -1.283009999999999984e+01 -1.375009999999999977e+01 -1.476925000000000043e+00 5.344157000000000046e+00 7.629451000000000427e+00 2.023679000000000006e+00 -1.551336000000000048e+00 -3.903729000000000227e-01
-1.159580000000000055e+00 1.874296999999999969e+01 5.289916999999999980e+00 -7.661666000000000309e+00 -1.174017000000000088e+01 -1.352016000000000062e+01 -1.294505000000000017e+00 4.202824999999999811e+00 6.679412000000000127e+00 5.044084999999999930e+00 -2.360199999999999854e+00 -1.208692000000000100e+00
-1.250604000000000049e+00 1.952362000000000108e+01 6.348590999999999873e+00 -5.801134000000000235e+00 -1.254875000000000007e+01 -1.375167000000000073e+01 -3.592394999999999783e+00 3.736162999999999901e+00 8.476506000000000540e+00 3.891399999999999970e+00 -2.031930000000000014e+00 4.428896999999999973e-01
-1.547282000000000046e+00 1.936467000000000027e+01 7.983431000000000388e+00 -5.567275999999999669e+00 -1.375752999999999915e+01 -1.290252000000000088e+01 -4.204963000000000228e+00 3.427096000000000142e+00 5.292917000000000094e+00 4.832600000000000229e+00 -7.195749000000000173e-01 1.059371999999999980e+00
-1.625842000000000009e+00 1.953744000000000014e+01 6.685351999999999961e+00 -2.857870999999999828e+00 -1.361388999999999960e+01 -1.520426999999999929e+01 -4.343410000000000437e+00 3.670675000000000132e+00 6.873789000000000371e+00 4.746927000000000341e+00 -2.712349000000000010e-02 -2.295844999999999969e-01
-1.651335999999999915e+00 1.930375000000000085e+01 7.342647000000000368e+00 -4.205739999999999590e+00 -1.312524999999999942e+01 -1.389720999999999940e+01 -5.875483000000000011e+00 2.004494999999999916e+00 5.691479000000000177e+00 6.646100999999999814e+00 2.777871000000000201e+00 -8.182593999999999701e-01
-2.040737000000000023e+00 1.951081999999999894e+01 7.077621999999999858e+00 -2.213092000000000059e+00 -1.299541999999999931e+01 -1.557028000000000034e+01 -6.838523999999999603e+00 1.666689000000000087e+00 6.387846999999999831e+00 6.084437000000000317e+00 1.732324999999999893e+00 9.103111999999999870e-01
-2.637868999999999797e+00 1.986479999999999890e+01 8.370578000000000074e+00 -3.474403999999999826e+00 -1.294725999999999999e+01 -1.588973999999999975e+01 -5.130562000000000289e+00 2.355021999999999949e+00 5.389213999999999949e+00 6.297419999999999796e+00 4.571785000000000210e+00 -2.393041000000000196e+00
-2.689423999999999815e+00 2.029428000000000054e+01 7.624465999999999966e+00 -3.265451000000000104e+00 -1.280419000000000018e+01 -1.483785999999999916e+01 -4.551954000000000278e+00 8.247651000000000288e-01 6.318298999999999666e+00 5.967310999999999588e+00 9.933564999999999756e-01 3.292250000000000121e+00
-3.086568000000000200e+00 2.049726000000000070e+01 6.816868000000000372e+00 -3.658755999999999897e+00 -1.316863000000000028e+01 -1.474202000000000012e+01 -4.817966000000000193e+00 2.761378000000000110e+00 6.558149000000000228e+00 4.847877000000000436e+00 2.587223999999999968e+00 -3.317324999999999857e-01
-2.634281000000000095e+00 1.891804000000000130e+01 5.942942000000000391e+00 -3.528465000000000185e+00 -1.369500000000000028e+01 -1.508160999999999952e+01 -5.433581000000000216e+00 5.982784999999999798e+00 5.695045000000000357e+00 4.183464999999999989e+00 1.070964999999999945e+00 -2.619312999999999780e-01
-3.062396000000000118e+00 1.687554000000000087e+01 4.650840999999999781e+00 -2.321213000000000193e+00 -1.271039999999999992e+01 -1.456532999999999944e+01 -1.783427000000000096e+00 5.063123000000000040e+00 5.884517999999999915e+00 2.785744999999999916e+00 1.704366000000000048e+00 2.361758000000000024e+00
-3.020659999999999901e+00 1.782614999999999839e+01 5.779258999999999702e+00 -1.465356000000000103e+00 -1.153204000000000029e+01 -1.557146000000000008e+01 -7.593458000000000041e+00 5.322485000000000355e+00 7.931715999999999767e+00 3.123941999999999997e+00 1.777878000000000069e+00 1.599242000000000052e+00
-3.221782000000000146e+00 1.773707999999999885e+01 5.888285999999999909e+00 -1.891766000000000059e+00 -1.221443999999999974e+01 -1.391376999999999953e+01 -8.602214000000000027e+00 3.999293999999999905e+00 7.817141000000000339e+00 4.736143000000000214e+00 2.804142000000000134e+00 -1.220231000000000066e+00
-7.359593000000000274e+00 1.522619000000000078e+01 3.060693999999999804e+00 -2.087963999999999931e+00 -1.327283000000000079e+01 -1.149923000000000073e+01 -6.042229999999999990e+00 4.787142999999999815e-01 2.700928999999999913e+00 4.367691999999999908e+00 5.816413999999999973e+00 -8.118279000000000467e-01
-5.408811000000000035e+00 1.516323000000000043e+01 5.085810999999999638e+00 -3.390579999999999927e+00 -1.398930999999999969e+01 -1.332610999999999990e+01 -9.003626999999999825e+00 2.398130999999999791e+00 3.033063999999999982e+00 1.147782999999999998e+00 4.541174999999999962e+00 3.721839000000000119e+00
-1.226638999999999946e+01 9.752164000000000499e+00 1.095356999999999914e+00 -3.358385999999999871e+00 -1.073811000000000071e+01 -9.643549000000000149e+00 -5.877659999999999663e+00 2.221217999999999915e+00 4.492226999999999748e+00 5.850783999999999985e+00 3.924164000000000208e+00 -5.061406000000000516e-01
