-2.119257999999999864e+00 7.073819000000000301e+00 1.785511999999999988e+00 -1.093021000000000065e+01 -7.438348000000000404e+00 -1.512712000000000057e+00 1.972128000000000103e+00 9.521525999999999712e+00 8.150696999999999193e+00 -7.384577000000000169e+00 -4.681501000000000134e-01 2.919948999999999906e+00
1.355054999999999975e-02 1.126665999999999990e+01 -2.652277999999999913e+00 -1.601193999999999917e+01 -7.108837000000000295e+00 -1.555153000000000008e+00 1.147985999999999951e+00 1.079805999999999955e+01 1.055880999999999936e+01 -8.150707999999999842e+00 -3.554535000000000000e+00 -3.243758999999999948e-01
3.376434999999999853e-01 1.250136000000000003e+01 -2.470035999999999898e+00 -1.565385000000000026e+01 -7.532380999999999993e+00 -1.830510000000000081e+00 2.400802999999999798e+00 8.129766000000000048e+00 1.020348000000000077e+01 -4.937350999999999601e+00 -4.296280000000000321e+00 -9.434462000000000126e-01
6.924107999999999999e-03 1.227907000000000082e+01 -2.072481999999999935e+00 -1.654691000000000045e+01 -5.238050999999999569e+00 -1.161300999999999917e+00 1.396536999999999917e+00 8.211028000000000659e+00 1.118074000000000012e+01 -7.379331999999999780e+00 -4.330121000000000109e+00 -2.559641999999999751e-01
-6.370449999999999724e-01 1.264291000000000054e+01 -3.611330999999999847e-01 -1.660586999999999946e+01 -5.845397000000000176e+00 -4.003486999999999796e+00 4.658894000000000091e+00 7.550621999999999723e+00 1.320698999999999934e+01 -8.254300999999999888e+00 -8.223456000000000543e+00 1.772836999999999996e+00
-3.765055999999999958e-01 1.274213999999999913e+01 -6.443809999999999816e-01 -1.575746999999999964e+01 -5.981783000000000072e+00 -3.951200000000000045e+00 4.584932000000000230e+00 6.890215000000000423e+00 1.115668999999999933e+01 -6.367003000000000412e+00 -6.648900000000000254e+00 1.521433000000000035e+00
-7.521039999999999948e-01 1.282657000000000025e+01 -6.512105000000000254e-01 -1.436195999999999984e+01 -4.177327000000000012e+00 -5.685846999999999873e+00 4.497385999999999662e+00 6.157604000000000077e+00 1.237401999999999980e+01 -8.262169000000000096e+00 -5.959153999999999840e+00 1.663489999999999913e+00
-7.451763999999999610e-01 1.318670999999999971e+01 -5.387022000000000199e-01 -1.572494999999999976e+01 -3.015111000000000097e+00 -2.420608999999999789e+00 3.181675999999999949e+00 4.763077000000000005e+00 1.128274000000000044e+01 -1.057334999999999958e+01 -5.574250000000000149e+00 2.008166000000000118e+00
-7.289115000000000455e-01 1.252679999999999971e+01 -6.486944000000000043e-01 -1.406673999999999936e+01 -3.237006000000000050e+00 -4.919871999999999801e+00 3.743179000000000034e+00 7.166955999999999882e+00 1.123339999999999961e+01 -1.134767000000000081e+01 -6.331401999999999752e+00 2.140877000000000141e+00
-1.052702999999999944e+00 1.150791000000000075e+01 1.074516999999999944e+00 -1.408146999999999949e+01 -4.642692000000000263e+00 -3.414067000000000185e+00 4.672377999999999809e-01 8.785645000000000593e+00 1.142951000000000050e+01 -1.224756000000000000e+01 -6.182558000000000220e+00 2.097138000000000169e+00
-8.602355000000000418e-01 8.510213999999999501e+00 1.434687000000000046e+00 -1.404809000000000019e+01 -3.608605999999999980e+00 -1.211551000000000045e+00 -2.269840999999999998e+00 1.017111000000000054e+01 9.980831000000000230e+00 -1.423648000000000025e+01 -5.532980000000000231e+00 4.318651000000000018e+00
-1.954199999999999937e+00 9.923940999999999235e+00 1.832959999999999923e+00 -1.443782999999999994e+01 -3.507381000000000082e+00 -2.560154999999999959e+00 -3.052726999999999968e+00 1.109014999999999951e+01 9.483287000000000688e+00 -1.284617000000000075e+01 -7.182373000000000118e+00 4.964637999999999884e+00
-2.018053999999999792e+00 1.197028000000000070e+01 2.379325999999999830e+00 -1.631973999999999947e+01 -5.359786999999999857e+00 -1.403407000000000127e-01 -1.480415000000000036e+00 8.221595000000000653e+00 5.667950000000000266e+00 -1.254359000000000002e+01 -4.860292000000000279e+00 6.595303999999999611e+00
-2.957803999999999878e+00 1.177021000000000051e+01 4.931073999999999735e+00 -1.703547999999999973e+01 -5.644014000000000308e+00 -5.412188000000000443e+00 1.842317999999999900e+00 1.017085999999999935e+01 1.619596000000000036e+00 -1.183613000000000071e+01 -3.447235000000000049e+00 8.517749999999999488e+00
-3.193945999999999952e+00 1.211692999999999998e+01 6.459102999999999817e+00 -1.578997999999999990e+01 -6.418912999999999869e+00 -8.251319000000000514e+00 2.201560000000000183e+00 9.647819999999999396e+00 -1.974332999999999894e+00 -8.620483000000000118e+00 -7.471297999999999551e-01 8.015316000000000329e+00
-3.360810999999999993e+00 1.241808999999999941e+01 7.646729999999999805e+00 -1.501571000000000033e+01 -6.416248999999999647e+00 -7.905679000000000123e+00 -1.549849000000000032e+00 9.374601000000000184e+00 -3.382412000000000196e-01 -9.311213999999999658e+00 -8.123350999999999766e-01 7.868959000000000259e+00
-3.516232000000000024e+00 1.305208999999999975e+01 7.652482000000000006e+00 -1.307396999999999920e+01 -4.904543000000000319e+00 -8.105321999999999250e+00 -2.232609000000000066e+00 5.870798999999999879e+00 -8.871985999999999484e-01 -8.609009999999999607e+00 -1.242085000000000106e+00 7.502041000000000182e+00
-4.029479000000000255e+00 1.341431000000000040e+01 7.983895999999999660e+00 -1.062110999999999983e+01 -4.487658999999999843e+00 -9.518095999999999890e+00 -2.369965999999999795e+00 5.544242999999999810e+00 -5.253980999999999568e+00 -7.297703000000000273e+00 -2.829572999999999894e+00 8.106531000000000375e+00
-4.551763000000000225e+00 1.343628999999999962e+01 8.140617000000000658e+00 -9.593235999999999208e+00 -8.523737000000000119e-01 -1.190157999999999916e+01 -3.953850000000000087e+00 6.536236999999999853e+00 -9.323479999999999990e+00 -5.311727999999999561e+00 -2.896980000000000111e+00 4.946507000000000431e+00
-4.300862000000000407e+00 1.439387999999999934e+01 8.490363999999999578e+00 -1.090202999999999989e+01 -2.498600999999999850e+00 -9.252584999999999837e+00 -5.524148000000000280e+00 7.936550000000000438e+00 -9.951214999999999478e+00 -8.505416000000000309e+00 -1.286931000000000047e+00 1.798445000000000071e+00
-4.586100000000000065e+00 1.461547000000000018e+01 9.877487000000000350e+00 -9.578061999999999188e+00 -2.724756999999999874e+00 -7.784127999999999936e+00 -5.131196000000000090e+00 6.542275000000000063e+00 -1.220384999999999920e+01 -9.236141999999999186e+00 -7.143895999999999580e-01 2.697703999999999880e+00
-4.795735999999999777e+00 1.619156999999999869e+01 1.019811999999999941e+01 -8.923446000000000211e+00 8.182035000000000002e-02 -7.927408999999999928e+00 -7.691672999999999760e+00 6.104268000000000249e+00 -1.151931000000000083e+01 -9.516106000000000620e+00 -2.758865000000000123e+00 7.115200999999999887e-01
-5.215309999999999668e+00 1.736589999999999989e+01 1.183361999999999981e+01 -6.729397999999999769e+00 -4.727823999999999915e-01 -9.321849999999999525e+00 -7.726390000000000313e+00 3.545665000000000067e+00 -1.297006999999999977e+01 -8.160541999999999518e+00 -2.147530999999999857e+00 -2.490481999999999974e-01
-5.250550999999999746e+00 1.800684000000000040e+01 1.198855000000000004e+01 -7.505399999999999849e+00 -5.447049999999999947e-01 -7.050747999999999571e+00 -8.797071000000000751e+00 4.828878999999999810e-01 -1.277519000000000027e+01 -7.456699000000000410e+00 -1.460811999999999999e+00 -2.542711000000000165e+00
-4.952060000000000350e+00 1.737098999999999904e+01 1.134943999999999953e+01 -7.367106999999999850e+00 2.182068000000000063e-01 -6.520067000000000057e+00 -7.610165000000000290e+00 1.497020999999999935e+00 -1.296218999999999966e+01 -1.121687000000000012e+01 -2.990247999999999795e+00 8.309602999999999851e-01
-4.976456999999999908e+00 1.679110999999999976e+01 1.133685999999999972e+01 -6.134173999999999793e+00 -8.302642000000000078e-01 -6.150999999999999801e+00 -8.511789999999999523e+00 1.215750000000000108e+00 -1.313591000000000086e+01 -9.498075000000000045e+00 -1.458336000000000077e+00 3.325372000000000217e+00
-5.349044000000000132e+00 1.683529000000000053e+01 1.077107999999999954e+01 -5.313952999999999705e+00 1.826875000000000027e+00 -8.084270000000000067e+00 -8.931409000000000376e+00 3.218354999999999855e+00 -1.022652000000000072e+01 -8.351010000000000488e+00 -3.751802000000000081e+00 -4.916669000000000178e-01
-5.476452000000000098e+00 1.668516999999999939e+01 1.065569999999999951e+01 -3.276406999999999847e+00 7.424422999999999995e-01 -4.895425999999999611e+00 -9.303228999999999971e+00 1.435383000000000076e+00 -7.943208000000000268e+00 -1.151880000000000059e+01 -3.892392000000000074e+00 -1.598885999999999918e-01
-6.225540999999999769e+00 1.631947999999999865e+01 1.118085999999999913e+01 -1.743044000000000038e+00 -9.168376000000000303e-01 -4.007562000000000069e+00 -6.590804000000000329e+00 -6.598041000000000045e-01 -7.699825999999999837e+00 -9.489224000000000103e+00 -9.465976000000000390e-01 -2.434673000000000087e+00
-6.193311999999999706e+00 1.604099000000000075e+01 1.239508999999999972e+01 -4.211943999999999910e+00 -3.361295999999999728e-01 -4.345051999999999914e+00 -7.426518999999999870e+00 4.695539000000000240e-01 -8.034840000000000870e+00 -1.151519000000000048e+01 2.846000000000000196e-01 -1.147186000000000039e+00
-5.833978000000000108e+00 1.653460000000000107e+01 1.076318000000000019e+01 -1.769055000000000044e+00 4.361054999999999793e-01 -6.227394000000000318e+00 -9.536182000000000158e+00 -1.933319000000000010e+00 -6.461355000000000182e+00 -7.626513000000000098e+00 -1.157896000000000036e+00 -2.270372000000000057e+00
-6.350539000000000378e+00 1.642055999999999827e+01 1.377214999999999989e+01 -3.343169000000000057e+00 -1.582521000000000067e+00 -5.277055999999999969e+00 -9.332914000000000598e+00 9.158629999999999827e-01 -7.146722999999999715e+00 -1.165812999999999988e+01 -5.133124000000000020e-02 -1.560273000000000021e+00
-6.320117999999999903e+00 1.638007999999999953e+01 1.287100000000000044e+01 -2.656038999999999817e+00 -1.547091999999999912e+00 -4.685597999999999708e+00 -6.776965999999999823e+00 -3.160025999999999807e-02 -8.431215999999999156e+00 -7.851729999999999876e+00 -1.910646000000000067e+00 -1.883826999999999918e+00
-6.936677000000000426e+00 1.649921000000000149e+01 1.352125000000000021e+01 -1.170797000000000088e+00 -1.470374999999999988e+00 -3.915888999999999953e+00 -6.172191999999999901e+00 1.580937000000000037e-01 -6.974241000000000135e+00 -8.221189999999999998e+00 -3.682786000000000115e-01 -2.733926999999999996e+00
-6.354756000000000071e+00 1.595980999999999916e+01 1.237029000000000067e+01 -7.364091000000000387e-01 4.201227000000000156e-01 -5.203377999999999837e+00 -9.815927999999999543e+00 5.771186999999999845e-02 -3.342166000000000192e+00 -8.847340000000000870e+00 -2.649640000000000217e+00 -2.272054999999999936e+00
-6.174336000000000269e+00 1.683714000000000155e+01 1.284942999999999991e+01 -1.183368999999999893e+00 -9.344187000000000465e-01 -2.445054999999999978e+00 -7.768652999999999587e+00 9.342285000000000172e-01 -5.851448999999999678e+00 -1.011668000000000056e+01 -1.032988000000000017e+00 -2.920471000000000039e+00
-6.135781999999999847e+00 1.591793999999999976e+01 1.330772999999999939e+01 1.823963999999999919e+00 6.971576999999999913e-01 -5.368049000000000071e+00 -1.059226999999999919e+01 1.057001000000000079e+00 -1.651343999999999923e+00 -9.885894999999999655e+00 -9.177091000000000554e-01 -3.619728999999999974e+00
-5.990301999999999794e+00 1.503065999999999924e+01 1.238537999999999961e+01 2.010810999999999904e+00 1.112176999999999971e+00 -5.649178000000000033e+00 -1.114925000000000033e+01 9.002647999999999762e-01 -3.324752000000000152e+00 -7.991056000000000381e+00 -2.723374000000000184e+00 -2.983649000000000218e+00
-6.396020000000000039e+00 1.549765999999999977e+01 1.437637999999999927e+01 2.527134000000000214e+00 -1.182308999999999999e-01 -7.431697999999999915e+00 -1.329513999999999996e+01 2.656066000000000038e+00 -8.270787000000000555e-01 -9.562656999999999741e+00 -4.195583000000000062e+00 -3.731691999999999787e+00
-6.311081999999999859e+00 1.421902000000000044e+01 1.476314999999999955e+01 1.200995000000000035e+00 2.674228999999999967e+00 -9.186716999999999800e+00 -1.626868999999999943e+01 3.586168999999999940e+00 -1.733023999999999898e+00 -1.029698999999999920e+01 -4.384871000000000407e+00 -1.735227999999999993e+00
-6.104758999999999602e+00 1.357991999999999955e+01 1.467042000000000002e+01 3.678132000000000179e+00 1.959265000000000034e+00 -1.126429000000000080e+01 -1.730667000000000044e+01 4.765982999999999747e-01 -2.652681000000000067e-01 -9.501352999999999938e+00 -5.008035999999999710e+00 -2.441883999999999999e-01
-5.653558999999999557e+00 1.334052999999999933e+01 1.509673000000000087e+01 3.108484999999999943e+00 2.114564999999999806e+00 -1.286584000000000039e+01 -1.865709999999999980e+01 -1.369269000000000069e+00 -2.650993999999999851e+00 -5.169451999999999714e+00 -6.599925999999999959e+00 -9.832596000000000114e-01
-5.865304000000000073e+00 1.322972999999999999e+01 1.466107000000000049e+01 1.426425000000000054e+00 3.682477000000000000e+00 -1.530771999999999977e+01 -1.907218999999999909e+01 2.005974000000000146e+00 -2.283225999999999978e+00 -6.226037999999999961e+00 -4.211815999999999782e+00 -1.680274000000000045e+00
-6.294214000000000198e+00 1.141793000000000013e+01 1.569377000000000066e+01 -6.197920000000000096e-01 1.861237999999999948e+00 -1.337750999999999912e+01 -1.855093000000000103e+01 1.857037000000000049e+00 2.090190000000000214e+00 -4.435775999999999719e+00 -5.343416999999999639e+00 -1.525320000000000009e+00
-6.125239999999999796e+00 1.166797000000000040e+01 1.458774000000000015e+01 -2.284945000000000004e+00 4.037561000000000178e+00 -1.343895999999999979e+01 -1.856149999999999878e+01 3.967821999999999960e+00 4.359822000000000308e+00 -4.372177999999999898e+00 -6.332501999999999853e+00 -1.329724999999999935e-01
-5.988795999999999786e+00 1.214769000000000077e+01 1.479190999999999967e+01 -2.719332000000000082e+00 3.662230999999999792e+00 -1.317209000000000074e+01 -2.077783000000000158e+01 3.921530000000000182e+00 6.349586000000000396e+00 -1.605320000000000080e+00 -6.386702999999999797e+00 -1.483824000000000032e+00
-6.074336999999999875e+00 1.205794999999999995e+01 1.601512999999999920e+01 -2.073819999999999997e+00 3.435808999999999891e+00 -1.633784999999999954e+01 -2.214385000000000048e+01 3.868949000000000193e+00 8.644508999999999332e+00 -1.586634000000000100e+00 -6.170452000000000048e+00 -2.499828000000000050e-01
-5.702052000000000120e+00 1.107398000000000060e+01 1.571606000000000058e+01 -2.114138000000000073e+00 1.371364999999999945e+00 -1.278198000000000079e+01 -2.291717999999999833e+01 1.213737999999999984e+00 9.331950000000000855e+00 1.515029999999999988e-01 -5.515096999999999916e+00 8.169414000000000398e-01
-6.287588000000000399e+00 1.183474000000000004e+01 1.708198000000000150e+01 -1.848389999999999977e+00 7.981156999999999835e-01 -1.506089000000000055e+01 -2.243467000000000056e+01 3.180114000000000107e+00 9.545894999999999797e+00 9.741159000000000623e-02 -4.087733000000000061e+00 -6.774628000000000316e-01
-6.386080999999999896e+00 1.062941999999999965e+01 1.667543999999999826e+01 -1.162992999999999943e+00 1.624692000000000025e+00 -1.480589999999999939e+01 -2.258310000000000173e+01 3.748441000000000134e+00 1.120478999999999914e+01 -1.643019999999999925e+00 -5.280962999999999852e+00 1.625437999999999883e-01
-6.177950000000000053e+00 1.125139000000000067e+01 1.538033000000000072e+01 -2.217748999999999970e+00 2.766395999999999855e+00 -1.472950999999999944e+01 -2.287641999999999953e+01 3.272193000000000129e+00 9.548382000000000147e+00 1.819909000000000110e-01 -6.448056000000000232e+00 9.898400000000000531e-01
-6.342406999999999684e+00 1.127660000000000018e+01 1.628076000000000079e+01 -4.368463000000000207e-01 1.313560999999999979e+00 -1.633208000000000126e+01 -2.200851000000000113e+01 3.000986999999999849e+00 1.011101999999999990e+01 -1.677442000000000100e+00 -4.012897999999999854e+00 1.647227999999999914e+00
-5.878555999999999671e+00 1.099070999999999998e+01 1.498637000000000086e+01 -1.374117999999999951e+00 2.623616999999999866e+00 -1.569919999999999938e+01 -2.439690999999999832e+01 4.849872999999999656e+00 1.034859999999999935e+01 -1.356500000000000039e+00 -4.872397999999999563e+00 4.950698000000000043e-01
-6.130060000000000286e+00 9.757402000000000797e+00 1.430233999999999916e+01 -2.836383000000000099e+00 3.447262999999999966e+00 -1.387355999999999945e+01 -2.336949999999999861e+01 4.174623000000000417e+00 8.763920000000000599e+00 -2.620271999999999935e+00 -6.177604999999999791e+00 2.801255999999999968e+00
-7.554441999999999879e+00 6.096561999999999593e+00 1.490370000000000061e+01 -2.868481999999999976e-01 5.100150000000000183e+00 -1.446977000000000046e+01 -2.461929999999999907e+01 5.660726999999999620e+00 7.900266000000000233e+00 -3.663088000000000122e+00 -5.999597999999999764e+00 1.754145000000000065e+00
-8.519491999999999621e+00 5.041818000000000133e+00 1.605395000000000039e+01 2.502857000000000109e+00 3.609221999999999930e+00 -1.466770999999999958e+01 -2.445980000000000132e+01 8.682494999999999408e+00 1.064215000000000089e+01 -4.480360000000000120e+00 -8.318376000000000658e+00 -8.483051999999999815e-01
-1.029508000000000045e+01 2.848597999999999963e+00 1.802194000000000074e+01 9.170386000000000370e-01 5.066053000000000139e+00 -1.269608000000000025e+01 -2.389678999999999931e+01 6.726937000000000388e+00 8.407346999999999682e+00 -4.829494999999999649e+00 -8.440533000000000285e+00 4.081531999999999938e-01
-8.764670000000000627e+00 7.986543000000000170e+00 1.345115999999999978e+01 7.544684000000000390e-01 3.469373000000000040e+00 -1.433259999999999934e+01 -2.549777999999999878e+01 6.523909999999999876e+00 9.608916000000000679e+00 -8.190701999999999927e+00 -1.140118000000000009e+01 -2.588693000000000133e+00
-1.150469999999999970e+01 7.073125000000000107e+00 1.244541000000000075e+01 5.224499999999999922e+00 4.549542999999999893e+00 -1.065314000000000050e+01 -2.350485000000000113e+01 1.078386000000000067e+00 5.713142999999999638e+00 -5.622836000000000389e+00 -3.910000999999999838e+00 1.566667000000000032e+00
-1.237486999999999959e+01 6.019074999999999953e+00 1.757119000000000142e+01 6.207723999999999798e+00 6.080694000000000266e+00 -1.103545000000000087e+01 -2.232548999999999850e+01 8.064242000000000354e-01 3.931105000000000071e+00 -8.961095000000000255e+00 -5.408623000000000403e+00 4.685196000000000360e+00
-1.499231999999999942e+01 6.415992000000000139e+00 1.069740000000000002e+01 6.287492000000000303e+00 2.753875999999999991e+00 -4.021821000000000090e+00 -1.463349000000000011e+01 5.747158999999999462e-01 2.804581000000000213e+00 -6.340775999999999968e+00 -2.271888999999999825e+00 -1.731598000000000026e-01
-1.085862000000000016e+01 8.716537000000000646e+00 1.895795000000000030e+01 6.939073999999999742e+00 5.860397999999999996e+00 -9.028836999999999335e+00 -2.466256999999999877e+01 1.975532000000000066e+00 3.963445000000000107e+00 -8.716865000000000308e+00 -6.911370999999999931e+00 7.339501000000000497e-01
-1.135561000000000043e+01 9.017924999999999969e+00 1.792129999999999868e+01 8.141659999999999897e+00 5.844680999999999571e+00 -8.013987999999999445e+00 -2.199139999999999873e+01 1.455508999999999942e+00 2.848530999999999924e+00 -9.452835000000000321e+00 -6.171552000000000149e+00 -5.477421000000000095e-01
-1.173692999999999920e+01 6.937581999999999915e+00 2.090402999999999878e+01 1.036951999999999963e+01 7.326285999999999632e+00 -8.043188000000000670e+00 -1.819723000000000113e+01 3.583150999999999975e+00 5.409226000000000312e+00 -7.421948999999999685e+00 -8.058654999999999902e+00 2.379944000000000059e+00
-9.181834000000000273e+00 1.093566000000000038e+01 1.895436000000000121e+01 7.242970999999999826e+00 4.718694000000000166e+00 -7.319994000000000334e+00 -1.619472999999999985e+01 2.986645999999999912e+00 3.266054000000000013e+00 -7.273770999999999987e+00 -5.680998999999999910e+00 2.459757999999999889e+00
-9.334543999999999286e+00 1.083874999999999922e+01 1.765746000000000038e+01 8.142960999999999672e+00 6.758897000000000155e+00 -5.779556999999999611e+00 -1.518291999999999931e+01 4.277017999999999986e+00 3.827449999999999797e+00 -7.713059000000000331e+00 -8.550034000000000134e+00 2.619012000000000118e+00
-9.507735000000000269e+00 1.207945999999999920e+01 1.976385000000000147e+01 6.799046999999999841e+00 5.625716999999999857e+00 -5.606398000000000437e+00 -1.084333999999999953e+01 3.283262999999999820e+00 2.012242000000000086e+00 -7.710764000000000173e+00 -6.785088000000000008e+00 7.741373999999999755e-01
-9.617373000000000616e+00 1.278054000000000023e+01 2.020166000000000039e+01 6.648181000000000118e+00 6.458154000000000394e+00 -1.248558999999999974e+00 -1.008409999999999940e+01 -6.771633999999999709e-01 1.174708000000000085e+00 -7.238366000000000078e+00 -7.873493999999999993e+00 3.236959999999999837e+00
-9.422494999999999621e+00 1.298154000000000075e+01 1.928074000000000154e+01 7.195284000000000013e+00 8.005554000000000059e+00 -1.374524000000000079e+00 -1.126094999999999935e+01 -6.620684000000000013e-01 9.781784999999999508e-01 -6.443713999999999942e+00 -8.965201000000000420e+00 3.861263999999999807e+00
-9.668575999999999837e+00 1.344229999999999947e+01 1.942848000000000042e+01 6.613065999999999889e+00 8.765003000000000100e+00 -6.088888999999999552e-01 -1.042019999999999946e+01 -5.916249999999999565e-01 9.184731000000000423e-01 -7.357366999999999990e+00 -8.375876999999999128e+00 4.094910999999999746e+00
-9.974897999999999598e+00 1.265123999999999960e+01 1.944680999999999926e+01 8.915927999999999187e+00 8.416577999999999449e+00 -1.756493000000000082e+00 -7.426518999999999870e+00 5.796344999999999970e-02 -2.848352999999999913e+00 -8.586389999999999745e+00 -4.301232999999999862e+00 3.438083999999999918e+00
-9.811647000000000673e+00 1.316311999999999927e+01 1.878145999999999916e+01 8.686161999999999495e+00 8.005288000000000181e+00 -5.593179000000000345e-01 -1.054396999999999984e+01 1.953280000000000016e-01 -4.165601999999999805e+00 -6.826942999999999984e+00 -2.092781000000000002e+00 1.933024999999999993e+00
-9.949899000000000271e+00 1.262418000000000085e+01 1.755249999999999844e+01 1.101157000000000075e+01 9.924554999999999794e+00 -1.749702000000000091e+00 -9.167381000000000668e+00 -1.443096000000000101e-01 -3.245144999999999946e+00 -6.260131000000000334e+00 -3.843144999999999811e+00 2.125923999999999925e+00
-1.051646000000000036e+01 1.257399000000000022e+01 1.865781000000000134e+01 8.996128999999999820e+00 7.866770999999999958e+00 9.376598999999999906e-01 -8.346258000000000621e+00 -1.033657000000000048e+00 -1.560542000000000096e+00 -8.499186999999999159e+00 -4.655046999999999713e+00 3.808740999999999932e+00
-1.046254000000000062e+01 1.182409999999999961e+01 1.990583000000000169e+01 1.137485999999999997e+01 4.983209000000000444e+00 8.340809999999999891e-02 -6.975705999999999740e+00 4.714535999999999727e-02 -2.565996999999999861e+00 -8.976831000000000671e+00 -3.311596999999999902e+00 4.227996000000000087e+00
-1.010110000000000063e+01 1.172902999999999984e+01 1.942811999999999983e+01 9.787304000000000670e+00 7.451750999999999792e+00 -3.926074999999999982e+00 -9.009899000000000768e+00 1.933769999999999989e+00 -2.682090000000000085e+00 -5.754622000000000348e+00 -4.695765999999999885e+00 1.930220999999999965e+00
-9.867971999999999966e+00 1.164298999999999928e+01 1.972359000000000151e+01 9.325604000000000227e+00 6.905939000000000050e+00 -3.964780999999999889e+00 -8.850906000000000162e+00 -3.772758999999999974e-01 -3.421772999999999954e+00 -4.490850000000000009e+00 -4.676231999999999722e+00 1.824238999999999944e+00
-9.561047999999999547e+00 1.214583999999999975e+01 2.031128999999999962e+01 6.327376000000000111e+00 7.168588999999999878e+00 -5.055684000000000289e+00 -1.155125999999999920e+01 8.386268999999999529e-01 -2.546095000000000219e+00 -4.845558999999999727e+00 -5.283164000000000193e+00 3.552556000000000047e-01
-9.180930999999999287e+00 1.179101999999999961e+01 2.076060000000000016e+01 7.612331000000000181e+00 6.236525999999999570e+00 -8.437718999999999525e+00 -1.582240999999999964e+01 2.927524000000000015e+00 1.044103000000000003e+00 -7.455059999999999576e+00 -6.660730000000000040e+00 2.750788000000000011e+00
-7.837873000000000090e+00 1.087922000000000011e+01 1.925450000000000017e+01 6.104980000000000295e+00 3.962708000000000119e+00 -1.167001999999999917e+01 -1.594164999999999921e+01 3.148665999999999965e+00 3.740794000000000175e+00 -6.121459999999999901e+00 -6.242536000000000307e+00 -2.438144999999999896e-01
-7.106253999999999849e+00 1.197606999999999999e+01 1.719951999999999970e+01 1.464142000000000055e+00 2.554624000000000006e+00 -1.202380999999999922e+01 -1.686188999999999893e+01 2.833432000000000173e+00 6.801936999999999678e+00 -3.896501000000000214e+00 -5.003910000000000302e+00 6.310377000000000347e-02
-6.519211999999999563e+00 1.052046999999999954e+01 1.618802000000000163e+01 8.736865999999999799e-01 2.347380999999999940e+00 -1.375065000000000026e+01 -1.943042000000000158e+01 5.701872999999999525e-01 7.158095000000000319e+00 1.921535000000000049e-01 -2.634507000000000154e+00 2.081064000000000025e+00
-6.046024000000000065e+00 9.608674000000000603e+00 1.505574999999999974e+01 2.126994999999999969e+00 1.803166999999999964e+00 -1.666481999999999886e+01 -2.357579000000000136e+01 3.551451000000000136e+00 8.773457000000000505e+00 -1.672525000000000039e+00 -1.186509000000000036e+00 2.252467000000000219e+00
-5.816508999999999929e+00 1.137444999999999951e+01 1.440944999999999965e+01 -9.028810000000000446e-01 1.213402000000000092e+00 -1.554199999999999982e+01 -2.241907000000000139e+01 1.850999000000000061e+00 9.467530999999999253e+00 3.878659999999999886e-01 -1.752998000000000056e+00 3.530047000000000157e+00
-6.512284000000000184e+00 1.111053000000000068e+01 1.695689000000000135e+01 -3.629291999999999963e+00 -1.451462000000000030e+00 -1.027150999999999925e+01 -2.436522000000000077e+01 8.959878999999999483e-01 1.386416999999999966e+01 -1.205372000000000110e+00 -1.516937999999999898e+00 4.611364000000000019e+00
-6.320719999999999672e+00 1.165639999999999965e+01 1.551727999999999952e+01 -2.879735000000000156e+00 -1.095045999999999964e+00 -1.356629000000000040e+01 -2.001255000000000095e+01 1.244178999999999924e+00 1.004344000000000037e+01 2.279425999999999952e+00 -1.083061000000000051e+00 2.530974000000000057e+00
-5.824942000000000064e+00 1.073628000000000071e+01 1.428401000000000032e+01 -2.885803999999999814e+00 4.992375000000000007e-01 -1.268282999999999916e+01 -2.192096000000000089e+01 9.976275999999999478e-01 1.159079999999999977e+01 1.045485999999999915e+00 -5.408252000000000198e-02 4.166313999999999851e+00
-6.586078999999999795e+00 1.082578999999999958e+01 1.643964000000000070e+01 -3.451982000000000106e+00 -1.511397000000000101e+00 -1.251985999999999954e+01 -2.314309000000000083e+01 1.858293999999999890e+00 1.403581999999999930e+01 1.496904000000000012e+00 -2.185499000000000080e+00 2.219381999999999966e+00
-7.191193000000000168e+00 1.102448000000000050e+01 1.522793000000000063e+01 -5.655567999999999707e+00 1.960596999999999923e+00 -1.392244999999999955e+01 -2.365628999999999849e+01 7.046700000000000408e+00 1.085857999999999990e+01 2.290243999999999946e+00 -2.643587000000000131e+00 -5.101717999999999531e-01
-6.212286999999999892e+00 9.254317000000000348e+00 1.196842000000000006e+01 -3.324094000000000104e+00 1.441157000000000021e+00 -1.210393999999999970e+01 -2.164624999999999844e+01 3.294080999999999815e+00 1.051984000000000030e+01 1.568697999999999926e+00 -2.091955000000000009e+00 1.828163999999999900e+00
-7.159868000000000343e+00 7.381221000000000032e+00 1.131636999999999915e+01 -1.867031000000000107e+00 9.014710999999999697e-01 -1.118075999999999937e+01 -2.022287000000000035e+01 4.830250000000000377e+00 1.081711999999999918e+01 -1.056537999999999977e+00 -1.813525999999999971e+00 3.130790999999999880e+00
-7.262578000000000422e+00 8.287236999999999298e+00 8.660024999999999196e+00 -4.901693999999999773e-01 2.485364999999999824e+00 -1.340942000000000078e+01 -2.198435999999999879e+01 6.146283000000000385e+00 1.116249999999999964e+01 1.777291000000000010e-01 -3.844520000000000159e+00 2.933033000000000001e+00
-7.366190999999999711e+00 8.897415999999999769e+00 9.818177999999999628e+00 1.942315000000000014e+00 1.691554000000000002e+00 -1.274904000000000082e+01 -2.114160000000000039e+01 2.656317000000000039e+00 8.757701000000000846e+00 2.725667999999999841e-02 -3.146520999999999901e+00 1.905361000000000082e+00
-1.041826999999999970e+01 8.168578999999999368e+00 5.852706999999999660e+00 2.055029999999999912e+00 4.235857000000000094e-01 -9.480748000000000175e+00 -1.956124000000000152e+01 -2.331323999999999952e+00 5.948647000000000240e+00 2.017164999999999875e+00 2.807247999999999966e+00 6.005207000000000406e+00
-1.002097999999999978e+01 6.127787999999999791e+00 8.991438999999999737e+00 6.018691000000000457e-01 -2.059607000000000188e+00 -9.386359000000000563e+00 -2.346862000000000137e+01 1.151847999999999983e+00 9.725424999999999542e+00 -2.471343000000000012e-01 1.057667999999999942e-01 3.318455999999999850e+00
-1.190831000000000017e+01 6.827017999999999809e+00 4.979239999999999888e+00 2.556179999999999897e+00 -2.262322000000000166e+00 -1.064973999999999954e+01 -2.122259999999999991e+01 -3.767110999999999876e+00 8.554536999999999836e+00 1.004507999999999956e+00 5.030007000000000339e+00 6.082403000000000226e+00
-1.423540000000000028e+01 6.301497000000000348e+00 5.871003999999999667e-01 3.183050999999999853e+00 -1.365420999999999996e+00 -4.393265000000000420e+00 -7.642869000000000135e+00 -5.397120000000000140e+00 9.951778999999999487e-01 2.030933000000000099e+00 6.194622999999999990e+00 5.693801999999999808e+00
-1.940130999999999872e+01 4.438809000000000005e+00 7.240514999999999590e-01 3.662958000000000158e+00 3.359624000000000166e+00 5.585793999999999926e+00 7.474966000000000221e+00 9.422150999999999499e+00 9.538016000000000716e+00 7.247311999999999976e+00 6.629050000000000331e+00 2.505365999999999982e+00
