-7.334289000000000058e+00 1.926428000000000029e+00 -2.530091000000000090e+00 -3.823669999999999902e+00 -7.751445999999999614e+00 -1.618875999999999982e+00 -7.440647000000000233e-01 1.163378999999999941e+01 6.655377999999999794e+00 -1.435219999999999985e+01 -1.400551000000000101e+00 4.031348000000000376e+00
-1.097531999999999952e+00 4.646429999999999616e+00 1.680355000000000043e+00 -4.833080999999999960e+00 -6.326318999999999804e+00 -3.168474999999999930e+00 5.328007000000000160e-01 1.243729000000000084e+01 9.948126000000000246e+00 -1.495933999999999919e+01 -3.869715999999999934e+00 5.977674000000000376e+00
2.768601999999999869e-02 1.224750000000000050e+01 -3.183835000000000193e+00 -9.007111000000000089e+00 -7.168414000000000286e+00 -4.318836000000000119e+00 6.493042999999999454e-01 9.908231000000000677e+00 9.928637000000000157e+00 -5.719880999999999993e+00 -3.257061000000000206e+00 5.264203000000000188e+00
2.288589000000000040e-01 1.390179000000000009e+01 -3.187539000000000122e+00 -9.424772000000000816e+00 -8.047437999999999647e+00 -5.250520999999999994e+00 1.253757000000000010e+00 1.034822999999999915e+01 8.694492000000000331e+00 -4.473004999999999676e+00 -1.645612000000000075e+00 2.258008999999999933e+00
1.434647000000000006e-01 1.284111000000000047e+01 -1.602254999999999985e+00 -8.997500000000000497e+00 -1.002734000000000059e+01 -7.514282999999999824e+00 3.725502999999999787e+00 1.294968000000000075e+01 8.818203000000000458e+00 -6.777796000000000376e+00 -3.105037999999999965e+00 3.564195999999999920e+00
-5.927128999999999870e-01 1.421326000000000001e+01 -3.950818999999999859e-01 -1.008416000000000068e+01 -8.505694000000000088e+00 -7.388774999999999871e+00 1.133297999999999917e+00 1.124657000000000018e+01 1.184784999999999933e+01 -6.472398000000000096e+00 -5.537412999999999919e+00 4.186160000000000103e+00
-7.265635000000000288e-01 1.459646000000000043e+01 1.221993000000000107e+00 -1.127616000000000085e+01 -9.265817999999999444e+00 -5.332524000000000264e+00 8.970542999999999711e-01 9.634809000000000623e+00 1.184445999999999977e+01 -6.820045999999999609e+00 -5.384172999999999654e+00 3.014937000000000200e+00
-7.082931000000000088e-01 1.411428000000000083e+01 5.947940999999999923e-01 -1.087364999999999959e+01 -7.168973000000000262e+00 -5.971999000000000279e+00 1.082238000000000033e+00 7.980375999999999692e+00 1.162584999999999980e+01 -6.754176000000000180e+00 -4.849355000000000082e+00 2.035715000000000163e+00
-1.255609999999999893e+00 1.275487000000000037e+01 2.670230999999999799e+00 -1.053988999999999976e+01 -8.397703999999999169e+00 -6.146016000000000368e+00 -9.148646999999999752e-01 1.101298000000000066e+01 1.022732000000000063e+01 -8.243572999999999595e+00 -2.555625000000000036e+00 3.181658000000000097e+00
-1.597186999999999912e+00 1.177153999999999989e+01 3.148655999999999899e+00 -9.880874000000000379e+00 -8.018620999999999555e+00 -6.236488999999999727e+00 -2.300682999999999812e+00 1.283019999999999960e+01 1.090137999999999963e+01 -1.017642999999999986e+01 -5.960950000000000415e+00 4.310678000000000232e+00
-2.076388000000000122e+00 1.140376000000000012e+01 4.518184999999999896e+00 -1.060235999999999912e+01 -8.502895999999999788e+00 -7.349505999999999872e+00 -1.044672999999999963e+00 1.331381999999999977e+01 8.054752999999999830e+00 -9.833773000000000764e+00 -5.298432000000000031e+00 5.136968999999999674e+00
-3.147787999999999808e+00 1.163047000000000075e+01 7.389350000000000307e+00 -1.217247000000000057e+01 -7.531550000000000189e+00 -7.258262000000000214e+00 -1.746571000000000096e+00 1.206304000000000087e+01 5.528844999999999565e+00 -8.647444999999999382e+00 -5.842372000000000121e+00 6.375881999999999827e+00
-3.262375000000000025e+00 1.150689000000000028e+01 8.036612999999999118e+00 -1.150421000000000049e+01 -7.456851999999999592e+00 -7.814578000000000024e+00 -9.134263999999999717e-01 1.158352999999999966e+01 1.671348000000000056e+00 -8.850377999999999190e+00 -4.975838000000000427e+00 5.508224000000000231e+00
-3.292361999999999789e+00 1.273146000000000022e+01 8.858268999999999949e+00 -9.288754000000000843e+00 -9.168739000000000416e+00 -9.591708999999999818e+00 -2.377273000000000192e+00 1.034285999999999994e+01 2.033160000000000078e+00 -9.748274999999999579e+00 -2.871529999999999916e+00 6.608622000000000440e+00
-3.171022999999999925e+00 1.293861000000000061e+01 8.785424000000000788e+00 -6.737692000000000014e+00 -7.351380999999999943e+00 -1.010529000000000011e+01 -4.792925000000000324e+00 8.162762000000000739e+00 2.520603000000000149e-01 -9.616201000000000221e+00 -1.778176999999999897e+00 6.106789000000000023e+00
-3.917129999999999779e+00 1.428082999999999991e+01 1.069726999999999961e+01 -7.424431000000000225e+00 -4.490776000000000323e+00 -1.199329999999999963e+01 -4.415008000000000266e+00 7.654798999999999687e+00 -5.005658999999999637e+00 -8.113163999999999376e+00 -4.777681999999999762e-01 4.382965999999999696e+00
-4.465836999999999612e+00 1.479324000000000083e+01 9.091616000000000142e+00 -6.112677999999999834e+00 -1.590443999999999969e+00 -1.185854999999999926e+01 -3.703400999999999943e+00 5.232257999999999853e+00 -4.124005999999999617e+00 -8.201655999999999835e+00 -3.421246000000000009e+00 3.958434000000000008e+00
-4.978996999999999673e+00 1.572648000000000046e+01 1.066485999999999912e+01 -3.713894999999999946e+00 -1.933437000000000072e+00 -1.139733000000000018e+01 -1.584761000000000086e+00 4.816911000000000165e+00 -5.570832000000000228e+00 -1.120905999999999914e+01 -4.239436999999999678e+00 3.304923000000000055e+00
-5.350164000000000364e+00 1.691103999999999985e+01 1.284060999999999986e+01 -3.408964999999999801e+00 -3.718479999999999702e-02 -1.185509000000000057e+01 -6.747596999999999845e+00 3.330322999999999922e+00 -9.502048000000000272e+00 -5.295052000000000092e+00 -1.980367999999999906e+00 -1.663267000000000051e+00
-5.731460000000000221e+00 1.734906000000000148e+01 1.252577999999999925e+01 -4.912177999999999933e+00 2.366563000000000194e+00 -1.253651999999999944e+01 -5.972704000000000235e+00 3.569922000000000040e+00 -1.265075000000000038e+01 -1.799606999999999957e+00 -3.910153999999999908e+00 -5.861991999999999869e+00
-5.770184999999999675e+00 1.711167000000000016e+01 1.225384999999999991e+01 -2.311957000000000040e+00 1.663230999999999904e+00 -1.369998000000000005e+01 -6.804051000000000293e+00 3.181127000000000038e+00 -1.107385999999999981e+01 -2.885800000000000143e+00 -4.890400999999999776e+00 -4.704977000000000409e+00
-6.974839000000000233e+00 1.744893000000000072e+01 1.501234999999999964e+01 -2.824238999999999944e+00 2.442938999999999972e+00 -1.077710000000000079e+01 -8.556639999999999802e+00 2.889688000000000034e+00 -1.047139999999999915e+01 -5.211548999999999765e+00 -5.129990000000000272e+00 -3.868866999999999834e+00
-6.377079000000000164e+00 1.655539999999999878e+01 1.333353999999999928e+01 -1.852529000000000092e+00 1.032639000000000085e+00 -8.330854000000000426e+00 -7.043890000000000207e+00 -2.402706000000000008e-01 -9.793955000000000410e+00 -5.129711000000000354e+00 -4.150959000000000287e+00 -3.201776000000000177e+00
-6.521257000000000303e+00 1.725956000000000046e+01 1.144485000000000063e+01 -2.672698000000000018e+00 2.879093000000000124e+00 -9.766880999999999702e+00 -5.706255999999999773e+00 8.082118000000000357e-01 -9.643129000000000062e+00 -4.658972000000000335e+00 -3.549857999999999958e+00 -3.384583000000000119e+00
-6.453338999999999714e+00 1.725185000000000102e+01 1.101919999999999966e+01 -2.620877999999999819e-01 1.990277999999999992e+00 -9.584009000000000000e+00 -3.889663000000000093e+00 -3.648115000000000108e-01 -9.607117999999999824e+00 -4.295354999999999812e+00 -1.672368999999999994e+00 -1.615005000000000024e+00
-6.897190000000000154e+00 1.815220000000000056e+01 1.257393000000000072e+01 1.608519000000000032e+00 1.780732999999999899e+00 -1.245067000000000057e+01 -5.061170999999999864e+00 -7.495369999999999810e-02 -7.807799000000000156e+00 -1.886768999999999918e+00 -3.810729999999999951e+00 -2.149220999999999826e+00
-7.226056999999999952e+00 1.785345999999999833e+01 1.214736000000000082e+01 -1.629577999999999929e-02 3.084440999999999988e+00 -8.779757000000000033e+00 -3.709153999999999840e+00 1.162828999999999946e-01 -8.466179999999999595e+00 -4.303007000000000026e+00 -5.081951000000000107e+00 -1.777755999999999892e+00
-6.965703999999999674e+00 1.671987999999999985e+01 1.135440999999999967e+01 1.779649000000000036e+00 3.732378999999999891e+00 -8.339325000000000543e+00 -5.367173000000000194e+00 1.400571000000000010e+00 -5.998737000000000208e+00 -6.247840000000000060e+00 -3.754786000000000179e+00 -7.540335999999999705e-01
-6.914467000000000141e+00 1.747679000000000116e+01 1.079110000000000014e+01 6.323735000000000328e-01 2.662275000000000169e+00 -7.573186999999999891e+00 -3.946115999999999957e+00 -4.520533999999999941e-01 -7.694256000000000206e+00 -3.339904999999999902e+00 -4.187140000000000306e+00 -2.258487999999999829e+00
-6.407662000000000191e+00 1.771921000000000035e+01 1.065653000000000006e+01 -2.824165000000000147e-01 2.084559000000000051e+00 -5.607408999999999644e+00 -3.886785999999999852e+00 -2.031257000000000090e+00 -6.131769000000000247e+00 -2.268016999999999950e+00 -5.718929000000000151e+00 -2.522567000000000004e+00
-6.530391999999999975e+00 1.731082999999999927e+01 1.090067999999999948e+01 3.995177999999999785e-01 1.415639000000000092e+00 -5.811841000000000257e+00 -2.720311000000000146e+00 -1.095620000000000038e+00 -6.049152999999999558e+00 -6.334336000000000411e+00 -3.251891999999999783e+00 -2.887138000000000204e+00
-5.952887999999999735e+00 1.661289999999999978e+01 1.112013999999999925e+01 -8.409003999999999923e-01 -1.365016000000000007e-01 -5.159277000000000335e+00 -8.756705999999999657e-01 -9.249294000000000127e-01 -8.205624000000000251e+00 -5.104095000000000049e+00 -5.437685000000000102e+00 -2.366083999999999854e+00
-5.777929999999999566e+00 1.684702000000000055e+01 1.000618000000000052e+01 2.729182999999999915e+00 -1.221713000000000049e+00 -7.231697999999999737e+00 -1.654158999999999935e+00 -1.527088000000000001e+00 -6.536372000000000071e+00 -7.387260999999999633e+00 -5.857269999999999754e+00 4.752693000000000056e-01
-6.088327999999999740e+00 1.721717999999999904e+01 1.034354000000000084e+01 2.780190000000000161e+00 8.015529000000000126e-01 -7.952021000000000228e+00 -5.014426000000000272e+00 -1.648152000000000061e+00 -5.802578999999999709e+00 -6.887247000000000341e+00 -3.068248000000000086e+00 2.187118999999999869e-01
-5.317396999999999707e+00 1.656221999999999994e+01 1.090623000000000076e+01 3.772597999999999896e+00 -2.634809999999999874e+00 -6.568354000000000248e+00 -5.265772000000000119e+00 -2.338184000000000040e+00 -4.446418000000000426e+00 -9.252917000000000058e+00 -2.031448000000000143e+00 -2.720483000000000207e-01
-5.289594000000000129e+00 1.573921999999999954e+01 1.062720000000000020e+01 2.669306000000000179e+00 -1.253605999999999998e+00 -5.263995000000000424e+00 -6.183417999999999637e+00 -1.476828999999999947e+00 -7.695950999999999986e+00 -8.479442999999999842e+00 -3.415773999999999866e+00 -8.633003999999999678e-01
-4.886055999999999955e+00 1.549827999999999939e+01 1.080283000000000015e+01 2.423513999999999946e+00 -9.290779999999999594e-01 -7.210523000000000238e+00 -6.903654999999999653e+00 -2.051171000000000078e+00 -7.843810999999999645e+00 -7.598844999999999850e+00 -5.685179999999999900e+00 -5.250540000000000207e-01
-4.939477000000000118e+00 1.570365999999999929e+01 1.075714999999999932e+01 5.132030999999999565e+00 9.643766000000000282e-01 -1.052224000000000004e+01 -8.413527000000000200e+00 -2.976376999999999828e+00 -7.580713000000000257e+00 -1.033745000000000047e+01 -2.534342000000000095e+00 7.625385000000000080e-01
-5.456211999999999840e+00 1.450131999999999977e+01 1.268567000000000000e+01 6.097088000000000285e+00 1.112651999999999974e+00 -1.354020000000000046e+01 -1.198019000000000034e+01 -1.398120999999999947e+00 -5.597100000000000186e+00 -8.958830999999999989e+00 -4.359839000000000020e+00 -4.766494999999999760e-02
-5.091995999999999967e+00 1.232395999999999958e+01 1.319402999999999970e+01 5.669817000000000107e+00 1.469073999999999991e+00 -1.544707999999999970e+01 -1.375794999999999924e+01 2.718010000000000148e-01 -3.144486000000000114e+00 -9.513071999999999306e+00 -5.706767000000000145e+00 1.111231000000000080e+00
-5.385911000000000115e+00 1.052533999999999992e+01 1.352398999999999951e+01 3.262163999999999842e+00 6.876881999999999717e-01 -1.557605000000000040e+01 -1.525164000000000009e+01 4.693951000000000207e+00 5.901473999999999887e-01 -1.078423000000000087e+01 -6.545023999999999731e+00 2.019210000000000171e+00
-5.806924000000000419e+00 8.969151999999999347e+00 1.455367999999999995e+01 2.527744000000000213e+00 1.742404999999999982e+00 -1.718609000000000009e+01 -1.766441999999999979e+01 4.950934000000000168e+00 4.310800000000000409e+00 -7.011002999999999652e+00 -7.007784000000000013e+00 2.972944000000000031e+00
-6.280166999999999611e+00 8.605221000000000231e+00 1.562534999999999918e+01 6.641601000000000310e-01 2.342223000000000166e+00 -1.875571000000000055e+01 -1.760904000000000025e+01 4.071246000000000365e+00 6.724435999999999858e+00 -6.425823000000000285e+00 -5.259514000000000244e+00 5.543324000000000140e+00
-6.825300000000000367e+00 9.412508000000000763e+00 1.558244999999999969e+01 1.174963999999999897e+00 2.402372999999999870e+00 -2.044506000000000157e+01 -1.847094999999999843e+01 3.886646999999999963e+00 9.463025999999999271e+00 -5.030573000000000405e+00 -6.273509999999999920e+00 4.276206000000000174e+00
-6.726401000000000074e+00 7.596408000000000271e+00 1.462992000000000026e+01 2.439407000000000103e+00 2.994915999999999912e+00 -2.044660000000000011e+01 -1.829439999999999955e+01 3.570237999999999801e+00 9.134684000000000026e+00 -4.964369999999999727e+00 -6.937244999999999884e+00 4.791827999999999754e+00
-6.837613000000000163e+00 7.564696999999999782e+00 1.525310999999999950e+01 4.882247000000000114e-01 2.162332999999999839e+00 -1.931857000000000113e+01 -1.805743999999999971e+01 4.794468000000000174e+00 8.387332999999999927e+00 -4.954722000000000293e+00 -6.084697000000000244e+00 5.645487000000000144e+00
-7.157146000000000008e+00 7.747551999999999772e+00 1.704025999999999996e+01 8.774262999999999924e-01 1.989438000000000040e+00 -2.146337000000000117e+01 -1.722428999999999988e+01 3.665382000000000140e+00 8.636872999999999578e+00 -4.846269000000000382e+00 -6.524652999999999814e+00 5.598897000000000013e+00
-6.174516999999999811e+00 9.985374000000000194e+00 1.632262000000000057e+01 1.343876999999999988e+00 -3.275815999999999728e-01 -2.129204999999999970e+01 -1.592406000000000077e+01 2.617847999999999953e+00 8.698304999999999509e+00 -3.678570999999999813e+00 -5.515521999999999814e+00 6.293357000000000312e+00
-6.160218000000000416e+00 9.409841999999999373e+00 1.543089999999999939e+01 5.170544999999999725e-01 8.003704999999999847e-02 -1.810776999999999859e+01 -1.730878999999999834e+01 2.205661999999999789e+00 1.002566000000000024e+01 -4.076786000000000243e+00 -5.749334000000000167e+00 7.743074000000000012e+00
-6.320680000000000298e+00 8.317453999999999681e+00 1.487900999999999918e+01 1.829177000000000053e+00 2.160375000000000156e+00 -2.082273999999999958e+01 -1.900816999999999979e+01 1.706550000000000011e+00 9.826532999999999518e+00 -1.708785999999999916e+00 -7.275344999999999729e+00 6.838020000000000209e+00
-6.603275000000000006e+00 8.627150999999999570e+00 1.495988000000000007e+01 -7.492366000000000303e-01 2.242906000000000066e+00 -1.984024000000000143e+01 -1.855652999999999864e+01 1.684738999999999987e+00 1.187073000000000000e+01 -2.977618999999999794e+00 -7.802865999999999858e+00 5.336071999999999704e+00
-6.669008999999999965e+00 8.577363000000000071e+00 1.446108000000000082e+01 -1.793760000000000021e+00 3.466600999999999821e+00 -1.987797000000000125e+01 -1.924010000000000176e+01 3.241817000000000171e+00 1.120260999999999996e+01 -3.005895999999999901e+00 -6.590327000000000268e+00 5.442414000000000307e+00
-6.502985999999999933e+00 9.056281999999999499e+00 1.214150000000000063e+01 -8.708390000000000297e-01 2.128201999999999927e+00 -1.808042999999999978e+01 -1.681760999999999839e+01 3.572766999999999804e+00 9.982865999999999573e+00 -3.855888000000000204e+00 -6.963392999999999944e+00 7.829568000000000083e+00
-6.193978000000000428e+00 7.399030999999999914e+00 1.079326000000000008e+01 -1.029403000000000068e+00 2.681299000000000099e+00 -1.725885999999999854e+01 -1.905922999999999945e+01 3.989694000000000074e+00 9.038087000000000870e+00 -2.734099000000000057e+00 -3.830493000000000148e+00 5.918131999999999948e+00
-6.169353000000000087e+00 5.767267000000000365e+00 8.797461999999999449e+00 9.908972000000000335e-01 3.022333000000000158e+00 -1.747792000000000101e+01 -1.914623999999999882e+01 3.458340999999999887e+00 1.150595000000000034e+01 -1.142621000000000053e-01 -2.379885999999999946e+00 2.599181000000000186e+00
-6.307770999999999795e+00 5.355029000000000039e+00 8.219957000000000846e+00 -7.107970000000000121e-01 2.587857000000000074e+00 -1.682996999999999943e+01 -1.883377000000000123e+01 6.366717999999999655e+00 1.183896000000000015e+01 -9.190093999999999763e-01 8.509168999999999761e-01 2.124089999999999812e+00
-5.740992000000000317e+00 9.004122999999999877e+00 8.521210999999999203e+00 -4.698541999999999774e+00 1.378149999999999986e+00 -1.576315999999999917e+01 -1.373062000000000005e+01 5.391252999999999851e+00 1.018918999999999997e+01 1.382122000000000073e+00 -1.317546000000000106e+00 2.151667999999999914e+00
-7.084858999999999796e+00 3.919751999999999903e+00 7.745544999999999902e+00 -3.489910000000000068e+00 1.935164000000000106e+00 -1.443338999999999928e+01 -1.351774999999999949e+01 5.964014999999999844e+00 1.209697000000000067e+01 1.804955000000000087e+00 2.403907000000000127e-01 5.653216999999999715e+00
-5.694322999999999801e+00 6.867951999999999835e+00 7.044884999999999842e+00 -9.526415999999999329e+00 -1.206326000000000009e+00 -9.116241000000000483e+00 -1.344763000000000019e+01 4.014349000000000167e+00 1.168600999999999956e+01 8.408554999999999779e-01 7.840266000000000179e-01 6.609875999999999863e+00
-5.884572999999999610e+00 3.946128999999999998e+00 4.886726000000000347e+00 -8.789039999999999964e+00 -1.042942999999999953e+00 -7.976661000000000001e+00 -1.111181000000000019e+01 6.119849000000000316e+00 1.444875000000000043e+01 -4.925166000000000266e-01 7.350750000000000339e-01 6.798324000000000034e+00
-4.169141999999999904e+00 7.968933999999999962e+00 2.896787999999999919e+00 -1.275497999999999976e+01 -1.750189999999999912e+00 -3.336332000000000075e+00 -8.480767999999999418e+00 3.815209999999999990e+00 1.294853999999999949e+01 -1.402057000000000109e+00 9.840894000000000030e-01 5.616446999999999967e+00
-3.799167000000000183e+00 6.528323000000000320e+00 2.276688000000000045e+00 -1.385420000000000051e+01 -1.013846999999999943e+00 -3.682056000000000218e+00 -4.859447000000000294e+00 2.338737000000000066e+00 1.171185999999999972e+01 -1.005173000000000094e+00 -5.361977999999999689e+00 5.633788000000000018e+00
-2.577631999999999923e+00 8.282484000000000179e+00 -5.941684000000000410e-01 -1.639971999999999852e+01 -4.069168999999999592e+00 1.489948000000000050e+00 -3.636159000000000141e+00 -3.240354999999999763e-01 1.368149000000000015e+01 -9.463412000000000213e-02 -3.916843000000000075e+00 5.998148999999999731e+00
-1.946112000000000064e+00 1.191527999999999921e+01 1.497047999999999990e-01 -1.812507000000000090e+01 -8.479955999999999605e+00 3.766799999999999926e+00 1.486045000000000060e+00 -3.759656999999999805e+00 1.277356999999999942e+01 -1.752367000000000008e+00 -4.535275000000000389e+00 5.503836999999999868e+00
-1.944523000000000001e+00 1.233581000000000039e+01 5.222588000000000230e-01 -1.758322000000000074e+01 -7.624431999999999654e+00 2.576014999999999944e+00 3.194046000000000163e+00 -4.414602999999999611e+00 1.270492999999999917e+01 -1.839860999999999969e+00 -7.182002999999999915e+00 6.485984000000000194e+00
-1.505636999999999892e+00 1.266921999999999926e+01 -7.355350999999999972e-01 -1.377473999999999954e+01 -7.755082999999999949e+00 1.215832000000000024e+00 3.548230999999999913e+00 -5.504494000000000220e+00 1.417759999999999998e+01 -5.803958000000000034e-02 -1.182085000000000008e+01 4.013380999999999865e+00
-9.904912000000000161e-01 1.358408999999999978e+01 -3.243985999999999814e-01 -1.454723000000000077e+01 -8.843370999999999427e+00 2.948303999999999814e+00 3.580592999999999915e+00 -7.401055000000000383e+00 1.511391000000000062e+01 5.946740000000000359e-01 -1.063536999999999999e+01 2.310239999999999849e+00
-7.696577000000000002e-01 1.460979000000000028e+01 -1.326821000000000077e-02 -1.471762000000000015e+01 -9.605733000000000743e+00 6.275621999999999590e-01 4.324562000000000239e+00 -3.646811000000000025e+00 1.289134999999999920e+01 8.292118000000000544e-01 -1.117262000000000022e+01 1.639596999999999971e+00
-5.627256999999999953e-01 1.487177999999999933e+01 4.062022000000000133e-01 -1.546940999999999988e+01 -9.118382000000000431e+00 1.394468999999999959e+00 1.479932000000000025e+00 -3.796640000000000015e+00 1.467880000000000074e+01 1.208463999999999983e+00 -1.249370000000000047e+01 1.956741999999999981e+00
-8.372366000000000530e-02 1.449421000000000070e+01 2.117457000000000089e-01 -1.315230999999999995e+01 -8.105349999999999611e+00 -3.619688000000000017e+00 3.014975000000000183e+00 -1.097833000000000059e+00 1.352896999999999927e+01 -1.382428999999999908e+00 -1.241859999999999964e+01 5.639009999999999856e+00
-6.812846999999999653e-01 1.530239000000000082e+01 1.266132000000000035e+00 -1.402422999999999931e+01 -7.379076999999999664e+00 -7.078084999999999738e+00 3.415545999999999971e+00 4.279511999999999761e-01 1.268163000000000018e+01 -2.047785000000000188e+00 -9.724747000000000696e+00 4.577682000000000251e+00
-8.359872000000000414e-01 1.564380000000000059e+01 1.978830000000000089e+00 -1.361801999999999957e+01 -8.798049000000000675e+00 -6.180665000000000298e+00 2.258061000000000096e+00 1.440992000000000106e-01 1.273713000000000051e+01 -5.474084999999999646e-01 -1.219421999999999962e+01 5.012450000000000294e+00
-5.712650999999999701e-01 1.549709999999999965e+01 2.839685999999999932e+00 -1.252175000000000082e+01 -1.060562000000000005e+01 -7.418034999999999712e+00 1.171413000000000038e+00 2.788222000000000200e+00 1.509483999999999959e+01 -3.360198000000000018e+00 -1.324864999999999959e+01 3.426306999999999992e+00
-5.398876999999999704e-01 1.598193999999999981e+01 4.780547000000000324e+00 -1.206786999999999921e+01 -1.378236000000000061e+01 -7.110809999999999853e+00 -3.783727000000000062e-01 4.997084000000000081e+00 1.344720000000000049e+01 -2.598034000000000177e+00 -1.087251999999999974e+01 3.111460000000000115e+00
-5.676904999999999868e-01 1.638795999999999964e+01 4.565718999999999639e+00 -1.130794999999999995e+01 -1.352917000000000058e+01 -1.027314999999999934e+01 3.792603999999999975e-01 7.122498000000000218e+00 1.199614000000000047e+01 -1.131923000000000012e+00 -1.110482000000000014e+01 2.078336000000000183e+00
-4.793174000000000046e-01 1.689563000000000059e+01 4.505530000000000257e+00 -9.604774000000000811e+00 -1.384529999999999994e+01 -1.126720000000000077e+01 -2.787692999999999977e-01 7.093733000000000288e+00 9.978206000000000131e+00 -1.302918999999999938e+00 -6.110236999999999696e+00 7.917876999999999832e-01
-4.403934999999999933e-01 1.724800000000000111e+01 5.275021999999999878e+00 -8.534746000000000166e+00 -1.459479999999999933e+01 -1.211842000000000041e+01 -1.128095000000000070e+00 7.604855999999999838e+00 1.089460000000000051e+01 -3.329258999999999968e+00 -6.364419999999999966e+00 1.524272000000000071e+00
-2.850951999999999931e-01 1.750582999999999956e+01 5.318851999999999691e+00 -8.671502000000000265e+00 -1.317163000000000039e+01 -1.211880999999999986e+01 -1.906584000000000056e+00 7.430056999999999690e+00 7.487885999999999598e+00 -1.881779000000000091e+00 -3.702186000000000199e+00 1.404141000000000084e+00
-8.006379999999999608e-01 1.799186999999999870e+01 7.207549000000000206e+00 -7.016378999999999699e+00 -1.246466000000000030e+01 -1.479335999999999984e+01 -2.698736999999999941e+00 6.850656999999999996e+00 4.968332000000000193e+00 -4.113433000000000228e-01 -1.126077999999999940e-01 7.345428000000000512e-01
-5.573637000000000175e-01 1.831756999999999991e+01 5.737705000000000055e+00 -7.177529999999999966e+00 -1.288682999999999979e+01 -1.344356999999999935e+01 -3.662049000000000110e+00 6.284533999999999843e+00 5.923703999999999859e+00 1.117642999999999942e+00 -5.419220999999999622e-01 -7.947735999999999690e-01
-1.126525999999999916e+00 1.976054999999999851e+01 7.482256999999999714e+00 -6.247217000000000020e+00 -1.338368999999999964e+01 -1.629020999999999830e+01 -3.834646999999999917e+00 5.972233000000000125e+00 7.021850999999999843e+00 -2.922447000000000239e-01 -7.593155999999999795e-01 3.409593000000000096e+00
-1.344977000000000089e+00 1.954834999999999923e+01 7.504171999999999620e+00 -4.116403000000000034e+00 -1.290836999999999968e+01 -1.766386999999999929e+01 -4.722807000000000421e+00 4.839354000000000156e+00 6.148247999999999713e+00 2.210821999999999843e+00 -2.719284000000000145e-01 1.350656999999999996e+00
-1.539595999999999965e+00 1.970513000000000048e+01 7.858514999999999695e+00 -4.365152000000000143e+00 -1.170285999999999937e+01 -1.553678000000000026e+01 -8.153551000000000215e+00 3.377737000000000211e+00 6.513448999999999600e+00 4.475025999999999726e+00 -8.433145000000000224e-02 1.353790999999999967e+00
-1.601158999999999999e+00 2.038735000000000142e+01 7.327001000000000097e+00 -3.924943999999999988e+00 -1.269070999999999927e+01 -1.501318999999999981e+01 -7.002898000000000067e+00 1.626894000000000062e+00 5.441569000000000322e+00 3.592099999999999849e+00 2.329496999999999929e+00 4.980419999999999847e-01
-1.704426999999999914e+00 1.977180999999999855e+01 6.839006999999999614e+00 -4.612053000000000402e+00 -1.275422000000000011e+01 -1.414425999999999917e+01 -6.692941000000000251e+00 2.224311000000000149e+00 6.513873000000000246e+00 1.858184000000000058e+00 3.541041999999999801e-01 2.392974000000000157e+00
-2.019988000000000117e+00 1.955280000000000129e+01 5.923518999999999757e+00 -3.800753999999999966e+00 -1.460178999999999938e+01 -1.499586000000000041e+01 -4.181640999999999941e+00 2.956068000000000140e+00 5.771607000000000376e+00 3.189893000000000089e+00 -1.072179999999999911e+00 2.054936000000000096e+00
-2.937281000000000031e+00 1.937971999999999895e+01 5.660847999999999658e+00 -3.113275999999999932e+00 -1.355602999999999980e+01 -1.597259000000000029e+01 -3.172302000000000177e+00 4.612397999999999776e+00 5.397084000000000437e+00 2.674242000000000008e+00 3.416383000000000059e-01 2.008764000000000216e+00
-3.145205999999999946e+00 1.911833000000000027e+01 6.808759000000000228e+00 -2.313066000000000066e+00 -1.221063000000000009e+01 -1.625863999999999976e+01 -6.210385999999999740e+00 1.099018000000000050e+00 4.589572999999999681e+00 6.438823000000000185e+00 3.453253999999999824e+00 1.449686000000000030e+00
-3.464938000000000073e+00 1.840646999999999878e+01 6.769250000000000433e+00 1.038281999999999955e-01 -1.097239000000000075e+01 -1.389478000000000080e+01 -7.831008999999999887e+00 1.250426999999999955e+00 5.044169000000000125e+00 3.562823999999999991e+00 5.733302000000000120e+00 3.756130999999999776e-01
-2.807997999999999994e+00 2.134815000000000040e+01 7.687208000000000041e+00 -3.007935999999999943e+00 -1.373339999999999961e+01 -1.445456000000000074e+01 -8.718809999999999505e+00 -7.134627999999999526e-01 6.426173999999999609e+00 6.842360000000000220e+00 2.704082999999999792e+00 -2.801687999999999956e+00
-5.731658000000000364e+00 1.638854999999999862e+01 5.414537000000000155e+00 -1.492156999999999956e+00 -1.119955999999999996e+01 -1.281179999999999986e+01 -9.084502000000000521e+00 -5.882897000000000265e-01 3.944749999999999979e+00 2.747097999999999818e+00 4.186614999999999753e+00 8.703427999999999720e-01
-5.750722999999999807e+00 1.584354000000000084e+01 5.111740000000000173e+00 -1.478480999999999934e+00 -1.390154000000000067e+01 -1.396793000000000085e+01 -7.672075000000000422e+00 5.179983999999999977e-02 1.779806999999999917e+00 2.740778000000000159e+00 6.676759999999999806e+00 2.628429999999999822e+00
-1.278561999999999976e+01 5.810535999999999923e+00 -2.131609000000000087e+00 2.879690000000000027e-02 -4.338862999999999914e+00 -7.407051999999999525e-01 1.469723000000000002e-01 7.655391999999999753e-01 4.110827999999999705e+00 5.214901000000000231e+00 4.741805000000000270e+00 3.229083999999999843e+00
