-4.214890999999999721e+00 5.074444999999999872e+00 2.788956999999999908e+00 -7.168624000000000329e+00 -1.302313000000000054e+00 -1.726604999999999945e+00 -4.277318000000000175e+00 1.361790000000000056e+01 7.210329999999999906e+00 -1.566456999999999944e+01 2.886845999999999801e+00 6.102420999999999651e+00
-4.113367000000000218e+00 5.399253999999999998e+00 2.216692000000000107e+00 -9.082133999999999929e+00 -2.739654999999999951e+00 -4.351707000000000214e+00 -4.540142999999999596e+00 1.520562999999999931e+01 8.061426000000000869e+00 -1.170024000000000086e+01 4.717196000000000389e+00 3.507601000000000191e+00
-3.660649999999999959e+00 7.213579000000000185e+00 2.547477999999999909e+00 -1.144402000000000008e+01 -3.477282999999999902e+00 -2.209620999999999835e+00 -6.233550000000000146e+00 1.470823000000000036e+01 1.141257000000000055e+01 -1.232644999999999946e+01 1.038353000000000081e+00 4.800041000000000224e+00
-2.813797000000000104e+00 9.223871000000000819e+00 5.565970000000000084e-01 -1.282783000000000051e+01 -4.407809000000000310e+00 -1.787465999999999999e+00 -1.365985000000000005e+00 1.327006000000000085e+01 9.434378999999999849e+00 -1.420645999999999987e+01 1.235225999999999935e+00 6.291280000000000427e+00
-2.703685000000000116e+00 7.925201999999999636e+00 -4.504094000000000153e-03 -1.306877000000000066e+01 -2.864008999999999805e+00 -3.316018999999999828e+00 -4.080314000000000441e+00 1.511890999999999963e+01 9.779279999999999973e+00 -1.442742999999999931e+01 2.511244000000000032e+00 3.276000999999999941e+00
-3.532440999999999942e+00 7.126546000000000269e+00 1.108884999999999899e+00 -1.042207999999999934e+01 -5.532752000000000336e+00 -3.884872999999999799e+00 -4.067426000000000208e+00 1.563516000000000084e+01 8.484626000000000445e+00 -1.127834000000000003e+01 1.865110999999999963e+00 3.689998999999999807e+00
-3.987305999999999795e+00 5.979758999999999602e+00 2.241957000000000200e+00 -1.210895999999999972e+01 -4.077817999999999721e+00 -2.498445999999999945e+00 -6.420427000000000106e+00 1.405402999999999913e+01 1.085234999999999950e+01 -1.339666000000000068e+01 5.048928000000000083e+00 3.768028000000000155e+00
-4.227774000000000143e+00 5.557676999999999978e+00 1.340081999999999995e+00 -1.385158999999999985e+01 -3.189754000000000200e+00 -7.732379000000000335e-01 -5.051065000000000360e+00 1.568669000000000047e+01 9.228847000000000023e+00 -1.421053999999999995e+01 4.318033999999999928e+00 4.861669000000000018e+00
-4.728032999999999930e+00 5.982033999999999629e+00 2.566279000000000199e+00 -1.434505000000000052e+01 -2.183402000000000065e+00 1.839988999999999930e-01 -7.308326000000000100e+00 1.521222999999999992e+01 8.636523999999999646e+00 -1.384473999999999982e+01 2.879805000000000170e+00 3.773991999999999791e+00
-5.023096999999999923e+00 7.696242999999999945e+00 4.404692999999999969e+00 -1.687324999999999875e+01 -3.422991999999999813e+00 -1.486680000000000001e+00 -7.995999000000000301e+00 1.560500000000000043e+01 8.200404999999999944e+00 -1.317262999999999984e+01 4.116286999999999807e+00 5.468750000000000000e+00
-5.650952000000000197e+00 7.829636999999999958e+00 4.863267999999999702e+00 -1.526159999999999961e+01 -2.837015000000000065e+00 -1.021606000000000014e+00 -5.289494999999999614e+00 1.564459000000000088e+01 5.463505999999999752e+00 -1.562649000000000044e+01 3.855233999999999828e+00 5.133028999999999620e+00
-5.790816000000000408e+00 7.795505999999999602e+00 5.348283000000000342e+00 -1.416563999999999979e+01 -1.274408999999999903e+00 -1.225648000000000071e+00 -5.777402000000000371e+00 1.615738999999999947e+01 1.061995000000000022e+00 -1.453519999999999968e+01 4.346467999999999776e+00 2.552621999999999947e+00
-5.243014999999999759e+00 7.765073000000000114e+00 4.950811999999999991e+00 -1.148849000000000053e+01 -4.298924000000000412e+00 -3.558406999999999876e+00 -2.591737000000000180e+00 1.619069000000000003e+01 2.398682000000000036e-01 -1.834450999999999965e+01 5.123128000000000348e+00 3.619425999999999810e+00
-5.442076000000000136e+00 8.641375999999999280e+00 6.391754999999999853e+00 -1.030907000000000018e+01 -2.083009000000000110e+00 -9.417920000000000513e+00 -4.580188999999999844e+00 1.412724000000000046e+01 1.944803000000000059e+00 -1.630913999999999930e+01 5.017244999999999955e+00 6.533317000000000263e+00
-5.667513999999999719e+00 1.072902999999999984e+01 6.283941000000000443e+00 -9.604526999999999148e+00 -3.608915000000000095e+00 -9.487576000000000676e+00 -1.930299999999999905e+00 1.194250000000000078e+01 -1.175756000000000023e+00 -1.772679000000000116e+01 3.552477000000000107e+00 8.517576000000000036e+00
-5.637762999999999636e+00 1.249357999999999969e+01 8.565654000000000323e+00 -8.361140999999999934e+00 -5.558228999999999864e+00 -9.708856000000000819e+00 -4.306777000000000299e+00 1.049804999999999922e+01 -1.493644999999999889e+00 -1.441451999999999956e+01 3.388370999999999800e+00 5.556220999999999854e+00
-6.401493999999999573e+00 1.329593000000000025e+01 9.719583999999999335e+00 -5.980675999999999881e+00 -6.820629999999999749e-01 -1.210599000000000025e+01 -3.023028000000000048e+00 5.194405999999999857e+00 -6.125351000000000212e+00 -9.967779000000000167e+00 2.388571000000000222e+00 5.173286000000000051e+00
-6.362233999999999945e+00 1.327943999999999924e+01 9.353545000000000442e+00 -4.961477000000000359e+00 -4.422149000000000219e-02 -1.114629000000000048e+01 -1.884730999999999934e+00 6.004139999999999588e+00 -7.988838999999999579e+00 -1.047738999999999976e+01 -1.271786000000000028e-01 5.523916999999999966e+00
-6.635828000000000060e+00 1.380249000000000059e+01 1.005006999999999984e+01 -7.205175999999999803e+00 1.381594999999999906e+00 -9.456970000000000098e+00 -3.562027000000000054e+00 8.921003000000000682e+00 -9.115543999999999869e+00 -1.145274000000000036e+01 -3.036131999999999831e+00 3.264072999999999780e+00
-6.515286999999999829e+00 1.399901999999999980e+01 9.384392000000000067e+00 -5.676987999999999701e+00 2.279366000000000003e+00 -8.914500000000000313e+00 -1.526626000000000039e+00 8.066964999999999719e+00 -9.082658999999999594e+00 -1.069427999999999912e+01 -6.652961999999999598e+00 -3.667361000000000093e-01
-7.369194000000000244e+00 1.504171000000000014e+01 1.096927999999999948e+01 -4.675455999999999612e+00 4.415512999999999799e+00 -6.176472000000000406e+00 -2.772170000000000023e+00 3.480989000000000111e+00 -1.288480000000000025e+01 -1.011021999999999998e+01 -6.118128999999999706e+00 3.484420999999999768e-01
-7.372568000000000232e+00 1.541117999999999988e+01 1.279035999999999973e+01 -3.217935000000000212e+00 2.504718000000000000e+00 -8.343534999999999258e+00 -3.837740999999999847e+00 5.239339000000000190e+00 -7.927766000000000091e+00 -8.097974000000000672e+00 -7.344049000000000049e+00 -2.486674999999999969e+00
-8.141819999999999169e+00 1.585260000000000069e+01 1.299013000000000062e+01 -2.711990999999999818e+00 5.433390000000000164e+00 -4.555044999999999789e+00 -3.676178999999999863e+00 1.972439000000000053e+00 -1.226116000000000028e+01 -8.600780999999999565e+00 -4.743538000000000032e+00 -1.469819999999999904e+00
-8.128016999999999825e+00 1.664556999999999931e+01 1.313760000000000083e+01 -3.414708000000000077e+00 3.717617999999999867e+00 -2.676102000000000203e+00 -3.621405000000000207e+00 1.891372000000000053e+00 -9.743883999999999546e+00 -8.021482000000000667e+00 -2.724709999999999965e+00 -2.147724000000000188e+00
-8.117589000000000610e+00 1.642342999999999975e+01 1.171956999999999915e+01 -4.779933999999999905e+00 3.426146000000000136e+00 -2.164238999999999802e+00 -4.882119999999999793e-01 5.106740000000000279e+00 -9.787338999999999345e+00 -8.800340999999999525e+00 -2.951912999999999787e+00 -4.097442000000000029e+00
-8.804641000000000162e+00 1.697890999999999906e+01 1.249219000000000079e+01 -3.802162000000000042e+00 4.202899000000000385e+00 -4.715112000000000414e+00 -1.474612999999999952e+00 4.437460999999999878e+00 -6.700840000000000352e+00 -7.926290999999999976e+00 -2.917520999999999809e+00 -1.069241000000000108e+00
-9.085902000000000811e+00 1.733755999999999986e+01 1.425951000000000057e+01 -3.819828999999999919e+00 3.239008999999999805e+00 -2.567397000000000151e+00 -4.068806999999999618e+00 1.556732000000000005e+00 -5.397181999999999924e+00 -7.088959000000000010e+00 -3.516264000000000056e+00 -2.210593999999999948e+00
-9.074552999999999869e+00 1.669762000000000057e+01 1.454387999999999970e+01 -4.920964999999999812e+00 4.591731000000000229e+00 -2.162128000000000050e+00 -6.130905000000000271e+00 1.544162999999999952e+00 -5.670048999999999673e+00 -9.655352000000000601e+00 -5.093414000000000108e+00 -1.099061000000000066e+00
-8.906470999999999805e+00 1.697606000000000037e+01 1.447983999999999938e+01 -4.155499999999999972e+00 4.403684000000000154e+00 2.120395000000000179e-03 -7.320293999999999635e+00 4.846285000000000176e-01 -5.211616000000000248e+00 -1.224995999999999974e+01 -3.636229000000000156e+00 4.915770999999999891e-01
-8.533808000000000504e+00 1.667542999999999864e+01 1.273572000000000060e+01 -3.249004999999999921e+00 4.944468999999999781e+00 -1.593977999999999895e+00 -6.027339999999999698e+00 1.959241999999999928e+00 -5.264075000000000060e+00 -1.068510000000000026e+01 -6.355622000000000327e+00 2.328903999999999974e-01
-7.978645000000000209e+00 1.621381999999999834e+01 1.357385000000000019e+01 -2.739100999999999786e+00 2.159864999999999924e+00 -1.727659999999999973e+00 -5.707437999999999789e+00 4.415810000000000013e-01 -6.153146999999999700e+00 -1.045869000000000071e+01 -5.856804999999999595e+00 9.788824000000000414e-01
-8.233529000000000764e+00 1.719791000000000025e+01 1.437467000000000006e+01 -1.870679999999999898e+00 -3.087625000000000092e-02 -3.159117999999999871e+00 -4.630359999999999587e+00 1.955157999999999952e+00 -4.621641999999999584e+00 -1.059603000000000073e+01 -4.829112000000000293e+00 3.158888000000000251e-01
-8.049191000000000429e+00 1.722437000000000040e+01 1.312055999999999933e+01 -2.627311999999999870e+00 -1.965412999999999882e-02 -2.703894000000000020e+00 -1.623286999999999924e+00 7.246892000000000333e-01 -4.156160999999999994e+00 -1.289758999999999922e+01 -3.779754000000000058e+00 1.349819999999999909e-01
-7.744004999999999583e+00 1.624425000000000097e+01 1.167345000000000077e+01 -1.912714999999999943e+00 2.391890000000000072e+00 -2.765106999999999982e+00 -5.408710000000000129e+00 1.039533000000000040e+00 -5.527938999999999936e+00 -1.178659000000000034e+01 -2.662425999999999959e+00 -1.879097000000000017e+00
-7.486666999999999739e+00 1.589326999999999934e+01 1.181504999999999939e+01 -2.919424999999999937e+00 1.808643000000000001e+00 -5.444033000000000122e+00 -6.410300999999999583e+00 1.907083000000000084e+00 -7.845162000000000191e+00 -1.194364999999999988e+01 -2.580643999999999938e+00 -2.115915999999999908e+00
-8.128937999999999775e+00 1.502152000000000065e+01 1.206856999999999935e+01 -2.280065000000000008e+00 2.932979000000000003e+00 -4.108966999999999814e+00 -1.034991999999999912e+01 -2.200972000000000151e+00 -4.960670999999999609e+00 -1.049879999999999924e+01 -1.133748999999999896e+00 -2.686038999999999875e-03
-7.848902999999999963e+00 1.483181000000000083e+01 1.134647999999999968e+01 -1.193550000000000111e+00 3.821346999999999827e+00 -7.231860000000000177e+00 -9.951771000000000811e+00 -2.312518999999999991e+00 -4.981029000000000373e+00 -7.544171000000000404e+00 -3.053192999999999824e+00 -2.709080999999999850e+00
-7.433912000000000297e+00 1.438668999999999976e+01 1.160352999999999923e+01 -3.370845000000000091e+00 4.616601000000000177e+00 -3.430353000000000208e+00 -1.397977000000000025e+01 -1.174744000000000010e+00 -4.102135999999999783e+00 -9.796096999999999611e+00 -6.999246000000000079e-01 -3.171288000000000107e+00
-6.893779000000000323e+00 1.191620999999999952e+01 1.181592999999999982e+01 -7.789865000000000261e-01 6.883471000000000117e+00 -6.551486999999999838e+00 -2.099918999999999869e+01 9.138469999999999649e-01 -1.918801999999999897e+00 -8.478054000000000201e+00 2.392880999999999828e-02 -6.906964000000000325e+00
-7.025053999999999910e+00 1.104588000000000036e+01 1.336820999999999948e+01 -5.831273000000000151e-01 7.690554999999999808e+00 -1.030269000000000013e+01 -2.395102999999999938e+01 4.723741000000000190e-01 -1.938768000000000047e+00 -9.241274999999999906e+00 -8.031000999999999834e-01 -1.981975000000000042e+00
-7.588192000000000270e+00 1.042811000000000021e+01 1.414669999999999916e+01 -2.298036999999999885e+00 9.813053000000000026e+00 -1.388573000000000057e+01 -2.832700000000000173e+01 1.411879000000000106e+00 1.772298999999999958e-01 -6.162894999999999790e+00 -2.077223000000000042e+00 -1.777709999999999901e+00
-7.399866000000000277e+00 8.714472000000000662e+00 1.241844999999999999e+01 -6.857782000000000044e-01 8.543739000000000416e+00 -1.582376999999999967e+01 -2.346956000000000131e+01 3.798661000000000065e+00 8.928717999999999932e-01 -6.431807000000000052e+00 -2.407331000000000110e+00 -2.091314999999999813e+00
-7.868533000000000222e+00 6.789791000000000132e+00 1.203889999999999993e+01 -4.786487999999999854e-01 1.046180999999999983e+01 -1.256648999999999994e+01 -2.608079000000000036e+01 4.021124999999999616e+00 7.148865999999999943e+00 -4.286290000000000155e+00 -3.987729999999999997e+00 -2.854770999999999836e-01
-7.688488000000000433e+00 6.399848999999999677e+00 1.169607000000000063e+01 -1.583136000000000099e+00 1.045270999999999972e+01 -1.062035999999999980e+01 -2.666213000000000122e+01 3.916491000000000167e+00 6.011199000000000403e+00 -3.810678999999999927e+00 1.103145999999999988e-01 -1.900219000000000102e+00
-7.778357999999999883e+00 6.667206000000000188e+00 1.151129000000000069e+01 -3.927510000000000168e-01 8.955318000000000112e+00 -1.467867999999999995e+01 -2.230042999999999864e+01 4.761416999999999788e+00 1.460531000000000024e+00 -3.033859999999999779e+00 -1.821513999999999911e-01 -1.109248999999999929e+00
-7.890003000000000100e+00 5.354885000000000339e+00 1.193167000000000044e+01 7.269660999999999484e-01 7.833408999999999622e+00 -1.590961000000000070e+01 -2.316162999999999883e+01 7.955733000000000388e+00 2.776717000000000102e+00 -3.970463000000000076e+00 -2.346151999999999960e-02 -1.940228000000000064e+00
-7.740630999999999595e+00 4.024930000000000341e+00 1.132180999999999926e+01 1.899075000000000069e+00 9.981991999999999976e+00 -1.651189000000000107e+01 -2.850467000000000084e+01 1.042389999999999972e+01 6.177972999999999715e+00 -4.723485000000000156e+00 -8.628755000000000452e-02 -1.044888000000000039e+00
-7.620090000000000252e+00 4.843210000000000015e+00 1.095195000000000007e+01 -2.808244999999999880e+00 1.027618999999999971e+01 -1.233361000000000018e+01 -2.725591000000000008e+01 7.552279999999999660e+00 8.322157999999999944e+00 -3.121570999999999874e+00 1.087909000000000015e+00 -2.672054999999999847e+00
-7.735723000000000127e+00 4.456396999999999942e+00 1.077011000000000074e+01 -6.598870000000000013e-01 1.019157000000000046e+01 -1.335064999999999991e+01 -2.816636000000000095e+01 8.809457000000000093e+00 8.002311999999999870e+00 -3.803539999999999921e+00 2.483621999999999996e+00 -1.180071000000000092e+00
-9.234355000000000757e+00 2.078063999999999911e+00 1.227392000000000039e+01 2.097675000000000178e+00 9.913142000000000564e+00 -1.763411999999999935e+01 -2.975252000000000052e+01 7.951334000000000124e+00 8.229374999999999218e+00 -2.174770000000000092e+00 4.198069000000000273e+00 -2.688207999999999931e+00
-9.717131000000000185e+00 6.482767000000000390e-01 1.265229000000000070e+01 6.550799999999999956e-01 1.199408999999999992e+01 -1.538754999999999917e+01 -2.787453999999999965e+01 9.813062000000000396e+00 5.514790999999999777e+00 -3.657356000000000051e+00 4.405231999999999815e+00 -1.549339999999999939e+00
-7.721307999999999616e+00 9.571433999999999997e+00 1.125717999999999996e+01 -2.251200000000000076e-03 6.692998000000000225e+00 -1.634373000000000076e+01 -2.415262999999999849e+01 7.162023999999999724e+00 1.236599000000000004e+00 -2.417307999999999957e-01 3.440907000000000160e+00 -1.256856999999999891e+00
-1.032168000000000063e+01 7.027567999999999593e+00 1.122368999999999950e+01 -1.507595000000000018e+00 1.206232999999999933e+01 -1.192060000000000031e+01 -2.645591999999999899e+01 8.632239000000000217e+00 6.960558999999999941e+00 -2.495016000000000123e+00 3.399744999999999795e+00 1.133696999999999955e+00
-9.129457000000000377e+00 8.195118000000000791e+00 1.059796000000000049e+01 -5.058645000000000280e+00 6.403345999999999982e+00 -1.138165000000000049e+01 -2.582625000000000171e+01 7.332957999999999643e+00 5.883181999999999690e+00 -1.107620999999999967e+00 1.854008000000000100e+00 -1.267543000000000086e+00
-1.386030000000000051e+01 5.097197999999999674e+00 3.543651999999999802e+00 -3.640722999999999931e+00 5.538028999999999868e+00 -9.013355000000000672e+00 -2.344057000000000102e+01 -6.823683000000000387e-01 4.089914000000000049e-01 1.233912000000000064e-01 4.146074999999999733e+00 -3.302068000000000225e-01
-1.456758999999999915e+01 4.199563999999999631e+00 1.907059000000000060e+00 -5.246584999999999610e+00 2.516242999999999785e+00 -7.404592000000000063e+00 -2.311007999999999996e+01 -2.970486000000000182e+00 -3.731396000000000157e+00 -4.002418999999999727e+00 1.795786000000000104e+00 5.459983000000000475e-01
-1.558130000000000059e+01 5.549428999999999945e+00 1.991076999999999986e+00 -3.026949999999999807e+00 1.497152999999999956e+00 -4.582485000000000142e+00 -2.041369999999999862e+01 -4.391054999999999708e+00 -3.991735999999999951e+00 -2.547031000000000045e+00 4.512470000000000425e+00 7.974786000000000374e-01
-9.090503000000000000e+00 5.472919000000000089e+00 2.531026999999999916e+00 -4.676674000000000220e+00 1.857170999999999905e+00 -4.312305000000000277e+00 -1.550792999999999999e+01 8.799087999999999354e+00 8.152252000000000720e+00 6.109004999999999574e-01 6.786393000000000342e+00 -1.528713999999999906e+00
-7.316437999999999775e+00 3.950695000000000068e+00 1.978739000000000026e+00 -8.326720999999999151e+00 2.902951999999999977e+00 -5.003232999999999819e+00 -1.834423999999999921e+01 9.956030000000000157e+00 9.980114000000000374e+00 5.537864999999999593e-01 1.040268000000000015e+01 -2.193766000000000049e-01
-7.470105000000000217e+00 5.419448000000000043e+00 4.524257000000000417e+00 -8.411096000000000572e+00 4.079151999999999667e+00 -1.164082999999999979e+00 -8.809791999999999845e+00 7.487237000000000364e+00 1.063546999999999976e+01 -1.439086000000000087e+00 4.571505000000000152e+00 3.071914000000000033e-01
-5.651258000000000337e+00 2.054740999999999929e+00 2.794831999999999983e+00 -9.376379999999999271e+00 2.328196999999999850e+00 -2.445323999999999831e+00 -1.089213999999999949e+01 5.686782000000000004e+00 1.178017999999999965e+01 -2.865918000000000188e+00 1.858611999999999931e+00 2.212676999999999783e+00
-2.644181000000000115e+00 6.135336999999999819e+00 -9.710081000000000406e-01 -1.138674999999999926e+01 -1.759690999999999894e+00 -6.508129000000000275e-01 -6.232168999999999848e+00 5.609485000000000277e+00 1.277103999999999928e+01 -2.795885000000000176e+00 -2.514766999999999975e-01 1.117296000000000067e+00
-2.270903999999999812e+00 9.835093000000000529e+00 -2.097322999999999826e+00 -1.130359999999999943e+01 -6.756936999999999527e-01 -1.883505999999999903e+00 -2.058720999999999801e+00 4.171948000000000434e+00 1.088170999999999999e+01 -1.306840000000000002e+00 -8.466274000000000022e-02 2.875599999999999823e-01
-2.755827000000000027e+00 1.237555000000000049e+01 -3.432211000000000012e-01 -1.041202999999999967e+01 1.273625999999999925e-03 -1.135235999999999912e+00 -3.448796000000000195e+00 3.066851999999999911e+00 1.004078999999999944e+01 -1.729416000000000064e+00 -9.569155999999999773e-01 6.354577000000000142e-01
-3.564646000000000203e+00 1.303711000000000020e+01 7.384408000000000083e-01 -1.008671000000000006e+01 1.319722000000000062e+00 -7.514265999999999446e-01 -4.256126000000000076e-01 2.854157999999999973e-01 6.165836999999999790e+00 -1.344916000000000000e+00 8.764130999999999450e-01 3.348561999999999816e+00
-3.335834000000000188e+00 1.315770999999999979e+01 5.601256999999999764e-02 -9.691338000000000008e+00 8.650742000000000154e-01 9.656896000000000369e-01 7.748422000000000642e-02 -2.647758000000000056e-01 8.943842999999999321e+00 -2.208086000000000215e+00 -2.736083999999999961e+00 4.253345000000000375e+00
-3.285531999999999897e+00 1.275638999999999967e+01 1.078332999999999986e+00 -1.012660999999999945e+01 -6.741772000000000320e-01 -6.455359999999999987e-01 -2.672728999999999799e-01 2.871723999999999943e+00 8.076693999999999818e+00 -2.523232999999999837e+00 -2.649427000000000199e+00 1.619760000000000089e+00
-3.770455000000000112e+00 1.274956000000000067e+01 2.341251000000000193e+00 -1.228045999999999971e+01 -4.257737999999999801e-01 -2.020706000000000113e+00 4.121149000000000062e-01 1.889172000000000073e+00 9.029187000000000296e+00 -3.035219999999999807e+00 -2.294948000000000210e+00 4.640257000000000076e+00
-3.305162000000000155e+00 1.172762999999999955e+01 2.801588999999999885e+00 -1.088385000000000069e+01 -1.829752999999999963e+00 -4.434731000000000201e+00 -2.075752000000000042e+00 6.096205000000000318e+00 1.054973000000000027e+01 -3.850795000000000190e+00 -4.156981000000000037e+00 3.602031000000000205e+00
-3.468643000000000143e+00 1.142558000000000007e+01 2.644715999999999845e+00 -1.282783000000000051e+01 -2.672626000000000168e+00 -2.158259000000000150e+00 -2.582069999999999865e+00 5.917101999999999862e+00 9.204575000000000173e+00 -3.697811000000000181e+00 -3.400903000000000009e+00 6.384964000000000084e+00
-2.942619000000000096e+00 1.068551000000000073e+01 1.900007999999999919e+00 -1.105686999999999998e+01 -3.843669999999999920e+00 -4.226818999999999882e+00 -3.789871000000000212e+00 7.848900000000000432e+00 1.086487999999999943e+01 -4.073471999999999760e+00 -3.296644000000000130e+00 6.597678000000000154e+00
-3.204558000000000018e+00 1.077368000000000059e+01 5.024841999999999587e+00 -1.143609999999999971e+01 -6.706526000000000209e+00 -6.611644000000000077e+00 -2.773090999999999973e+00 9.327911999999999537e+00 1.060492999999999952e+01 -6.248225999999999836e+00 -2.253244000000000025e+00 8.231306000000000012e+00
-3.669850999999999974e+00 1.107887000000000022e+01 5.751629000000000325e+00 -1.129720000000000013e+01 -6.920656000000000141e+00 -6.200746999999999787e+00 -3.700114000000000125e+00 8.971591999999999345e+00 8.239162000000000319e+00 -8.143867999999999441e+00 2.952922000000000047e+00 7.895336999999999605e+00
-3.906025000000000080e+00 1.137296000000000085e+01 6.622658000000000378e+00 -1.241905000000000037e+01 -6.315267999999999660e+00 -5.626966999999999608e+00 -4.351885000000000225e+00 8.691625999999999408e+00 6.592168000000000028e+00 -1.004053000000000040e+01 3.898562000000000083e+00 8.828447000000000600e+00
-4.843053000000000274e+00 1.382324999999999982e+01 6.799508000000000330e+00 -1.096062000000000047e+01 -6.140869999999999607e+00 -5.902071000000000289e+00 -3.164797000000000082e+00 6.081122999999999834e+00 5.604441999999999702e+00 -1.048113000000000028e+01 4.553162000000000043e-01 9.378125999999999962e+00
-4.374691999999999581e+00 1.396518000000000015e+01 7.588574000000000375e+00 -1.024815000000000076e+01 -6.750200999999999674e+00 -5.428554000000000102e+00 -4.331631999999999927e+00 7.597212999999999994e+00 3.880716000000000054e+00 -1.199362999999999957e+01 3.908853000000000133e+00 4.493890999999999636e+00
-4.957459000000000060e+00 1.438100000000000023e+01 1.057915000000000028e+01 -9.426334000000000657e+00 -5.150592999999999755e+00 -7.238544000000000089e+00 -5.080523000000000344e+00 8.087704000000000448e+00 -3.516716999999999760e-01 -1.301964000000000077e+01 1.489238000000000062e+00 5.877032999999999952e+00
-5.306199000000000332e+00 1.490149000000000079e+01 1.099512999999999963e+01 -1.024296999999999969e+01 -2.296835999999999878e+00 -2.629665000000000141e+00 -6.798325000000000173e+00 7.111436000000000313e+00 -2.450835000000000097e+00 -1.323109999999999964e+01 2.308955000000000091e+00 3.002403999999999851e+00
-5.608931000000000111e+00 1.608212999999999937e+01 1.219811999999999941e+01 -7.030333999999999861e+00 -4.889147999999999605e+00 -5.660035999999999845e+00 -4.026919999999999611e+00 8.620927999999999258e+00 -1.677253000000000105e+00 -8.756145000000000067e+00 6.662708999999999993e-01 1.511662999999999979e+00
-5.377970999999999613e+00 1.571777999999999942e+01 1.120576999999999934e+01 -4.744296000000000291e+00 -2.345667999999999864e+00 -6.058971999999999802e+00 -7.057007999999999726e+00 7.705302999999999791e+00 -9.549562000000000328e-01 -6.967590999999999646e+00 -1.043571999999999944e+00 -6.649340999999999724e-01
-6.308557999999999666e+00 1.606562999999999874e+01 1.127833000000000041e+01 -6.657502000000000031e+00 -2.629013000000000044e-01 -2.752089999999999925e+00 -1.097175000000000011e+00 5.382935999999999943e+00 -4.991990999999999623e+00 -8.965903000000000844e+00 -2.791869000000000156e+00 -3.177819000000000060e-01
-6.912796000000000163e+00 1.617598999999999876e+01 1.217609000000000030e+01 -4.920355999999999952e+00 -6.493065000000000087e-01 4.721197999999999784e-01 4.061311000000000226e-01 5.118051999999999602e+00 -5.376824000000000048e+00 -1.024383000000000088e+01 -4.952867999999999604e+00 -3.501790999999999876e+00
-6.871387999999999607e+00 1.728779000000000110e+01 1.207943999999999996e+01 -3.502129000000000048e+00 4.929241999999999790e-01 -6.701616999999999713e-01 -1.843304999999999971e+00 2.690421999999999869e+00 -5.908858000000000388e+00 -8.591941999999999524e+00 -4.465424999999999756e+00 -3.235400999999999971e+00
-6.725389999999999979e+00 1.658669000000000082e+01 1.197073999999999927e+01 -3.724184000000000161e+00 3.526537999999999951e+00 -2.715503000000000000e+00 -2.779074000000000044e+00 3.849248999999999921e+00 -7.234830999999999790e+00 -8.129251000000000005e+00 -3.105728000000000044e+00 -4.250268000000000157e+00
-6.999903999999999904e+00 1.646239999999999881e+01 1.268695999999999913e+01 -2.872516000000000069e+00 1.102559000000000067e+00 -2.512166000000000121e+00 -4.184800000000000075e+00 2.239523000000000152e+00 -6.556771999999999601e+00 -4.381140000000000256e+00 -4.273697000000000301e+00 -3.723700000000000010e+00
-7.699224000000000068e+00 1.802927999999999997e+01 1.363494999999999990e+01 -3.684280999999999917e+00 4.817020000000000191e-01 -2.792546999999999890e+00 -2.059181000000000150e+00 4.093080999999999747e+00 -5.447292000000000023e+00 -6.671821999999999697e+00 -4.822340999999999767e+00 -6.881617000000000317e+00
-7.576535999999999937e+00 1.718796000000000035e+01 1.546808000000000050e+01 -2.715342000000000144e+00 5.068759999999999932e-01 -2.881550999999999974e+00 -3.514618000000000020e+00 2.447219000000000033e+00 -6.888363000000000014e+00 -6.277122999999999564e+00 -3.799793999999999894e+00 -5.730572999999999695e+00
-7.628065000000000317e+00 1.677582999999999913e+01 1.369194000000000067e+01 -2.264225999999999850e+00 1.845039000000000096e+00 -1.937330999999999914e+00 -1.650444000000000022e+00 1.020051999999999959e+00 -5.827818999999999861e+00 -6.441326000000000107e+00 -6.657836999999999783e+00 -3.767684000000000033e+00
-7.538196000000000119e+00 1.712340000000000018e+01 1.340346000000000082e+01 -1.211216999999999988e+00 2.936315000000000008e+00 -3.289195999999999787e-01 -3.926576999999999984e+00 -2.112363999999999908e+00 -5.654780999999999835e+00 -6.824125999999999692e+00 -4.196788999999999881e+00 -7.819768000000000274e-01
-7.486360999999999599e+00 1.714786000000000143e+01 1.399540999999999968e+01 -1.260766999999999964e-02 1.258758999999999961e+00 2.409899000000000069e-01 -4.163166000000000366e+00 -2.722255999999999787e+00 -3.121847999999999956e+00 -8.129929999999999879e+00 -4.230097999999999914e+00 -3.179488999999999788e+00
-8.117283000000000470e+00 1.746014999999999873e+01 1.373337000000000074e+01 6.995519000000000043e-01 7.109974000000000016e-01 1.433578000000000019e+00 -1.315352999999999994e+00 -4.401110000000000078e+00 -6.003598000000000212e+00 -6.527676999999999730e+00 -3.633792000000000133e+00 -3.739355999999999902e+00
-7.465196999999999861e+00 1.662395000000000067e+01 1.318459999999999965e+01 1.280732999999999899e+00 5.426655000000000229e-01 8.787960000000000216e-01 -4.688356999999999886e+00 -2.073401000000000050e+00 -5.239410999999999596e+00 -8.850315000000000154e+00 -2.804326000000000096e+00 -1.981478000000000073e+00
-7.999196000000000417e+00 1.628008000000000166e+01 1.493370999999999960e+01 1.501873999999999931e+00 2.842897999999999925e+00 -1.713589000000000029e+00 -6.870591000000000115e+00 -2.628905000000000269e-01 -4.782543999999999684e+00 -9.839271999999999352e+00 -3.310995999999999828e+00 -2.302786999999999917e+00
-7.656896999999999842e+00 1.592853999999999992e+01 1.342520000000000024e+01 -2.654273999999999800e-01 3.360329999999999817e+00 -9.743786999999999587e-02 -6.407538999999999874e+00 -1.049058000000000046e+00 -6.118695999999999913e+00 -1.120796999999999954e+01 -1.968361000000000027e+00 -3.791610000000000258e-01
-8.321251000000000175e+00 1.627952000000000155e+01 1.464112000000000080e+01 -5.764261000000000523e-01 4.967824000000000240e+00 -1.007182000000000022e+00 -9.331759999999999167e+00 1.398681999999999981e+00 -4.643957000000000335e+00 -1.112331999999999965e+01 -2.814887000000000139e+00 -1.428320999999999952e+00
-7.703825000000000145e+00 1.626330000000000098e+01 1.328359999999999985e+01 6.191370000000000484e-01 3.750071000000000154e+00 4.235720000000000041e-01 -1.011608999999999980e+01 1.107119000000000020e-01 -4.340944000000000358e+00 -1.035159999999999947e+01 -1.063881999999999994e+00 -1.796346999999999916e+00
-7.823751999999999818e+00 1.477890999999999977e+01 1.410821999999999932e+01 2.864663000000000181e+00 2.379757999999999818e+00 -5.815091000000000010e-01 -9.051904999999999646e+00 -9.758457000000000381e-01 -6.701622999999999664e+00 -7.078420000000000378e+00 5.804266999999999621e-01 -4.251758999999999844e+00
-7.607821000000000389e+00 1.463982999999999990e+01 1.519721999999999973e+01 2.247539999999999871e+00 1.666090999999999989e+00 -6.855087000000000153e+00 -9.458800000000000097e+00 4.732194999999999929e+00 -6.063887000000000249e+00 -6.440305999999999642e+00 8.322724000000000233e-01 -3.923243999999999954e+00
-7.822218000000000337e+00 1.163433999999999990e+01 1.586525999999999925e+01 2.211291999999999813e+00 2.955119999999999969e+00 -7.510835000000000150e+00 -1.368058000000000085e+01 5.818438999999999695e+00 -5.029964999999999797e+00 -6.194850999999999885e+00 4.452622999999999998e+00 -4.080047000000000423e+00
-7.931409999999999627e+00 9.206804999999999239e+00 1.490462999999999916e+01 2.236879000000000062e+00 7.355406999999999584e+00 -1.155649000000000015e+01 -1.920497999999999905e+01 7.288338999999999679e+00 7.734676999999999802e-01 -3.789261999999999908e+00 1.800931000000000060e+00 -2.929748000000000019e+00
-7.593405999999999878e+00 9.823715999999999227e+00 1.457559999999999967e+01 1.025476000000000054e+00 8.936816999999999567e+00 -1.221188000000000073e+01 -2.488310999999999851e+01 3.790490999999999833e+00 3.010044000000000164e+00 -5.810155000000000181e-01 3.818404999999999827e+00 -3.723451999999999984e+00
-7.409987000000000101e+00 1.016872000000000043e+01 1.388171999999999962e+01 6.617813000000000168e-01 8.548593000000000330e+00 -1.424666999999999994e+01 -2.629711999999999961e+01 6.457867000000000246e+00 6.793394000000000155e+00 -3.397622999999999838e+00 1.949600999999999917e+00 -1.581892999999999994e+00
-7.916687999999999725e+00 1.107146999999999970e+01 1.383206999999999987e+01 7.047301999999999733e-01 9.334747999999999379e+00 -1.682181999999999888e+01 -2.712978999999999985e+01 4.639502000000000237e+00 6.987963999999999842e+00 -2.384187999999999974e+00 1.084389000000000047e+00 -1.904195000000000082e+00
-7.928036999999999779e+00 9.364943999999999491e+00 1.316344999999999921e+01 1.502483000000000013e+00 1.010392000000000046e+01 -1.689322999999999908e+01 -2.894885000000000019e+01 6.652052000000000298e+00 8.010531999999999542e+00 -3.010063000000000155e+00 -6.137378000000000278e-02 -9.763024999999999620e-01
-8.207150999999999641e+00 1.051856000000000080e+01 1.398424999999999940e+01 -7.052726999999999746e-01 9.873713000000000406e+00 -1.609044000000000096e+01 -2.630033999999999850e+01 6.448126000000000246e+00 5.267369999999999663e+00 -3.619619000000000142e+00 2.074170000000000069e+00 -1.458211000000000090e-01
-8.029560999999999282e+00 9.862113000000000795e+00 1.195370999999999917e+01 1.246617000000000086e+00 1.072658999999999985e+01 -1.735091999999999857e+01 -2.617053999999999903e+01 7.275141999999999776e+00 4.662126999999999910e+00 -2.683696999999999999e+00 3.460675000000000168e+00 -3.592812000000000228e-01
-8.249784999999999258e+00 5.158917999999999893e+00 1.128684999999999938e+01 3.088546000000000014e+00 1.126130999999999993e+01 -1.657873000000000019e+01 -2.585708999999999946e+01 7.766574999999999562e+00 5.634585999999999650e+00 -3.047798999999999925e+00 4.192382000000000275e+00 -3.101485000000000006e-02
-1.014010000000000034e+01 2.838891999999999971e+00 1.400745000000000040e+01 1.547868999999999939e+00 1.295585999999999949e+01 -1.508852000000000082e+01 -2.821561000000000163e+01 1.041164000000000023e+01 7.099929000000000379e+00 -3.614520000000000177e+00 3.542457999999999885e+00 -1.607310000000000128e-01
-8.015758999999999190e+00 6.596953000000000067e+00 1.179712999999999923e+01 1.489079999999999959e+00 1.032198999999999955e+01 -1.610873000000000133e+01 -2.563615000000000066e+01 1.013011000000000017e+01 3.443030999999999953e+00 -2.602444999999999897e+00 3.729039999999999910e+00 -1.785164999999999891e+00
-8.389341999999999189e+00 9.044684999999999420e+00 1.063907999999999987e+01 -6.897379999999999622e-01 8.959262000000000725e+00 -1.278389999999999915e+01 -2.195981000000000094e+01 6.626915000000000333e+00 2.778283000000000058e+00 -2.764072000000000195e-01 4.517885999999999846e+00 6.844118000000000146e-01
-8.125564000000000675e+00 7.968719000000000108e+00 8.671412000000000120e+00 -1.498456000000000010e+00 1.196345999999999954e+01 -1.130987999999999971e+01 -2.580736999999999881e+01 8.556513000000000702e+00 3.792238999999999916e+00 4.548568000000000056e-01 4.131452000000000346e+00 3.797529000000000043e-01
-1.019407999999999959e+01 7.750567000000000206e+00 1.060618000000000016e+01 -2.517203000000000079e-01 1.151244999999999941e+01 -1.310755999999999943e+01 -2.593440999999999974e+01 9.304346000000000672e+00 3.268818000000000001e+00 -3.967743000000000020e+00 4.148241999999999763e+00 4.387533999999999601e+00
-1.106670000000000087e+01 8.162409999999999499e+00 9.427576000000000178e+00 -1.804434000000000038e-01 1.015609000000000073e+01 -1.085816999999999943e+01 -2.427920999999999907e+01 7.395172999999999774e+00 5.096041000000000043e-01 -9.301591999999999638e-01 3.639946000000000126e+00 9.644694999999999796e-01
-1.421025999999999989e+01 6.841840000000000366e+00 5.415849999999999831e+00 -2.133856000000000197e+00 9.138816000000000273e+00 -6.983492000000000033e+00 -1.935410999999999859e+01 1.742747999999999964e+00 -3.165303000000000200e+00 -2.065300999999999831e+00 3.235638999999999932e+00 7.757891999999999566e-02
-1.164761999999999986e+01 8.393359999999999488e+00 7.179645999999999972e+00 9.779581999999999997e-01 7.432445999999999664e+00 -1.160574000000000083e+01 -2.176878999999999920e+01 5.574607000000000312e+00 1.115237000000000034e+00 -1.288624999999999909e-01 2.755237000000000158e+00 -1.803623000000000032e-01
-1.606193000000000026e+01 4.636150999999999911e+00 -2.421641999999999961e-01 1.832515000000000116e-01 1.687929000000000013e+00 -5.768388999999999989e+00 -1.164517999999999986e+01 4.557205999999999757e-01 1.719697000000000031e+00 3.934734999999999872e+00 7.153871999999999787e+00 1.446058999999999983e+00
-2.237144999999999939e+01 -6.100041999999999964e-01 -3.386680000000000135e+00 2.116865000000000219e+00 5.826770999999999923e+00 5.420481999999999800e+00 1.893345999999999918e-01 -3.376453000000000149e+00 -3.438953999999999844e+00 1.534923999999999955e+00 4.938170000000000393e+00 2.733280999999999850e+00
