-1.419129000000000040e+01 -2.269953000000000110e+00 -5.931004999999999860e+00 -3.953108999999999984e+00 -5.314752000000000365e+00 -2.545584999999999987e+00 9.454394000000000409e-01 1.259882999999999953e+01 4.753059000000000367e+00 -7.091510000000000424e+00 2.876691000000000109e+00 2.130855999999999861e-01
-1.271700000000000053e+01 -5.173764000000000252e+00 -5.482395000000000351e+00 -6.191322000000000436e+00 -5.048429999999999751e+00 -3.639247999999999816e+00 5.101099999999999524e-01 1.433996999999999922e+01 5.029777000000000164e+00 -7.674407000000000423e+00 2.916688000000000169e+00 2.461456000000000088e+00
-1.138255999999999979e+01 4.010409000000000113e+00 -2.409829999999999917e+00 -2.793282000000000265e-01 8.386474999999999902e-01 -4.454506999999999772e-01 3.129811999999999816e+00 9.598568000000000211e+00 2.998493999999999993e+00 -5.658675999999999817e+00 -6.616997000000000018e-01 1.110406000000000004e+00
-3.320415999999999812e+00 1.088551999999999964e+01 -1.051768000000000036e+00 -8.379692000000000363e+00 -1.982186999999999977e-01 -4.800688000000000066e+00 7.804868000000000361e-01 1.065794999999999959e+01 6.998977000000000004e+00 -8.343158999999999992e+00 -1.908827999999999969e+00 4.932202000000000114e-02
-1.975233999999999934e+00 1.123516000000000048e+01 -1.876476999999999951e+00 -9.812250999999999834e+00 -3.673791000000000029e+00 -6.391829000000000427e+00 2.846710999999999991e+00 1.474358999999999931e+01 6.339548999999999879e+00 -1.183766999999999925e+01 -3.429319000000000006e+00 -8.823811999999999767e-01
-2.042806000000000122e+00 1.142963999999999913e+01 -2.733511000000000024e+00 -9.766704999999999970e+00 -2.751816999999999958e+00 -5.795974000000000181e+00 6.746081000000000438e-01 1.134135999999999989e+01 8.972341999999999373e+00 -8.529799999999999827e+00 -4.235577000000000147e+00 -4.258704999999999852e-01
-2.838459999999999983e+00 1.203823000000000043e+01 -1.803965999999999958e+00 -1.086281999999999925e+01 -4.783432000000000239e-01 -5.141881999999999842e+00 1.348051000000000110e+00 7.894567000000000334e+00 9.160857999999999279e+00 -5.542671000000000348e+00 -2.675389000000000017e+00 -1.658271000000000051e+00
-3.221966999999999803e+00 1.181206000000000067e+01 -9.569790000000000241e-01 -9.547567000000000803e+00 1.077361999999999931e+00 -6.188824000000000325e+00 2.454550999999999927e+00 6.602844000000000158e+00 6.421693000000000318e+00 -6.612270999999999788e+00 -3.330017000000000116e-01 6.288542000000000298e-01
-2.928183000000000202e+00 1.074274999999999913e+01 -1.478101000000000109e+00 -8.172584999999999766e+00 4.570287000000000099e-01 -4.806282000000000387e+00 2.524985000000000035e+00 5.626004000000000005e+00 7.824209999999999887e+00 -7.900960999999999679e+00 -2.992058000000000106e+00 9.637347000000000552e-01
-2.824362999999999957e+00 1.136700000000000088e+01 -2.477536000000000183e+00 -8.978239000000000303e+00 1.444366000000000039e+00 -5.624883999999999773e+00 8.350165000000000504e-01 9.342698999999999643e+00 8.335247999999999990e+00 -9.083121000000000222e+00 -3.523448000000000135e+00 1.364597999999999978e+00
-2.965101999999999904e+00 1.107344999999999935e+01 -1.747616000000000058e+00 -1.051047999999999938e+01 2.000148999999999955e+00 -8.172814000000000689e+00 2.450006999999999824e+00 1.056879999999999953e+01 6.035954000000000264e+00 -8.576603999999999672e+00 -3.041377000000000219e+00 1.128492000000000051e+00
-3.244788999999999923e+00 1.017350000000000065e+01 -1.557164999999999910e+00 -9.146243999999999374e+00 9.100994999999999502e-01 -7.583539000000000030e+00 2.532255999999999840e+00 1.301565000000000083e+01 4.369212000000000096e+00 -9.693296000000000134e+00 -2.998975000000000168e+00 1.279139000000000026e+00
-3.460036000000000111e+00 1.020481999999999978e+01 2.364028999999999991e-01 -1.119754999999999967e+01 -1.836036000000000057e-01 -6.389197000000000237e+00 7.454969000000000179e-01 1.152171000000000056e+01 5.803525999999999740e+00 -1.131765000000000043e+01 -3.369172999999999973e+00 2.636944999999999872e+00
-4.436255000000000059e+00 9.926928999999999448e+00 2.439703999999999873e+00 -1.028748000000000040e+01 5.223910999999999971e-01 -9.554370000000000474e+00 -4.868761999999999812e-01 1.336025000000000063e+01 1.973389000000000060e+00 -1.180264000000000024e+01 -6.734282000000000323e-01 2.864306000000000019e+00
-4.496667999999999665e+00 9.108924000000000021e+00 4.521569999999999645e+00 -9.499871999999999872e+00 -3.159522000000000164e-01 -1.047596000000000060e+01 -2.661706000000000127e+00 1.521653000000000056e+01 7.438690999999999498e-01 -1.206853000000000087e+01 2.266208999999999918e+00 6.534982000000000291e-01
-5.172166999999999959e+00 1.064076999999999984e+01 5.399570999999999898e+00 -8.782303999999999888e+00 -4.275959999999999761e-01 -1.380432000000000059e+01 -1.628365999999999980e+00 1.546992000000000012e+01 4.039340000000000153e-01 -1.346001000000000047e+01 7.451159000000000532e-01 2.975004999999999900e+00
-4.657990999999999993e+00 9.630831000000000586e+00 5.889242000000000310e+00 -8.841599000000000430e+00 -3.525202999999999864e+00 -1.310383999999999993e+01 -2.123224000000000000e+00 1.411464999999999925e+01 9.433633000000000157e-01 -1.428726999999999947e+01 2.151028999999999858e+00 4.736855000000000260e+00
-4.873909000000000269e+00 1.008463000000000065e+01 7.396695000000000242e+00 -6.502411000000000385e+00 -6.149441000000000379e+00 -1.551390999999999920e+01 -4.468876999999999988e-01 1.261410000000000053e+01 -1.347223999999999977e+00 -1.050905999999999985e+01 2.378681999999999963e+00 5.160969999999999835e+00
-4.956248999999999683e+00 1.108145999999999987e+01 8.650356999999999630e+00 -3.787250999999999923e+00 -5.594470000000000276e+00 -1.739524000000000115e+01 -6.259272000000000169e-01 1.249525000000000041e+01 -5.776600000000000179e+00 -1.002637999999999963e+01 3.351844999999999963e+00 4.011047999999999725e+00
-5.447379999999999889e+00 1.166164000000000023e+01 9.882179000000000713e+00 -5.011415000000000397e+00 -5.283084999999999809e+00 -1.682308000000000092e+01 -1.523395999999999972e+00 1.222162999999999933e+01 -5.842845999999999762e+00 -9.574419999999999931e+00 3.278467000000000020e+00 7.816868999999999623e-01
-6.494303999999999633e+00 1.117980000000000018e+01 1.196230000000000082e+01 -3.524286000000000030e+00 -2.975103999999999971e+00 -1.449164000000000030e+01 -4.666584000000000287e+00 1.191169999999999973e+01 -8.060373000000000232e+00 -1.223277000000000037e+01 3.078781999999999908e+00 1.451646999999999910e+00
-6.443512000000000128e+00 1.398781999999999925e+01 1.111224999999999952e+01 -3.835805000000000131e+00 -2.334877999999999787e+00 -1.386486000000000018e+01 -2.747135999999999800e+00 8.750486999999999682e+00 -8.223527000000000697e+00 -1.137880999999999965e+01 7.078254000000000490e-01 -8.038781000000000398e-01
-6.498107000000000077e+00 1.319275999999999982e+01 1.227854999999999919e+01 -2.914137999999999895e+00 -2.526197000000000026e-01 -1.241290000000000049e+01 -6.447890000000000121e+00 6.593765000000000320e+00 -8.877655999999999992e+00 -1.135239999999999938e+01 2.974127999999999883e+00 -3.834696000000000105e+00
-6.356025999999999954e+00 1.424604000000000070e+01 1.254588000000000036e+01 -2.223209000000000213e+00 -2.222421999999999898e+00 -1.186243999999999943e+01 -5.812617999999999618e+00 5.116743999999999737e+00 -9.104784000000000432e+00 -1.281883000000000017e+01 1.526713999999999904e+00 -3.463445999999999803e+00
-6.647572000000000259e+00 1.336866999999999983e+01 1.287218999999999980e+01 -9.689676999999999873e-01 -2.266674000000000078e+00 -1.289194999999999958e+01 -4.168091000000000435e+00 2.508537000000000017e+00 -1.090667000000000009e+01 -1.147788000000000075e+01 -1.688030000000000086e-01 -2.860859000000000041e+00
-7.200457000000000107e+00 1.484407000000000032e+01 1.255330999999999975e+01 -1.035882999999999943e-01 -1.647558000000000078e+00 -1.484895999999999994e+01 -4.177634000000000292e+00 3.130049000000000081e+00 -1.076093000000000011e+01 -8.410349999999999326e+00 -2.241435000000000066e+00 -2.757315000000000182e+00
-6.775781000000000276e+00 1.424022000000000077e+01 1.212348000000000070e+01 -1.001624000000000070e+00 -3.869877999999999929e+00 -1.409911999999999921e+01 -1.781503999999999976e+00 3.441218000000000110e+00 -1.074427000000000021e+01 -6.312496000000000329e+00 -4.417818999999999718e+00 -2.593948999999999838e+00
-7.228201999999999572e+00 1.494313000000000002e+01 1.168011000000000088e+01 -2.781795999999999935e+00 -2.227294000000000107e+00 -1.270078999999999958e+01 -2.502660999999999802e+00 3.037606999999999946e+00 -1.062313999999999936e+01 -5.127176999999999651e+00 -4.133028000000000368e+00 -6.204496999999999929e+00
-8.148932000000000286e+00 1.677145000000000152e+01 1.309539999999999971e+01 -5.188443999999999612e+00 -3.162259999999999849e+00 -1.035322999999999993e+01 -1.274831999999999965e+00 -2.432199000000000222e+00 -1.056446000000000041e+01 -3.102831999999999812e+00 -3.620884000000000214e+00 -7.863399000000000250e+00
-8.837633000000000294e+00 1.611879000000000062e+01 1.165041000000000082e+01 -3.690142999999999951e+00 2.459204999999999863e-01 -1.052826999999999913e+01 -1.736971000000000043e+00 -1.180094999999999894e+00 -8.789832999999999785e+00 -3.338862000000000219e+00 -4.353162000000000198e+00 -6.305458999999999925e+00
-8.641851000000000838e+00 1.557502999999999993e+01 1.224971999999999994e+01 -3.444364999999999899e+00 -4.121688000000000018e-01 -9.758691000000000670e+00 -2.196802999999999950e-01 7.360290999999999917e-01 -6.925868999999999609e+00 -4.216078000000000436e+00 -5.457442999999999600e+00 -5.242386999999999908e+00
-8.276916999999999192e+00 1.504620000000000068e+01 1.250656999999999996e+01 -3.125112000000000112e+00 -2.989010999999999751e-01 -9.134539999999999438e+00 -2.833928999999999920e+00 6.002537999999999485e-01 -7.083344000000000307e+00 -4.105528999999999762e+00 -1.732901000000000025e+00 -7.048555000000000348e+00
-8.627532000000000423e+00 1.567300000000000004e+01 1.282762999999999920e+01 -3.519559999999999800e+00 -2.700768000000000058e-01 -8.992732000000000170e+00 -4.680215999999999710e+00 9.196765999999999552e-01 -8.801947000000000187e+00 -6.437402999999999764e+00 -1.587045999999999957e+00 -6.128777000000000363e+00
-8.193232999999999322e+00 1.505129999999999946e+01 1.192385999999999946e+01 -3.318468000000000195e+00 -6.780840000000000201e-01 -6.459937000000000040e+00 -5.752634999999999721e+00 1.630330000000000057e+00 -9.068823000000000079e+00 -7.949487999999999666e+00 -2.371650999999999954e+00 -4.620919999999999916e+00
-7.713290999999999897e+00 1.568028999999999940e+01 1.168448000000000064e+01 -3.174955000000000194e+00 -1.941891999999999951e+00 -7.547677000000000191e+00 -5.603132999999999697e+00 1.395097000000000032e+00 -7.892299000000000397e+00 -1.001030000000000086e+01 -5.161462999999999468e-01 -6.499232000000000120e+00
-7.611709000000000280e+00 1.441503999999999941e+01 1.210557000000000016e+01 -3.757603000000000026e+00 -7.150279999999999969e-01 -9.418813999999999353e+00 -3.856816999999999940e+00 1.156973999999999947e+00 -8.661127000000000464e+00 -1.019752000000000081e+01 -7.729698999999999875e-01 -5.222513000000000183e+00
-7.640348999999999613e+00 1.463028000000000084e+01 1.184436000000000000e+01 -2.061218999999999912e+00 -2.150970000000000049e+00 -8.728858000000000672e+00 -5.182344999999999757e+00 9.553272000000000153e-02 -6.135083999999999982e+00 -8.770711999999999620e+00 -2.756886999999999865e+00 -4.391770000000000174e+00
-7.142730000000000246e+00 1.579574000000000034e+01 1.051817999999999920e+01 -2.716483999999999899e+00 -2.495239000000000207e+00 -6.980445999999999707e+00 -5.348659999999999748e+00 -1.842464000000000102e+00 -6.063918000000000141e+00 -9.748426999999999509e+00 -2.530437000000000047e+00 -2.664700999999999986e+00
-6.675765000000000171e+00 1.453558999999999912e+01 9.866889999999999716e+00 -2.047468999999999983e+00 -1.196517000000000053e+00 -6.087814999999999976e+00 -9.067137999999999920e+00 -8.825448999999999655e-01 -6.501139000000000223e+00 -8.893034000000000106e+00 -1.283007999999999926e+00 -2.521009999999999973e+00
-6.030022999999999911e+00 1.367132999999999932e+01 8.124430999999999514e+00 -6.286595999999999851e-01 -7.864799999999999569e-01 -7.419359000000000037e+00 -5.806256000000000306e+00 -7.628644999999999454e-01 -8.473368999999999929e+00 -8.674231999999999942e+00 -1.120915000000000106e+00 -1.333725000000000049e+00
-6.070969999999999978e+00 1.253974000000000011e+01 8.826394000000000517e+00 -2.715940000000000021e-01 -2.940293999999999963e-01 -7.541425000000000267e+00 -7.754332999999999920e+00 3.677690000000000126e+00 -1.089606999999999992e+01 -1.090244999999999997e+01 1.111768000000000062e-01 -4.080142000000000380e+00
-5.802469999999999573e+00 1.056502000000000052e+01 1.015518999999999927e+01 2.036656999999999940e+00 2.463265000000000038e-01 -1.073259000000000007e+01 -8.458676000000000528e+00 3.450709999999999944e+00 -1.022112000000000087e+01 -9.496029999999999305e+00 5.860296000000000394e-01 -4.703597000000000250e+00
-6.045908999999999978e+00 8.383426000000000045e+00 1.085890000000000022e+01 3.902766000000000179e+00 3.540427000000000213e+00 -1.548759000000000086e+01 -1.202401000000000053e+01 2.389269000000000087e+00 -1.164974999999999916e+01 -8.466915999999999443e+00 2.790382000000000140e+00 -2.493783000000000083e+00
-5.933139999999999858e+00 8.570627999999999247e+00 1.137434000000000012e+01 3.296914000000000122e+00 3.183978999999999893e+00 -1.776407999999999987e+01 -1.472188000000000052e+01 3.169255000000000155e+00 -1.001972999999999914e+01 -9.283545000000000158e+00 4.331623999999999697e+00 -4.715811999999999782e-01
-6.130710999999999800e+00 8.975623999999999825e+00 1.218988000000000049e+01 3.125040999999999958e+00 8.922364999999999879e-01 -1.782034000000000162e+01 -1.262201999999999913e+01 6.975503999999999927e+00 -6.921325999999999645e+00 -8.067790000000000461e+00 3.109456000000000220e+00 -2.051382999999999956e+00
-6.408831000000000166e+00 7.565783999999999843e+00 1.165695999999999977e+01 3.488553000000000015e+00 4.244798000000000293e+00 -1.902719000000000094e+01 -1.439241999999999955e+01 8.037770000000000081e+00 -2.789865999999999957e+00 -6.888787999999999911e+00 1.251244999999999941e+00 -1.046343999999999941e+00
-6.915848000000000440e+00 6.741586999999999996e+00 1.279138000000000019e+01 1.920328000000000035e-01 6.728972999999999871e+00 -1.760648000000000124e+01 -1.845080000000000098e+01 9.311747999999999692e+00 -1.266215000000000090e+00 -5.930884999999999962e+00 2.976233000000000128e+00 -2.391430000000000167e+00
-6.803078000000000181e+00 6.867238000000000397e+00 1.261970999999999954e+01 2.035798000000000219e+00 6.491476999999999720e+00 -1.949999000000000038e+01 -1.866393000000000058e+01 1.011318999999999946e+01 1.558880000000000043e+00 -7.268388999999999989e+00 2.185312999999999839e+00 -7.114629999999999566e-01
-6.537263000000000268e+00 6.909849999999999604e+00 1.175219000000000058e+01 3.332148000000000110e+00 6.745212999999999681e+00 -2.038933000000000106e+01 -1.970180999999999827e+01 1.015116000000000085e+01 1.721656000000000075e+00 -4.845492000000000132e+00 1.813309000000000060e+00 -5.421346000000000220e-01
-6.478640999999999650e+00 6.719735000000000014e+00 1.116948000000000008e+01 2.246341999999999839e+00 8.285085000000000477e+00 -2.068775000000000119e+01 -2.068971000000000160e+01 9.659233000000000402e+00 4.040255000000000152e+00 -3.180359999999999854e+00 1.982018999999999975e+00 -3.651057999999999915e+00
-7.216343000000000174e+00 6.761981999999999715e+00 1.223442999999999969e+01 1.665842000000000045e+00 9.110435999999999979e+00 -2.127076999999999884e+01 -2.027891999999999939e+01 8.414557000000000286e+00 5.741444999999999688e+00 -1.113955999999999974e-01 1.405218999999999996e+00 -2.956455000000000055e+00
-7.266687000000000118e+00 6.894188999999999901e+00 1.160411000000000037e+01 1.598810999999999982e+00 1.145414000000000065e+01 -1.805000000000000071e+01 -2.244602000000000075e+01 7.133563999999999794e+00 5.069145999999999930e+00 -1.389461000000000057e+00 1.362816000000000027e+00 -1.404676000000000036e+00
-7.771913999999999767e+00 8.063653999999999655e+00 1.219818000000000069e+01 1.719981999999999900e+00 1.186985999999999919e+01 -2.200744999999999862e+01 -2.044659000000000049e+01 9.401301000000000130e+00 3.979309000000000207e+00 5.995658999999999850e-01 1.681890000000000107e+00 -1.343661999999999912e+00
-7.539214000000000304e+00 7.823278000000000176e+00 1.153509000000000029e+01 2.851334000000000035e+00 1.094544999999999924e+01 -1.949077000000000126e+01 -2.212428999999999846e+01 1.009337999999999980e+01 3.976659000000000166e+00 3.549216000000000037e-01 3.086600999999999928e+00 -2.398982999999999866e+00
-8.017143000000000796e+00 9.224012000000000100e+00 1.285471000000000075e+01 1.605685999999999947e+00 9.146568000000000254e+00 -2.106250000000000000e+01 -2.062836000000000070e+01 9.238701000000000718e+00 5.648700999999999972e+00 7.336608000000000018e-01 2.234332000000000207e+00 -1.229584000000000010e+00
-8.250961000000000212e+00 8.344091000000000591e+00 1.300148000000000081e+01 -1.383926000000000045e-01 1.012496999999999936e+01 -1.895808999999999855e+01 -2.050158000000000058e+01 9.050100999999999729e+00 4.806434000000000317e+00 1.497455999999999898e+00 2.972925000000000040e+00 -2.817136000000000084e+00
-7.552414999999999878e+00 7.462714000000000070e+00 1.189459000000000088e+01 4.708963999999999928e-01 9.108812000000000353e+00 -1.967699999999999960e+01 -1.906426000000000087e+01 9.005117999999999512e+00 5.129712999999999745e+00 1.697594000000000047e+00 1.160423999999999900e+00 -1.846678000000000042e+00
-6.810013999999999790e+00 6.098764000000000074e+00 9.273256999999999195e+00 -3.544051000000000062e+00 1.071241999999999983e+01 -1.587451000000000079e+01 -1.955321999999999960e+01 8.665060999999999680e+00 3.061332999999999860e+00 9.349467999999999668e-01 2.675803000000000154e+00 -7.019233999999999751e-01
-8.382749999999999702e+00 6.122073000000000320e+00 9.863395999999999830e+00 -2.265747999999999873e+00 1.174685000000000024e+01 -1.732811999999999841e+01 -2.073560000000000159e+01 5.987522000000000233e+00 -4.731589999999999963e-01 2.079052999999999873e-01 5.978120999999999796e+00 3.233874999999999944e-01
-7.417493999999999588e+00 6.587892000000000081e+00 6.829270000000000174e+00 -6.439677999999999791e+00 1.059631000000000078e+01 -1.254615000000000080e+01 -2.225062000000000140e+01 5.459690000000000154e+00 2.809220999999999968e+00 -1.690671999999999953e+00 7.339827999999999797e+00 2.552480000000000082e+00
-9.494113999999999720e+00 6.169419999999999682e+00 8.118315000000000836e+00 -3.306007999999999836e+00 9.338596000000000785e+00 -1.415900000000000070e+01 -1.909515999999999991e+01 6.595003000000000171e+00 2.209602999999999984e+00 2.333610999999999880e+00 9.438924000000000092e+00 -1.590897000000000006e+00
-1.130067000000000021e+01 6.681492999999999682e+00 2.918890999999999902e+00 -2.300981999999999861e+00 5.431875999999999927e+00 -1.132614000000000054e+01 -1.693169999999999931e+01 3.893114999999999881e+00 3.116979000000000166e+00 4.530241000000000184e+00 1.052125000000000021e+01 -1.447802999999999951e+00
-1.455264000000000024e+01 5.385284999999999656e+00 -4.384781999999999846e-01 -6.338158000000000403e-01 3.073958999999999886e+00 -5.809135000000000382e+00 -1.439241999999999955e+01 -4.386703999999999937e+00 -2.770938000000000123e+00 2.278192999999999913e+00 7.035187999999999775e+00 -3.416542999999999886e+00
-1.542145999999999972e+01 6.192001000000000310e+00 -1.324778000000000011e+00 -2.975152000000000019e+00 8.090112000000000414e-01 -8.759786999999999324e+00 -1.536260000000000048e+01 -5.836899999999999977e+00 -1.913907999999999943e+00 3.646421000000000134e+00 7.594546000000000241e+00 -5.318000000000000504e-01
-1.494823000000000057e+01 6.149752999999999581e+00 3.058566999999999814e-01 2.802350999999999814e+00 3.697436000000000056e-01 -7.175883999999999929e+00 -1.204218999999999973e+01 -1.157536999999999949e+01 -2.070626999999999995e+00 -3.184243999999999963e-01 6.749794999999999767e+00 1.926441999999999988e+00
-1.607122999999999990e+01 7.058081999999999745e+00 2.834585999999999828e+00 9.865146999999999666e-01 -1.009767999999999999e+00 -7.080467999999999762e+00 -1.279288000000000025e+01 -7.258619999999999628e+00 -1.566402000000000072e+00 2.532887000000000111e+00 8.088044000000000011e+00 1.075625999999999971e+00
-1.629185000000000016e+01 5.428262000000000143e+00 1.389929000000000026e-01 -7.880715999999999832e-01 -8.883803000000000116e-01 -4.937890000000000335e+00 -1.136466000000000065e+01 -7.074972999999999956e+00 -3.218758999999999926e+00 8.229617000000000182e-01 5.439814000000000149e+00 1.793482999999999938e+00
-8.066591000000000733e+00 4.618267999999999596e+00 1.411769999999999969e-01 -4.437789999999999679e+00 1.915195000000000092e-01 -3.432294000000000178e+00 -5.858969000000000094e+00 7.927169000000000132e+00 4.757601000000000191e+00 -5.127752000000000088e+00 1.947133999999999920e+00 -1.583634999999999904e-01
-5.903381000000000434e+00 1.423821000000000003e+00 6.889444999999999597e-01 -8.286450000000000315e+00 1.600260999999999934e+00 -3.722160999999999831e+00 -6.123891999999999669e+00 9.931195999999999913e+00 6.781312999999999924e+00 -5.901596999999999760e+00 2.897742000000000040e+00 7.357774000000000258e-01
-3.081898999999999944e+00 8.779317999999999955e+00 -3.619810999999999890e+00 -1.079707999999999934e+01 3.406048999999999882e+00 -1.123561000000000032e+00 -1.934641999999999973e+00 6.441068999999999711e+00 6.822195999999999927e+00 -4.453543999999999947e+00 1.662943999999999978e+00 7.252440999999999471e-01
-2.331218999999999930e+00 1.202474999999999916e+01 -1.409958000000000045e+00 -1.329268000000000072e+01 -1.401640000000000108e-01 -4.239050999999999902e+00 1.578438999999999925e+00 8.138880000000000337e+00 5.531350999999999907e+00 -5.971659999999999968e+00 -4.412645000000000040e-01 2.408589999999999787e+00
-3.104274000000000200e+00 1.098750000000000071e+01 -1.762904999999999944e+00 -1.005888999999999989e+01 -1.534289999999999932e+00 -5.384040999999999855e+00 4.616202000000000361e+00 5.356930000000000192e+00 7.432413999999999632e+00 -7.407078000000000273e+00 -3.412478000000000122e+00 2.240653000000000006e+00
-3.090625999999999873e+00 1.135899000000000036e+01 -1.065746000000000082e+00 -7.677590999999999610e+00 -1.573263999999999996e+00 -7.065661999999999665e+00 2.312319000000000013e+00 5.842254999999999754e+00 8.972341999999999373e+00 -8.699500000000000455e+00 -4.370303999999999967e+00 1.961924999999999919e-01
-3.137164999999999981e+00 1.016548000000000052e+01 4.556845999999999952e-01 -7.308065000000000033e+00 3.689316999999999735e-01 -6.156579999999999941e+00 -6.740952000000000055e-01 3.771783999999999804e+00 8.697896000000000072e+00 -6.488226000000000049e+00 -3.755009999999999959e+00 1.690932000000000102e+00
-3.738604000000000038e+00 1.073254999999999981e+01 3.014117000000000157e+00 -8.900036999999999310e+00 -1.000836000000000059e+00 -6.487244999999999706e+00 -1.014906000000000086e+00 3.964097999999999900e+00 8.907610999999999279e+00 -5.720697999999999617e+00 -3.724635999999999836e+00 -8.768164999999999987e-01
-3.187733000000000150e+00 9.952424000000000603e+00 1.440268000000000104e+00 -8.723007000000000843e+00 -1.466898000000000035e+00 -7.528594000000000008e+00 -2.714835999999999916e-01 3.862575999999999787e+00 1.094457000000000058e+01 -6.610547999999999647e+00 -4.731180000000000163e+00 -2.957861999999999991e-02
-2.966220999999999997e+00 1.072635999999999967e+01 6.264798000000000311e-01 -8.172584999999999766e+00 -1.570016000000000078e+00 -9.486919999999999575e+00 9.677057000000000020e-01 3.336395000000000000e+00 1.166342999999999996e+01 -6.284642999999999979e+00 -5.806892000000000387e+00 2.285966000000000165e+00
-2.934448000000000167e+00 1.097401999999999944e+01 1.715899000000000063e+00 -8.190632000000000801e+00 -2.947497999999999951e+00 -8.702866000000000213e+00 1.824767999999999946e-01 4.543929000000000329e+00 1.128034000000000070e+01 -7.123096000000000316e+00 -6.694646999999999792e+00 2.584874000000000116e+00
-3.474356000000000222e+00 1.210852000000000039e+01 2.510467999999999922e+00 -7.501852000000000409e+00 -3.025850999999999846e+00 -9.926491000000000398e+00 5.978483999999999882e-02 4.164666000000000423e+00 1.077989999999999959e+01 -7.227902000000000271e+00 -5.420152999999999999e+00 4.181966000000000072e+00
-3.090177999999999869e+00 1.156803999999999988e+01 2.161888999999999950e+00 -7.101817999999999742e+00 -3.424926999999999833e+00 -9.868912999999999158e+00 -2.397691000000000017e+00 4.829924000000000106e+00 1.315793999999999997e+01 -6.319099999999999717e+00 -6.145514000000000365e+00 1.827666999999999931e+00
-3.266716000000000175e+00 1.180076999999999998e+01 2.399080000000000101e+00 -6.404014000000000095e+00 -3.690841999999999956e+00 -1.489700000000000024e+01 2.124681999999999960e-01 6.188914999999999722e+00 1.247844000000000086e+01 -3.375042000000000098e+00 -7.375200000000000422e+00 2.322932000000000219e+00
-2.966444000000000081e+00 1.046122000000000085e+01 3.890371000000000024e+00 -6.654088999999999920e+00 -5.689874999999999794e+00 -1.400239000000000011e+01 -7.299881999999999760e-01 9.745898000000000394e+00 1.049901999999999980e+01 -5.133780999999999928e+00 -6.162054000000000364e+00 2.506768999999999803e+00
-2.699286999999999992e+00 1.135243000000000002e+01 3.889060000000000183e+00 -7.450289999999999857e+00 -7.194833000000000034e+00 -1.246883000000000052e+01 -1.336178000000000088e+00 1.052216999999999913e+01 9.908488000000000184e+00 -6.825330000000000119e+00 -4.544126000000000332e+00 2.523861000000000132e+00
-2.798185000000000144e+00 1.252299000000000007e+01 4.368684000000000012e+00 -6.804047999999999874e+00 -7.282524000000000441e+00 -1.481639000000000017e+01 -1.004909000000000052e+00 9.773960999999999899e+00 9.436061999999999728e+00 -4.281546999999999770e+00 -3.974241999999999830e+00 1.724917000000000034e+00
-2.620975000000000055e+00 1.359266000000000041e+01 4.239386999999999794e+00 -7.293885999999999648e+00 -7.839525000000000077e+00 -1.622492000000000090e+01 3.174381000000000008e-01 1.274327000000000076e+01 7.106105999999999590e+00 -4.088301000000000407e+00 -4.086714999999999876e+00 -3.255057000000000089e-01
-2.404386000000000134e+00 1.407122999999999990e+01 3.312025999999999915e+00 -8.041102000000000416e+00 -7.797303000000000317e+00 -1.494272999999999918e+01 4.719391000000000003e-01 1.181099999999999994e+01 6.928945999999999827e+00 -3.686015999999999959e+00 -2.745157999999999987e+00 -3.109974999999999823e-01
-2.340168999999999944e+00 1.562856999999999985e+01 4.652614999999999945e+00 -5.784412999999999805e+00 -1.102279000000000053e+01 -1.766899000000000086e+01 -1.010780000000000012e-01 1.363096999999999959e+01 9.302813999999999695e+00 -3.637776000000000121e+00 -1.225870000000000015e+00 -3.613894000000000162e+00
-1.628646000000000038e+00 1.570869000000000071e+01 4.304035999999999973e+00 -6.303898000000000224e+00 -1.071019000000000077e+01 -1.501905999999999963e+01 -1.190309999999999979e+00 1.346053000000000033e+01 7.900297000000000125e+00 -3.511433999999999944e+00 -2.425482000000000138e+00 -2.417466000000000115e+00
-1.947041999999999939e+00 1.635152000000000072e+01 5.070210999999999579e+00 -6.994397000000000197e+00 -1.044143000000000043e+01 -1.382372999999999941e+01 -3.136115000000000208e+00 1.209699999999999953e+01 7.432792000000000066e+00 -2.997164000000000161e+00 -4.854718000000000089e-01 -1.233360000000000012e+00
-1.826440000000000063e+00 1.616431000000000040e+01 7.214541999999999788e+00 -5.098211000000000048e+00 -1.287323999999999913e+01 -1.597189999999999976e+01 -4.229436999999999891e+00 1.392934999999999945e+01 7.573610999999999649e+00 -3.007213999999999832e+00 -1.543063000000000073e-02 -1.755058000000000007e+00
-1.672277000000000013e+00 1.587185999999999986e+01 6.785588999999999871e+00 -5.027313000000000365e+00 -1.101426999999999978e+01 -1.484304000000000023e+01 -3.920434999999999892e+00 1.110200000000000031e+01 5.490846999999999589e+00 -1.999061999999999895e+00 1.877966000000000024e+00 -9.541271000000000058e-01
-2.596810000000000063e+00 1.727040999999999826e+01 9.249231999999999232e+00 -4.203612999999999822e+00 -1.244940000000000069e+01 -1.500853000000000037e+01 -5.063288000000000011e+00 1.082549999999999990e+01 7.273801999999999879e+00 -2.435802999999999940e+00 6.633172999999999986e-01 -2.670755000000000212e-01
-2.474194999999999922e+00 1.824392999999999887e+01 8.837315000000000254e+00 -5.416604999999999670e+00 -1.297798000000000052e+01 -1.360757000000000083e+01 -3.457840000000000025e+00 8.256909000000000276e+00 6.280873999999999846e+00 -8.809339000000000475e-01 1.996453999999999951e+00 -4.596566999999999736e-01
-2.370152000000000037e+00 1.855568999999999846e+01 9.026018999999999792e+00 -5.669258000000000131e+00 -1.223016999999999932e+01 -1.121691000000000038e+01 -5.826704999999999579e+00 4.680117000000000083e+00 8.665340000000000487e+00 2.778392999999999891e+00 -1.748175999999999897e-01 -1.237824000000000008e-01
-2.564589999999999925e+00 1.754757000000000033e+01 1.058807000000000009e+01 -3.382921000000000067e+00 -1.099356000000000044e+01 -1.300908000000000087e+01 -8.290088000000000790e+00 6.245040999999999620e+00 9.016253000000000739e+00 6.558454999999999702e-01 5.012855000000000089e-02 2.528033999999999892e+00
-2.562129000000000101e+00 1.859866999999999848e+01 1.051774999999999949e+01 -3.667370000000000019e+00 -1.218388999999999989e+01 -1.205657000000000068e+01 -7.473049999999999748e+00 3.626929000000000070e+00 7.742822000000000315e+00 -1.118400000000000061e+00 4.331323000000000256e+00 1.723923000000000094e+00
-2.529462000000000099e+00 1.854586000000000112e+01 1.070600999999999914e+01 -3.301280999999999910e+00 -1.303440999999999939e+01 -1.105338000000000065e+01 -7.878388000000000169e+00 3.780863000000000085e+00 6.303587000000000273e+00 2.199653000000000025e-01 7.079996999999999652e+00 -4.739661000000000013e-01
-2.750302000000000024e+00 1.869408999999999921e+01 1.015474999999999994e+01 -1.181659999999999933e+00 -1.308272000000000013e+01 -1.278336999999999968e+01 -7.345359000000000194e+00 1.822232000000000074e+00 7.274937999999999683e+00 1.393510999999999944e+00 5.619951999999999614e+00 6.860918999999999768e-01
-2.988147999999999804e+00 1.716623999999999839e+01 1.105458999999999925e+01 -2.006648999999999905e+00 -1.230851999999999968e+01 -1.141300000000000026e+01 -1.046082999999999963e+01 1.848230999999999957e+00 7.024339999999999584e+00 4.594409999999999883e-01 5.807006000000000334e+00 2.474572999999999912e+00
-3.309229000000000198e+00 1.541150000000000020e+01 1.038888999999999996e+01 -2.457386000000000070e+00 -1.259068000000000076e+01 -1.270078999999999958e+01 -1.047173000000000087e+01 4.960746999999999574e+00 6.627244000000000135e+00 -9.033309000000000477e-01 7.312460999999999878e+00 2.177652000000000143e+00
-3.008509000000000100e+00 1.403370999999999924e+01 1.044524000000000008e+01 -3.378194000000000141e+00 -1.473545999999999978e+01 -1.437451000000000079e+01 -6.262033999999999878e+00 8.373288000000000508e+00 6.778662999999999883e+00 -1.880471999999999921e+00 5.814824999999999910e+00 1.377515999999999963e+00
-3.187062000000000062e+00 1.562346999999999930e+01 9.658091999999999899e+00 -1.640989999999999949e+00 -1.392958999999999925e+01 -1.733239999999999981e+01 -6.588305000000000078e+00 7.866503999999999941e+00 5.127062999999999704e+00 2.538479000000000152e-01 3.233057000000000070e+00 1.328824000000000005e+00
-2.289826000000000139e+00 1.728023999999999916e+01 6.063531000000000226e+00 -2.313442000000000220e+00 -1.068582999999999927e+01 -1.527669000000000032e+01 -6.408811000000000035e+00 5.683368999999999893e+00 5.107377999999999751e+00 -1.159173999999999927e+00 2.074945000000000039e+00 2.802604000000000206e-01
-3.400294999999999845e+00 1.834918000000000049e+01 7.491047000000000011e+00 -4.154628999999999905e+00 -1.144622999999999990e+01 -1.199141999999999975e+01 -5.754908000000000357e+00 5.692034999999999734e+00 7.102699000000000318e+00 -2.678725000000000023e+00 -3.561579000000000272e-01 -3.535588999999999871e+00
-3.948929000000000133e+00 1.734834999999999994e+01 6.933232000000000284e+00 -6.448271000000000086e+00 -1.055145000000000088e+01 -1.183151999999999937e+01 -3.845002000000000031e+00 7.678316999999999837e+00 6.025355000000000238e+00 -3.430172999999999917e+00 -1.196698999999999957e+00 -4.847089000000000425e+00
-5.555450000000000443e+00 1.459421999999999997e+01 8.140155999999999281e+00 -5.659375999999999962e+00 -8.646202000000000609e+00 -1.224674000000000085e+01 -1.958725999999999967e+00 8.680742999999999654e+00 1.857553999999999927e+00 -6.839400000000000368e+00 -3.988615999999999828e-01 -3.511740000000000084e+00
-7.131319000000000408e+00 1.390005000000000024e+01 7.100970000000000226e+00 -3.608503999999999934e+00 -7.283742000000000161e+00 -8.216903999999999542e+00 -1.682895999999999948e+00 7.527684999999999960e+00 2.517581999999999876e-01 -5.273044999999999760e+00 -2.230307999999999957e+00 -4.363748000000000182e+00
-9.465026999999999191e+00 1.286753000000000036e+01 3.449186000000000085e+00 -3.844828999999999830e+00 -4.060281999999999947e+00 -4.258462999999999887e+00 -3.861361000000000043e+00 -7.195319999999999494e-01 -3.407653999999999961e+00 -2.533717999999999915e+00 2.628287999999999958e+00 -7.587635999999999825e-01
-1.329829999999999934e+01 9.288477000000000317e+00 -4.092115000000000058e-01 -7.431384000000000434e+00 -6.928918000000000355e+00 -3.812311999999999923e+00 -3.108849999999999891e+00 1.732264999999999944e+00 -2.514283999999999963e+00 -4.802995000000000125e+00 2.750684999999999825e+00 -5.763182999999999501e-01
-1.414967000000000041e+01 7.499499000000000137e+00 -1.654680000000000040e-01 -6.929085999999999856e+00 -4.301026000000000238e+00 -9.712247000000000519e-01 -5.871237999999999957e+00 2.163527000000000200e+00 -2.869739000000000040e+00 -2.163018999999999803e+00 7.239082999999999934e+00 -7.271636000000000211e-01
-1.112904999999999944e+01 9.334001999999999910e+00 1.469370999999999938e+01 1.141199999999999992e+00 5.383157999999999888e+00 -5.255722999999999701e+00 -1.682354000000000127e+01 6.306943999999999662e+00 -3.940647999999999929e+00 -6.126428999999999903e+00 -2.139488000000000056e+00 -4.197797999999999696e+00
-1.131296999999999997e+01 6.670567000000000135e+00 1.532098000000000049e+01 5.055172999999999917e+00 5.440400999999999598e+00 -5.706481000000000137e+00 -1.692896999999999963e+01 6.459640000000000271e+00 -3.331188000000000038e+00 -8.419537999999999300e+00 -6.641055999999999626e-01 -2.514848999999999890e+00
-1.215315000000000012e+01 4.861557000000000350e+00 1.850667999999999935e+01 8.044040000000000745e+00 7.826329999999999565e+00 -9.012145000000000294e+00 -1.782416999999999874e+01 7.513652999999999693e+00 -3.652732000000000201e-01 -9.595093999999999568e+00 -4.585926999999999865e+00 -4.475241999999999720e+00
-1.007609000000000066e+01 5.127062999999999704e+00 1.773001999999999967e+01 1.193180000000000085e+01 1.016923000000000066e+01 -1.037396000000000029e+01 -1.777418000000000120e+01 6.792269000000000112e+00 5.544599999999999973e+00 -1.097395000000000032e+01 -9.186797999999999575e+00 -3.205677000000000110e+00
-1.018191999999999986e+01 6.584614000000000189e+00 2.269530999999999921e+01 1.154423000000000066e+01 7.085827000000000098e+00 -7.908940000000000303e+00 -1.633596000000000004e+01 4.725100000000000300e+00 3.859309999999999796e+00 -1.184914999999999985e+01 -3.378194999999999837e+00 -1.024481999999999893e+00
-1.043632000000000026e+01 4.392096999999999696e+00 2.189461999999999975e+01 1.486609999999999943e+01 7.277448999999999835e+00 -1.258694999999999986e+01 -1.657133999999999929e+01 9.245304000000000855e+00 1.333644999999999969e+00 -9.244206999999999397e+00 -2.833272000000000013e+00 -5.138842000000000354e+00
-9.735763999999999641e+00 1.005877000000000088e+01 1.999884000000000128e+01 1.153777999999999970e+01 7.616033999999999970e+00 -1.086650000000000027e+01 -1.026270000000000060e+01 6.650303000000000075e+00 6.560462000000000238e-01 -1.035314999999999941e+01 -3.664791000000000132e+00 -1.197785000000000100e+00
-1.002059999999999995e+01 1.041934000000000005e+01 2.158230000000000004e+01 1.094396000000000058e+01 8.344357000000000468e+00 -8.359040000000000248e+00 -9.821011999999999631e+00 4.387106000000000172e+00 1.293897999999999993e+00 -9.695306000000000424e+00 -4.600964000000000276e+00 -3.295110999999999901e+00
-1.004632999999999932e+01 1.154728000000000065e+01 2.052957999999999927e+01 1.106856999999999935e+01 8.267628000000000199e+00 -7.777989999999999959e+00 -6.084357999999999933e+00 4.253394000000000119e+00 -2.744062000000000001e+00 -9.522735000000000838e+00 -1.353981000000000101e+00 -4.411048000000000080e+00
-9.605316999999999439e+00 1.276554999999999929e+01 1.916713999999999984e+01 8.203452000000000410e+00 1.052973000000000070e+01 -4.564780999999999977e+00 -5.827613999999999628e+00 2.796181999999999945e+00 -1.948735000000000106e+00 -9.314844000000000790e+00 -3.530965999999999827e+00 -3.602962999999999916e+00
-9.502169000000000310e+00 1.204660999999999937e+01 2.002636000000000038e+01 1.000596999999999959e+01 7.999277000000000193e+00 -3.759339999999999904e+00 -6.486970000000000347e+00 3.118907000000000096e+00 -4.050805999999999685e+00 -8.881261000000000294e+00 -2.011076000000000086e+00 -3.218793999999999933e+00
-9.740909999999999513e+00 1.319932000000000016e+01 1.918156000000000105e+01 9.765776000000000678e+00 8.054895000000000138e+00 -3.824157000000000028e+00 -6.185238000000000014e+00 3.453186999999999784e+00 -4.082225000000000215e+00 -8.645231000000000776e+00 -2.327443999999999846e+00 -1.700603000000000087e+00
-1.008995999999999960e+01 1.327762000000000064e+01 2.030330000000000013e+01 8.983753999999999351e+00 8.472239999999999327e+00 -4.046574999999999811e+00 -7.526671000000000333e+00 4.644212999999999703e+00 -4.292317999999999856e+00 -8.531810000000000116e+00 7.757903999999999911e-01 -3.731748000000000065e+00
-1.009375999999999962e+01 1.322444999999999915e+01 1.927721999999999980e+01 9.540623000000000076e+00 8.893238999999999450e+00 -4.243329000000000129e+00 -7.590743999999999936e+00 3.197731000000000101e+00 -6.308080000000000354e+00 -8.493332999999999799e+00 1.422962000000000060e+00 -1.408849000000000018e+00
-1.076657999999999937e+01 1.180841999999999992e+01 2.119179000000000102e+01 1.159750999999999976e+01 9.153876000000000346e+00 -5.238942999999999905e+00 -9.371594999999999231e+00 6.869442000000000270e+00 -6.746815999999999924e+00 -8.640924000000000049e+00 -1.200307000000000013e+00 -5.407541000000000153e+00
-1.031304000000000087e+01 1.080575999999999937e+01 1.931916000000000011e+01 1.351173999999999964e+01 1.062879000000000040e+01 -7.107776999999999568e+00 -1.054852999999999952e+01 6.473258999999999652e+00 -6.040826000000000029e+00 -7.282746000000000386e+00 -2.583365000000000133e+00 -6.156600000000000072e+00
-1.062046999999999919e+01 1.049473000000000056e+01 2.167010000000000147e+01 1.126322000000000045e+01 1.028979999999999961e+01 -7.522999999999999687e+00 -1.210716999999999999e+01 6.261135999999999591e+00 -5.546064999999999579e+00 -7.157553000000000054e+00 -2.499160999999999966e+00 -7.136598000000000219e+00
-1.035643999999999920e+01 1.038509999999999955e+01 2.234585999999999828e+01 1.109951000000000043e+01 8.913131999999999167e+00 -1.026242000000000054e+01 -1.614782999999999902e+01 6.798047000000000395e+00 -3.947083000000000119e+00 -6.856340999999999575e+00 -1.711848999999999954e+00 -7.553162000000000376e+00
-9.967567000000000732e+00 1.028167000000000009e+01 2.236245999999999867e+01 9.504099000000000075e+00 1.061985999999999919e+01 -1.203683000000000014e+01 -2.017530999999999963e+01 6.898743999999999765e+00 -2.021037000000000194e+00 -6.721671999999999869e+00 -5.673668000000000156e+00 -6.574754000000000431e+00
-9.052656000000000702e+00 8.762928000000000495e+00 2.155565999999999960e+01 9.633862999999999843e+00 9.428722999999999743e+00 -1.406917999999999935e+01 -2.226198000000000121e+01 6.684143999999999863e+00 -2.839077000000000073e+00 -4.179898999999999809e+00 -2.120842000000000116e+00 -5.851333000000000339e+00
-7.864099000000000395e+00 7.590914999999999857e+00 1.969001000000000090e+01 7.402095000000000091e+00 5.634051999999999616e+00 -1.412676000000000087e+01 -2.211748000000000047e+01 9.475585999999999842e+00 2.248213999999999935e+00 -6.479325000000000223e+00 -2.690125000000000099e+00 -2.200239999999999974e+00
-7.386617000000000210e+00 7.138936000000000170e+00 1.813974999999999937e+01 6.650581999999999994e+00 3.825829000000000146e+00 -1.651084000000000174e+01 -2.256825999999999866e+01 1.114161999999999964e+01 3.595463000000000076e+00 -5.333631999999999707e+00 -6.235070000000000334e-01 -3.219192000000000053e+00
-7.028616999999999670e+00 7.369842000000000226e+00 1.581764000000000081e+01 5.336615000000000109e+00 2.993170000000000108e+00 -1.494931000000000054e+01 -2.350707999999999842e+01 8.941150999999999627e+00 3.188902999999999821e+00 -3.914006000000000096e+00 -9.452265999999999446e-02 -3.145258999999999805e+00
-7.510798000000000307e+00 5.557919000000000054e+00 1.585214999999999996e+01 4.891034000000000326e+00 3.242846000000000117e+00 -1.327196999999999960e+01 -2.516341999999999857e+01 7.578858000000000317e+00 7.169923000000000268e-01 -6.381409999999999805e+00 1.689708999999999905e+00 2.963585000000000247e-01
-7.367150999999999783e+00 3.405098999999999876e+00 1.525719999999999921e+01 4.533539000000000208e+00 4.891925999999999775e+00 -1.241816000000000031e+01 -2.443816999999999950e+01 6.972615000000000229e+00 1.043299999999999894e+00 -6.154855999999999661e+00 1.715572000000000097e+00 2.216315000000000091e-01
-8.219860000000000610e+00 1.761438999999999977e+00 1.583948000000000000e+01 6.690113000000000198e+00 5.498861999999999917e+00 -1.161963000000000079e+01 -2.511389000000000138e+01 6.082441000000000209e+00 1.965818000000000065e+00 -6.225204999999999878e+00 2.185312999999999839e+00 1.267611999999999961e+00
-7.463138999999999967e+00 5.833622000000000085e+00 1.472953000000000046e+01 2.743914000000000186e+00 6.005522000000000027e+00 -1.180683999999999934e+01 -2.300131000000000014e+01 6.641637000000000235e+00 4.270253999999999994e-01 -5.342819999999999681e+00 1.972094999999999931e+00 8.092201999999999729e-02
-7.350817000000000156e+00 8.802262000000000697e+00 1.611511000000000138e+01 3.591245999999999938e+00 4.963377000000000372e+00 -1.410208000000000084e+01 -2.452178999999999931e+01 6.664335000000000342e+00 1.010366000000000097e+00 -3.874092999999999787e+00 1.341765000000000096e+00 -4.133405999999999914e+00
-8.400202999999999420e+00 9.287020000000000053e+00 1.726612000000000080e+01 3.132346000000000075e+00 4.370244999999999713e+00 -1.328217000000000070e+01 -2.420778999999999925e+01 6.383704999999999963e+00 2.482912999999999926e+00 -3.846241000000000021e+00 2.300492000000000203e+00 -1.763404999999999889e+00
-7.923391999999999769e+00 6.815521000000000384e+00 1.338588000000000022e+01 4.995447000000000415e+00 5.629991999999999663e+00 -1.311238999999999955e+01 -2.388697000000000159e+01 8.369574000000000069e+00 3.004929999999999879e+00 -6.727988999999999997e+00 -1.387299999999999922e-01 6.612491999999999814e-01
-8.982174999999999798e+00 7.885193000000000119e+00 1.398432000000000031e+01 2.010876000000000108e+00 5.182198999999999778e+00 -1.190259000000000000e+01 -2.323987999999999943e+01 6.768746000000000151e+00 2.019572000000000145e+00 -4.101221999999999923e+00 6.858720999999999846e-01 -1.532467000000000024e+00
-9.870236000000000232e+00 7.793777000000000399e+00 1.270532000000000039e+01 2.831138999999999850e+00 1.824767000000000028e+00 -1.301895000000000024e+01 -2.286180999999999841e+01 2.446219999999999839e+00 1.795471999999999957e+00 -9.501349000000000045e-01 2.587689999999999824e+00 3.369018999999999764e-01
