-4.741169000000000189e+00 2.047270999999999841e+00 -2.883694000000000202e+00 -3.223953999999999986e+00 -3.203206000000000220e+00 -3.677172000000000107e+00 2.977012000000000214e+00 1.009920999999999935e+01 1.162125999999999948e+01 -1.122874000000000017e+01 -4.510462000000000415e+00 5.725430000000000241e+00
2.562943999999999778e-01 1.066905999999999999e+01 -2.835144999999999804e+00 -5.724305000000000199e+00 -4.474695999999999785e+00 -9.719765000000000654e+00 2.100976000000000177e+00 1.066550999999999938e+01 1.086284999999999989e+01 -1.151318000000000019e+01 -6.008136000000000365e+00 3.351513999999999882e+00
9.206668000000000074e-01 1.280056000000000083e+01 -4.017991999999999564e+00 -9.753360999999999947e+00 -7.336763000000000368e+00 -6.166204999999999714e+00 3.004856999999999889e+00 9.628842000000000567e+00 1.321410000000000018e+01 -7.735707999999999807e+00 -6.124484999999999957e+00 2.833546999999999816e+00
6.917531000000000097e-01 1.251712000000000025e+01 -2.737414999999999932e+00 -1.000975999999999999e+01 -7.464750999999999692e+00 -5.561421000000000170e+00 2.689998000000000111e+00 9.438012000000000512e+00 1.509646000000000043e+01 -7.630106999999999751e+00 -9.299094999999999445e+00 3.505180999999999880e+00
6.249382999999999466e-01 1.152327999999999975e+01 -2.362572999999999812e+00 -8.816264000000000323e+00 -6.664608000000000310e+00 -4.415513999999999939e+00 4.272980000000000111e-01 9.226295000000000357e+00 1.461847000000000030e+01 -8.186633999999999745e+00 -7.306076000000000015e+00 3.831809999999999938e+00
2.833107999999999738e-01 1.270448000000000022e+01 -2.175625000000000142e+00 -8.738315999999999306e+00 -6.054681000000000424e+00 -4.943838999999999650e+00 2.186224000000000167e+00 5.710386999999999880e+00 1.493486000000000047e+01 -5.393030999999999686e+00 -6.520718999999999710e+00 3.026721999999999912e+00
-4.146766999999999814e-02 1.313083999999999918e+01 -2.279974999999999863e+00 -9.564628000000000796e+00 -4.657409999999999606e+00 -5.540747999999999784e+00 3.810210000000000097e+00 5.436263000000000289e+00 1.401575000000000060e+01 -7.779319000000000095e+00 -5.595095999999999847e+00 4.522508000000000195e+00
6.022792999999999619e-01 1.282577999999999996e+01 -3.144096999999999920e+00 -9.585755999999999943e+00 -6.209149000000000029e+00 -5.377983999999999654e+00 5.269699000000000133e+00 7.416764999999999830e+00 1.189166999999999952e+01 -7.642176000000000080e+00 -6.706661999999999679e+00 4.668364999999999654e+00
-5.077194999999999903e-01 1.427149999999999963e+01 -1.676887000000000016e+00 -1.121183000000000085e+01 -7.887991999999999670e+00 -4.682958000000000176e+00 7.682331999999999717e+00 6.518061000000000327e+00 9.039213999999999416e+00 -6.400209000000000259e+00 -6.503696999999999839e+00 3.862588999999999828e+00
-1.027133000000000074e+00 1.012289999999999957e+01 -9.476959000000000355e-01 -1.113616000000000028e+01 -4.674622000000000277e+00 -2.539468999999999976e+00 2.666437000000000168e+00 5.524456999999999951e+00 1.110731000000000002e+01 -1.136204000000000036e+01 -4.308144000000000418e+00 7.320445000000000313e+00
-1.445742000000000083e+00 9.335031000000000745e+00 9.738389000000000073e-02 -8.200100000000000833e+00 -3.675435999999999925e+00 -5.111196999999999768e+00 3.655136999999999858e+00 6.257603999999999722e+00 6.893729999999999691e+00 -9.638156000000000390e+00 -3.689553999999999778e+00 7.045956999999999582e+00
-1.677270999999999956e+00 8.113898999999999972e+00 1.505009999999999959e+00 -1.012111999999999945e+01 -2.720825000000000049e+00 -3.476671000000000067e+00 -2.078686000000000075e-02 7.575618000000000407e+00 7.346225999999999701e+00 -1.101122999999999941e+01 -4.769231999999999694e+00 5.366413999999999795e+00
-2.686757000000000062e+00 1.007606000000000002e+01 2.304819000000000173e+00 -1.172663000000000011e+01 -3.196585999999999927e+00 -6.301732000000000333e+00 2.753826999999999803e+00 9.284060000000000201e+00 3.621560000000000112e+00 -9.474956000000000600e+00 -3.152839000000000169e+00 6.420951999999999771e+00
-2.209175000000000111e+00 1.159924999999999962e+01 2.945107999999999837e+00 -1.320279999999999987e+01 -5.963324000000000069e+00 -7.494237000000000037e+00 4.059955999999999676e+00 1.126558999999999955e+01 6.188843000000000538e-01 -1.069332999999999956e+01 -3.906092999999999815e+00 8.605828000000000699e+00
-3.573360999999999787e+00 1.279364999999999952e+01 5.958657999999999788e+00 -1.274024999999999963e+01 -3.644984000000000002e+00 -9.490714000000000539e+00 3.902740000000000098e+00 6.549263999999999974e+00 -1.892601999999999896e+00 -5.364231000000000193e+00 -3.362913999999999959e+00 7.078344000000000413e+00
-3.663415999999999784e+00 1.424958999999999953e+01 7.237343000000000082e+00 -1.313427000000000078e+01 -4.682565999999999562e+00 -9.817225000000000534e+00 3.115807000000000215e+00 7.039232000000000156e+00 -9.124986999999999959e-01 -4.895202000000000275e+00 -6.823872999999999855e+00 6.372944999999999638e+00
-3.614320999999999895e+00 1.444534999999999947e+01 9.039987999999999246e+00 -7.836338999999999722e+00 -4.783631999999999884e+00 -1.124042000000000030e+01 2.340988999999999987e-01 4.821997999999999784e+00 -5.134726999999999819e+00 -5.093511000000000344e+00 -2.460345999999999922e+00 6.960510000000000197e+00
-4.538109999999999644e+00 1.566918000000000077e+01 9.929645999999999972e+00 -8.129004000000000119e+00 -3.933618000000000059e+00 -1.416787000000000063e+01 -6.517897999999999747e-01 5.603626000000000218e+00 -5.719693999999999612e+00 -2.424981999999999971e+00 -4.361146999999999885e+00 5.336782999999999610e+00
-3.820866999999999791e+00 1.580760000000000076e+01 8.099258000000000735e+00 -6.639700000000000379e+00 -3.352377999999999858e+00 -1.155643000000000065e+01 -3.052427999999999919e+00 5.754999999999999893e+00 -8.293091000000000435e+00 -3.681211999999999929e+00 -2.999645999999999813e+00 3.478536000000000072e+00
-4.133443999999999896e+00 1.584512999999999927e+01 8.664830999999999506e+00 -7.040293000000000134e+00 -2.813505999999999840e+00 -1.107371999999999979e+01 -7.494602999999999682e-01 4.449621999999999744e+00 -9.342843999999999482e+00 -5.155774000000000079e+00 -7.131337000000000259e+00 1.157678999999999903e+00
-4.720252999999999588e+00 1.699661000000000044e+01 9.074980999999999298e+00 -5.853076999999999863e+00 -9.329712999999999479e-01 -9.597362999999999644e+00 -1.679899999999999949e+00 3.453181999999999974e+00 -1.255629000000000062e+01 -6.744987000000000066e+00 -5.333955999999999698e+00 4.102457999999999938e-01
-5.017725000000000435e+00 1.715183999999999997e+01 9.789355000000000473e+00 -7.603350999999999971e+00 2.157707999999999959e+00 -1.084106000000000058e+01 -2.103139000000000092e+00 2.935878999999999905e+00 -1.367432999999999943e+01 -5.044961999999999946e+00 -6.974911999999999779e+00 4.325263999999999776e-01
-5.456089000000000411e+00 1.814658000000000015e+01 9.942254999999999399e+00 -9.000427999999999429e+00 1.329760999999999971e+00 -9.663978999999999431e+00 -2.817676000000000069e+00 2.664591000000000154e+00 -1.473637000000000086e+01 -4.580320999999999643e+00 -6.616384000000000043e+00 -1.409183000000000074e+00
-5.674544000000000032e+00 1.828950000000000031e+01 1.067459999999999987e+01 -6.657689000000000412e+00 -1.804926000000000030e-01 -1.001641000000000048e+01 -2.391437999999999953e+00 1.975025999999999948e+00 -1.294096000000000046e+01 -5.303887999999999714e+00 -8.117504000000000275e+00 -7.262939999999999952e-01
-5.814564999999999984e+00 1.867952999999999975e+01 1.030574999999999974e+01 -6.735351999999999784e+00 7.224817999999999518e-01 -7.812871999999999595e+00 -2.234223000000000070e+00 2.250665000000000027e-01 -1.327100000000000080e+01 -2.895931000000000033e+00 -4.468232000000000426e+00 -4.907005999999999979e+00
-5.705338000000000243e+00 1.790217000000000169e+01 9.697300000000000253e+00 -5.420505000000000351e+00 2.226115000000000066e+00 -8.000576000000000576e+00 -2.483112000000000208e+00 -8.781352000000000046e-01 -1.276660000000000039e+01 -4.923179000000000194e+00 -2.511410000000000142e+00 -2.720061999999999980e+00
-6.348793999999999826e+00 1.787484999999999857e+01 1.010177999999999976e+01 -5.748573999999999629e+00 2.205814000000000163e+00 -4.032231999999999594e+00 -1.505122000000000071e+00 -1.816553000000000084e+00 -1.030747000000000035e+01 -7.762862000000000151e+00 -3.822923999999999989e+00 -2.364031999999999911e+00
-7.061389000000000138e+00 1.766467000000000098e+01 1.102044000000000068e+01 -4.775216999999999601e+00 1.782130999999999910e+00 -7.290125999999999884e+00 -2.628211999999999771e-01 1.852533999999999903e+00 -8.695055999999999230e+00 -8.999344000000000676e+00 -5.414754000000000289e+00 -2.204851999999999812e+00
-7.212739000000000011e+00 1.788835999999999871e+01 1.008097000000000065e+01 -3.969177000000000177e+00 2.431337000000000081e+00 -5.742561000000000249e+00 1.357737999999999889e+00 -1.057876000000000039e+00 -9.904139000000000692e+00 -7.271340999999999610e+00 -2.730319000000000162e+00 -3.266510999999999942e+00
-7.483484999999999943e+00 1.809974000000000061e+01 1.036880000000000024e+01 -3.893511999999999862e+00 3.559833999999999943e+00 -4.817828000000000443e+00 7.434420999999999946e-01 -1.465581000000000023e+00 -9.706569999999999254e+00 -5.046058999999999628e+00 -2.396138000000000101e+00 -4.331156000000000006e+00
-7.463149999999999729e+00 1.707888000000000162e+01 1.067806999999999995e+01 -3.746466999999999992e+00 2.888119999999999798e+00 -4.866723000000000354e+00 7.610055999999999488e-01 5.174999999999999600e-01 -7.780504999999999782e+00 -5.956140000000000434e+00 -5.206833999999999740e+00 -2.227362999999999982e+00
-7.932597000000000342e+00 1.711610999999999905e+01 9.708963999999999928e+00 -2.444183000000000217e+00 3.614117999999999942e+00 -4.780419000000000196e+00 1.909918999999999922e+00 -4.348430999999999824e-01 -8.643159999999999954e+00 -4.763544999999999696e+00 -5.887476999999999627e+00 -1.478550999999999949e+00
-7.802743999999999680e+00 1.738663999999999987e+01 1.041072999999999915e+01 -1.499948999999999977e+00 4.976524000000000392e+00 -4.764668000000000347e+00 -2.280917000000000083e+00 -1.962769999999999904e+00 -7.897043000000000035e+00 -5.097350999999999743e+00 -4.101732000000000156e+00 -9.559908999999999768e-01
-7.777180000000000426e+00 1.751033999999999935e+01 1.059704999999999941e+01 2.820181999999999967e-01 2.695697000000000010e+00 -6.590506000000000419e+00 6.016483999999999721e-01 -1.884117000000000042e+00 -8.269873999999999725e+00 -5.734517000000000309e+00 -3.885623999999999967e+00 -1.836419000000000024e+00
-7.586903000000000397e+00 1.785983999999999838e+01 1.027863999999999933e+01 -3.304348999999999759e-01 4.479579000000000200e+00 -5.967344999999999899e+00 -9.863541000000000114e-01 -1.468933000000000044e+00 -8.559853999999999630e+00 -5.165922000000000125e+00 -6.667448000000000263e+00 -2.413876999999999828e+00
-7.791705000000000325e+00 1.780459000000000103e+01 1.053115999999999985e+01 2.109222000000000041e-01 3.668403000000000080e+00 -6.463510999999999562e+00 -2.772267999999999954e+00 -1.348246999999999973e+00 -8.161075000000000301e+00 -5.081716000000000122e+00 -6.297931000000000168e+00 -2.087706999999999979e+00
-6.978596999999999717e+00 1.783070999999999984e+01 1.068532000000000082e+01 -1.280950999999999951e+00 2.295405000000000140e+00 -2.793130000000000113e+00 -1.574947000000000097e+00 -3.627114000000000171e+00 -9.233589000000000269e+00 -6.743615000000000137e+00 -4.474479999999999791e+00 -1.121372999999999953e+00
-7.343754999999999811e+00 1.705516000000000076e+01 1.146968000000000032e+01 -1.605469999999999953e-01 3.032878000000000185e+00 -5.427863000000000326e+00 -3.939601999999999826e+00 -1.814489999999999936e+00 -6.344265000000000043e+00 -7.467730999999999675e+00 -4.501197000000000337e+00 -2.362423999999999857e+00
-6.556790999999999592e+00 1.775234999999999985e+01 1.156583000000000006e+01 -1.803747999999999907e+00 3.395656999999999925e+00 -5.195530999999999899e+00 -3.071276999999999813e+00 -2.652076999999999796e+00 -9.354224000000000316e+00 -7.456758999999999915e+00 -2.772549000000000152e+00 -1.035236000000000045e+00
-6.166360000000000063e+00 1.841349999999999909e+01 1.090221999999999980e+01 -6.428002000000000438e-01 1.241052000000000044e+00 -3.796946999999999850e+00 -3.805947999999999887e+00 -4.082525999999999655e+00 -7.380816000000000265e+00 -8.281810999999999368e+00 -4.068120000000000402e+00 6.374159000000000352e-01
-6.447273000000000032e+00 1.847025000000000006e+01 1.088362000000000052e+01 -1.892546999999999979e+00 4.210364000000000217e+00 -5.256238999999999884e+00 -4.200057000000000151e+00 -2.536805999999999894e+00 -7.450010999999999939e+00 -1.059514000000000067e+01 -3.898766999999999872e+00 1.838041000000000036e+00
-5.808754999999999669e+00 1.774304000000000059e+01 1.066103999999999985e+01 1.832262000000000057e-01 2.747333999999999943e+00 -4.644236000000000253e+00 -6.238286000000000442e+00 -3.204966999999999899e+00 -6.829991999999999841e+00 -8.688850999999999658e+00 -3.715193999999999885e+00 -8.758266999999999580e-01
-5.865982999999999947e+00 1.812976000000000099e+01 1.185965000000000025e+01 -1.056526999999999994e+00 5.195867999999999931e+00 -6.976412999999999975e+00 -9.077583999999999875e+00 -3.759663000000000199e+00 -7.424972999999999601e+00 -6.832758000000000109e+00 -4.929750000000000298e+00 5.790729999999999489e-01
-6.035635000000000083e+00 1.736111000000000004e+01 1.244036000000000008e+01 -5.108873000000000442e-01 7.886695999999999707e+00 -1.084761999999999915e+01 -1.141910999999999987e+01 -3.370267000000000124e+00 -7.437719000000000413e+00 -6.368117999999999945e+00 -6.631465999999999639e+00 1.226817999999999964e+00
-5.824151999999999774e+00 1.715993999999999886e+01 1.326160999999999923e+01 -1.876843000000000039e+00 6.458090000000000330e+00 -1.325986999999999938e+01 -1.362182999999999922e+01 -2.266291999999999973e+00 -3.602888999999999786e+00 -3.584115000000000162e+00 -6.259795000000000442e+00 -7.556952000000000114e-01
-6.411251000000000033e+00 1.566737999999999964e+01 1.449868000000000023e+01 -2.439328999999999859e+00 5.194543999999999606e+00 -1.367366999999999955e+01 -1.374605999999999995e+01 -4.908025999999999778e-01 2.249051000000000133e+00 -3.799703000000000053e+00 -5.411737999999999715e+00 8.767599999999999838e-01
-6.410379999999999967e+00 1.408173999999999992e+01 1.327389999999999937e+01 -2.975832000000000033e+00 5.309732999999999592e+00 -1.392174999999999940e+01 -1.509759999999999991e+01 -1.500652000000000097e+00 4.987695999999999685e+00 -8.160201999999999734e-01 -5.116986999999999952e+00 2.550790000000000113e+00
-5.811079000000000327e+00 1.374366000000000021e+01 1.243341999999999992e+01 -2.821076999999999835e+00 5.765191999999999872e+00 -1.404349999999999987e+01 -1.898471999999999937e+01 -4.791981000000000157e-01 7.975804000000000116e+00 8.239359000000000544e-01 -5.469051000000000329e+00 1.882832000000000061e+00
-6.305799999999999628e+00 1.404541000000000039e+01 1.310335000000000072e+01 -2.368233000000000033e+00 4.747469999999999857e+00 -1.531902000000000008e+01 -1.914065000000000083e+01 4.055810000000000248e-01 9.297328000000000259e+00 -5.214370000000000394e-01 -5.389545000000000030e+00 3.852942000000000089e+00
-6.063813999999999815e+00 1.319509000000000043e+01 1.358127999999999957e+01 -1.423713999999999924e+00 4.993294999999999817e+00 -1.571444999999999936e+01 -2.039107999999999876e+01 -8.404850000000000376e-01 9.428888000000000602e+00 3.518897000000000275e-01 -4.416521000000000363e+00 3.972154000000000185e+00
-5.928150999999999726e+00 1.386435999999999957e+01 1.201917000000000080e+01 -1.997905999999999960e+00 5.522898999999999781e+00 -1.542469000000000001e+01 -1.951591000000000165e+01 -5.155587999999999838e-01 8.700070000000000192e+00 1.224118999999999957e+00 -4.619701000000000057e+00 5.214125000000000121e+00
-6.689549999999999663e+00 1.285491000000000028e+01 1.374047999999999981e+01 1.563867999999999925e-01 4.922680999999999862e+00 -1.830685000000000073e+01 -1.943965999999999994e+01 6.678427999999999587e-01 9.643299999999999983e+00 2.270246000000000208e+00 -6.228767999999999638e+00 3.068296999999999830e+00
-6.840900000000000425e+00 1.209015999999999913e+01 1.543688000000000038e+01 1.504925999999999986e+00 4.386898999999999660e+00 -2.079292999999999836e+01 -1.977592999999999890e+01 7.756030999999999342e-02 1.227951999999999977e+01 1.119067999999999952e+00 -5.536274999999999835e+00 4.670892000000000266e+00
-7.269387000000000043e+00 1.254293999999999976e+01 1.664210999999999885e+01 -9.968523000000000245e-01 3.645011999999999919e+00 -1.911573999999999884e+01 -1.901726999999999990e+01 1.969352999999999909e+00 9.109318999999999278e+00 3.034680999999999962e+00 -5.527656000000000347e+00 4.221605000000000274e+00
-6.521931999999999618e+00 1.314734999999999943e+01 1.386248999999999931e+01 -1.593029999999999946e+00 4.259351999999999805e+00 -1.912460000000000093e+01 -1.826717999999999975e+01 2.493618000000000112e+00 7.878841000000000427e+00 2.393949000000000105e+00 -4.085571999999999981e+00 3.557091999999999921e+00
-6.848742999999999803e+00 1.267775999999999925e+01 1.255321999999999960e+01 -2.551826000000000150e+00 4.739525999999999684e+00 -1.788878000000000057e+01 -1.740741999999999834e+01 3.862074000000000062e-02 1.017318000000000033e+01 4.980840999999999741e-01 -4.301033000000000328e+00 3.610611000000000015e+00
-7.118617999999999668e+00 1.257057000000000002e+01 1.226571000000000033e+01 -2.092130000000000045e+00 6.304064000000000334e+00 -1.692500000000000071e+01 -1.695634000000000086e+01 4.378156999999999743e-01 9.571374000000000493e+00 -3.664653999999999967e-01 -4.961208000000000062e+00 2.813792999999999989e+00
-6.822598000000000162e+00 1.275611999999999924e+01 1.146336999999999939e+01 -2.548686000000000007e+00 8.273747999999999436e+00 -1.693091000000000079e+01 -1.713454000000000121e+01 -6.821479999999999766e-01 8.368665000000000020e+00 1.689583000000000057e+00 -5.757984999999999687e+00 2.336253999999999831e+00
-7.542165999999999926e+00 1.079006000000000043e+01 1.228209999999999980e+01 -2.167956000000000050e-01 8.192100999999999189e+00 -1.744151000000000096e+01 -1.738000999999999863e+01 -4.441594000000000098e-02 7.130902999999999992e+00 3.104724999999999846e-01 -5.275782000000000416e+00 3.129626000000000019e+00
-9.377831999999999724e+00 7.595060000000000144e+00 1.409482999999999997e+01 9.575723999999999902e-01 1.061017999999999972e+01 -1.361820999999999948e+01 -1.673572000000000060e+01 -3.343964000000000159e+00 4.738686999999999649e+00 -1.577164000000000010e+00 -4.116813999999999751e+00 5.142458999999999669e+00
-9.741828999999999184e+00 8.297954999999999970e+00 1.602579000000000065e+01 -1.602166999999999897e+00 1.128365999999999936e+01 -1.289692999999999934e+01 -1.845952000000000126e+01 -2.731535999999999964e-01 6.692520000000000024e+00 -2.282353000000000076e+00 -5.082296999999999620e+00 5.492058000000000106e+00
-9.780174000000000589e+00 9.625377000000000294e+00 1.517900000000000027e+01 -3.855413999999999786e-01 1.079334000000000060e+01 -1.057362000000000002e+01 -1.538504000000000005e+01 7.008512000000000075e-01 3.767688000000000148e+00 -3.168845999999999830e+00 -3.291812000000000182e+00 3.070593999999999824e+00
-8.627181999999999462e+00 1.122902999999999984e+01 1.371053000000000033e+01 -1.022264000000000062e+00 9.603495999999999810e+00 -7.405963999999999992e+00 -1.158360000000000056e+01 2.407970000000000110e-01 -5.528695000000000137e-01 -2.483404999999999863e+00 -2.640902000000000083e+00 3.794369000000000103e+00
-7.928821000000000119e+00 1.312032999999999916e+01 1.275309000000000026e+01 -5.914055999999999758e-01 8.986065999999999221e+00 -4.067016999999999882e+00 -1.211265000000000036e+01 1.467006000000000032e+00 -3.971168000000000031e+00 -4.541647000000000212e+00 -2.335592999999999808e+00 4.043820000000000192e+00
-7.579931000000000196e+00 1.623186000000000107e+01 1.314527999999999963e+01 -8.509486000000000550e-01 8.400852999999999682e+00 -4.809296999999999933e+00 -1.063688999999999929e+01 5.275573000000000068e-01 -3.575575000000000170e+00 -3.855382999999999782e+00 -4.005330999999999753e-01 2.220715999999999912e+00
-7.180202999999999669e+00 1.717645999999999873e+01 1.246368999999999971e+01 7.522792999999999841e-01 8.378344999999999487e+00 -2.662853999999999832e+00 -6.542435000000000223e+00 -1.822742000000000084e+00 -6.868230999999999753e+00 -2.940913999999999806e+00 -9.893895999999999802e-01 1.171691000000000038e+00
-6.242180000000000284e+00 1.722149999999999892e+01 1.065348000000000006e+01 6.591979000000000033e-01 8.003650999999999627e+00 -5.462725999999999971e-01 -5.193469000000000335e+00 -5.634177000000000213e+00 -4.756433000000000355e+00 -1.774923999999999946e+00 -1.390363999999999933e+00 -7.768272999999999984e-01
-6.290403000000000411e+00 1.764875999999999934e+01 1.188582000000000072e+01 2.467147999999999897e+00 7.162905000000000300e+00 -3.790055999999999869e+00 -3.573765999999999998e+00 -1.667499000000000065e+00 -3.924278999999999851e+00 -4.598972999999999978e+00 -5.679771999999999821e+00 -2.443900999999999990e-01
-6.319744000000000028e+00 1.859155000000000157e+01 1.241324999999999967e+01 2.832335000000000047e+00 5.076266000000000389e+00 -4.523147999999999946e+00 1.784096000000000015e-01 -1.934145000000000003e+00 -5.157033000000000200e+00 -3.143610999999999933e+00 -8.133663999999999561e+00 3.406476999999999977e-01
-6.151544999999999597e+00 1.944998000000000005e+01 1.278556999999999988e+01 1.494931999999999928e+00 4.496790999999999983e+00 -3.392663999999999902e+00 -1.645202000000000053e+00 -1.212086999999999914e+00 -5.991009000000000029e+00 -4.164778000000000091e+00 -6.841541000000000317e+00 1.043520000000000003e+00
-6.171588999999999992e+00 1.976073999999999842e+01 1.300026000000000082e+01 3.777140999999999860e+00 4.587706999999999979e+00 -3.895392999999999883e+00 -9.816418999999999562e-01 -1.504779000000000089e+00 -4.757799000000000333e+00 -5.122310999999999837e+00 -8.387693000000000509e+00 -2.962622000000000089e+00
-6.118136999999999937e+00 2.007480999999999938e+01 1.359326000000000079e+01 5.508854999999999613e+00 3.657811000000000146e+00 -7.193978000000000428e+00 -1.261802000000000090e+00 -7.210876000000000507e-01 -4.816524000000000250e+00 -3.269509000000000221e+00 -9.288968999999999809e+00 -4.662149000000000321e+00
-6.207900999999999669e+00 1.969528999999999996e+01 1.199017000000000088e+01 4.618013999999999619e+00 5.318119000000000263e+00 -1.800797999999999899e+00 -7.657386999999999944e-01 -3.978858999999999924e+00 -6.310577999999999577e+00 -2.498765000000000125e+00 -7.443109999999999893e+00 -6.447123000000000381e+00
-6.145153999999999783e+00 1.902901999999999916e+01 1.235838999999999999e+01 4.268245000000000289e+00 4.700247000000000064e+00 -3.085513999999999868e+00 -1.097304000000000057e+00 -1.844918999999999976e+00 -6.827259999999999884e+00 -2.267266999999999921e+00 -6.815470000000000361e+00 -4.514912999999999954e+00
-6.149802000000000213e+00 1.974783000000000044e+01 1.233286000000000016e+01 2.108527000000000040e+00 5.016684999999999839e+00 -3.306032000000000082e+00 -2.453981999999999886e+00 -1.229365000000000041e+00 -5.402855999999999881e+00 -2.346261999999999848e+00 -3.215323000000000153e+00 -4.379161999999999999e+00
-6.593104000000000298e+00 1.880743999999999971e+01 1.294003999999999976e+01 3.044481000000000215e+00 3.911579000000000139e+00 -3.992198000000000135e+00 -3.777674000000000198e+00 1.066780000000000062e+00 -2.476202999999999932e+00 -1.779037999999999897e+00 -5.411521999999999721e+00 -5.049647000000000219e+00
-6.432166999999999746e+00 1.893505000000000038e+01 1.195486000000000004e+01 3.140131999999999923e+00 3.976014000000000159e+00 -5.236221999999999710e+00 -1.657624999999999904e+00 -1.449882999999999866e-01 -1.908079999999999998e+00 -7.175515000000000088e-01 -5.542523000000000089e+00 -3.486330999999999847e+00
-6.078338999999999714e+00 1.971330000000000027e+01 1.243247999999999998e+01 2.550806999999999825e+00 1.953810999999999964e+00 -3.811386000000000163e+00 -2.749563999999999897e+00 2.691636000000000029e-01 -2.039639999999999898e+00 -9.844317999999999680e-01 -2.738936999999999955e+00 -5.056308999999999720e+00
-6.066137999999999586e+00 2.032011999999999929e+01 1.183097000000000065e+01 2.775516000000000094e+00 3.151282000000000250e-01 -7.048606000000000371e+00 -1.688895999999999953e+00 2.930978999999999779e+00 -1.438741000000000048e+00 -7.983651999999999416e-02 -4.906265000000000320e+00 -5.426809999999999690e+00
-5.883703999999999823e+00 1.967036999999999836e+01 1.121432000000000073e+01 1.918938000000000033e+00 -4.492665000000000131e-01 -6.264979000000000298e+00 -2.196098000000000106e+00 -3.440699999999999870e-01 -1.773333000000000048e+00 4.394317000000000029e+00 -1.160034999999999927e+00 -3.377914000000000083e+00
-5.499664000000000108e+00 2.010212999999999894e+01 1.119886999999999944e+01 -5.408673999999999982e-01 -1.468312000000000062e+00 -7.486032999999999937e+00 -4.439949000000000368e+00 3.720569000000000237e-01 1.019028999999999963e+00 6.461884999999999657e+00 -2.619355999999999796e+00 -4.494240999999999708e+00
-4.896296000000000426e+00 2.103322000000000003e+01 1.159862000000000037e+01 -2.135244000000000142e+00 -4.432769000000000403e+00 -1.050962999999999958e+01 -5.238447999999999993e+00 2.441784999999999872e+00 2.671956999999999915e+00 4.388283000000000378e+00 -1.564240999999999993e+00 -4.282230000000000203e+00
-3.948687000000000058e+00 2.169648000000000110e+01 1.050939999999999941e+01 -2.210623000000000005e+00 -4.923093999999999859e+00 -1.311744999999999983e+01 -6.674805000000000099e+00 3.994467999999999908e+00 3.165878000000000192e+00 5.770410000000000039e+00 7.000444999999999585e-01 -5.282100999999999935e+00
-2.856117999999999935e+00 2.056152000000000157e+01 8.986394000000000659e+00 -3.339020999999999795e+00 -5.460641999999999996e+00 -1.107010999999999967e+01 -7.428323999999999927e+00 2.226973000000000091e+00 3.910174000000000039e+00 4.028693999999999775e+00 1.073439000000000032e+00 -3.783098999999999990e+00
-2.445351000000000052e+00 2.044952999999999932e+01 1.047220000000000084e+01 -3.935484999999999900e+00 -9.652896999999999395e+00 -1.195350000000000001e+01 -7.498578000000000188e+00 2.230583000000000204e+00 5.475698999999999650e+00 4.067642000000000202e+00 6.746199999999999974e-01 -1.574105000000000087e+00
-2.000596999999999959e+00 2.172409999999999997e+01 9.233556000000000097e+00 -5.004208000000000212e+00 -9.361174000000000106e+00 -1.532296000000000014e+01 -6.613546000000000369e+00 3.048830000000000151e+00 2.814897999999999900e+00 5.860923999999999801e+00 2.628425000000000011e+00 -3.645281000000000216e+00
-2.084260000000000002e+00 2.003096999999999994e+01 8.044088000000000349e+00 -4.826324999999999754e+00 -9.501518000000000796e+00 -1.776048000000000116e+01 -5.017833000000000432e+00 5.243113000000000135e+00 4.197422000000000430e+00 3.225035999999999792e+00 1.501866000000000034e-01 2.662653000000000159e+00
-1.574143000000000070e+00 2.084225999999999956e+01 7.425868000000000357e+00 -5.974425000000000097e+00 -1.225412999999999997e+01 -1.426303000000000054e+01 -5.735796999999999812e+00 4.299021999999999899e+00 6.382055000000000256e+00 2.494886000000000159e+00 5.518068999999999891e-01 3.636337999999999848e+00
-1.360625999999999891e+00 2.001895999999999987e+01 9.095157999999999632e+00 -6.036383999999999972e+00 -1.469516999999999918e+01 -1.304165000000000063e+01 -5.633841999999999572e+00 4.195870000000000211e+00 9.404761000000000593e+00 1.940553999999999890e+00 -1.285433999999999966e+00 2.205785999999999802e+00
-1.729270000000000085e+00 1.984391000000000105e+01 8.916406999999999528e+00 -5.061314000000000313e+00 -1.433989000000000047e+01 -1.424005999999999972e+01 -5.813334000000000223e+00 3.450088000000000044e+00 8.779735000000000511e+00 3.704488000000000003e+00 -2.412179999999999880e-02 2.212676999999999783e+00
-1.603193000000000090e+00 1.824625999999999948e+01 7.990179000000000364e+00 -4.356349999999999945e+00 -1.376482999999999990e+01 -1.353453000000000017e+01 -6.833732999999999613e+00 1.864138000000000073e+00 1.071035000000000004e+01 3.865493999999999986e+00 1.490142000000000078e+00 1.049261999999999917e+00
-2.522333999999999854e+00 1.572413000000000061e+01 1.148986000000000018e+01 -3.972888999999999893e+00 -1.763888000000000034e+01 -1.398376999999999981e+01 -4.429668000000000383e+00 3.572322000000000219e+00 1.176829999999999998e+01 2.293559999999999821e+00 -2.089320999999999984e+00 6.099147000000000318e+00
-3.616064999999999863e+00 1.590427999999999997e+01 1.152138000000000062e+01 -5.127841000000000093e+00 -1.641593999999999909e+01 -1.153279999999999994e+01 -6.404497000000000106e+00 4.280196000000000112e+00 9.087013000000000673e+00 1.148141999999999996e+00 -7.728507000000000016e-01 7.418985000000000163e+00
-4.446602999999999639e+00 1.638438999999999979e+01 1.021748000000000012e+01 -2.815652000000000044e+00 -1.394180000000000064e+01 -8.045859999999999346e+00 -6.196304999999999730e+00 -1.223948999999999954e+00 8.156983999999999568e+00 3.908831000000000166e+00 1.601966999999999919e+00 4.683296000000000348e+00
-3.306683000000000039e+00 1.510740999999999978e+01 1.044982000000000077e+01 -4.047125000000000306e+00 -1.706381999999999977e+01 -1.045022999999999946e+01 -7.277105999999999852e+00 1.568351999999999968e+00 8.188850000000000406e+00 2.248951999999999896e-01 8.092835000000000445e-01 3.629906000000000077e+00
-5.890676000000000023e+00 1.413458999999999932e+01 8.245222000000000051e+00 -4.519099999999999895e+00 -1.683034999999999926e+01 -1.267543000000000042e+01 -9.661466000000000776e+00 -4.835820000000000118e-01 1.046817000000000064e+01 5.423986000000000196e+00 3.541551000000000116e+00 3.861899999999999888e+00
-9.092561999999999145e+00 1.197125999999999912e+01 5.235140999999999600e+00 -3.119737000000000204e+00 -1.095705000000000062e+01 -4.466048999999999936e+00 -8.109018000000000725e+00 -1.673945999999999934e+00 6.890088999999999686e+00 2.345126000000000044e+00 -5.823827000000000309e-01 2.712791999999999981e-01
-9.631147999999999598e+00 5.615186999999999706e+00 1.549145999999999912e+00 -1.816597000000000017e+00 -6.481011999999999773e+00 6.179322000000000287e-02 -4.233469999999999622e+00 4.027442999999999995e-01 4.575715999999999894e+00 2.501469000000000165e+00 2.040214999999999890e+00 2.704228000000000076e+00
-1.811692999999999998e+01 3.208051999999999904e+00 -1.641577999999999982e+00 3.928021999999999903e-01 -2.585776000000000074e+00 7.121906999999999544e-01 1.733854999999999924e+00 3.724470000000000169e+00 4.347647000000000261e+00 4.016351000000000226e+00 4.820961999999999748e+00 1.481322000000000028e+00
