-4.518520999999999788e+00 1.177435000000000009e+01 1.398762000000000061e+00 -7.093568000000000318e+00 5.311211000000000126e-01 -3.227822999999999887e+00 -1.611096000000000084e+00 1.238607000000000014e+01 6.343461999999999712e+00 -9.913014999999999688e+00 3.632767000000000079e-01 1.166681000000000079e+00
-2.720810999999999868e+00 1.211068000000000033e+01 4.628736999999999990e-01 -6.997472000000000136e+00 -3.135006999999999877e+00 -8.377019999999999911e+00 2.860498000000000207e+00 1.118697000000000052e+01 6.398984999999999701e+00 -8.515935000000000699e+00 -2.403618999999999950e+00 1.865196999999999994e+00
-3.215708999999999929e+00 1.148240999999999978e+01 -7.509546000000000276e-01 -7.279627999999999766e+00 -1.012030999999999903e+00 -6.194018999999999942e+00 3.369632999999999878e+00 1.157422000000000040e+01 6.310670000000000002e+00 -1.015733999999999959e+01 -1.663311999999999902e+00 2.139956000000000191e+00
-3.812091999999999814e+00 1.170922000000000018e+01 2.869993000000000127e-01 -5.529442000000000412e+00 4.377291999999999850e-01 -3.225833999999999868e+00 1.516304000000000096e+00 9.794871000000000549e+00 4.115473999999999855e+00 -9.423674000000000106e+00 -1.393199999999999994e+00 -5.831979999999999942e-01
-3.331561999999999912e+00 1.229180000000000028e+01 1.157643000000000005e-01 -6.920798999999999701e+00 2.274981000000000086e-01 -2.686796999999999880e+00 2.261981000000000019e+00 8.017087999999999326e+00 4.587602999999999653e+00 -1.017844999999999978e+01 -3.738920999999999939e+00 1.690226000000000006e+00
-3.601783999999999875e+00 1.097047000000000061e+01 3.312842999999999760e-01 -6.163270999999999944e+00 2.859176999999999969e-01 -3.176107000000000014e+00 2.057043999999999873e+00 7.908506000000000036e+00 4.522764999999999702e+00 -1.195101999999999975e+01 -1.788613999999999926e+00 7.553967000000000320e-01
-3.773881999999999959e+00 1.152290999999999954e+01 4.236499000000000237e-01 -7.486133999999999844e+00 1.229786999999999964e-01 -3.912062000000000150e+00 1.751365000000000061e+00 8.213224000000000302e+00 4.946824000000000332e+00 -1.108342000000000027e+01 -3.157543999999999906e-01 -8.220744000000000662e-02
-3.551651999999999809e+00 1.097015000000000029e+01 3.161009000000000180e-01 -7.672704000000000413e+00 -1.097474000000000061e+00 -3.797690999999999928e+00 1.555809999999999915e+00 9.554800000000000182e+00 5.472240000000000215e+00 -1.077438000000000073e+01 -1.793115999999999932e+00 -1.206873000000000085e+00
-3.726500999999999841e+00 1.118011000000000088e+01 2.907951999999999759e-01 -6.264478999999999687e+00 -1.527474999999999916e+00 -5.839468000000000103e+00 5.513683000000000334e-01 1.099648000000000003e+01 5.705883000000000038e+00 -1.098409999999999975e+01 -1.726337999999999928e+00 1.057323999999999931e+00
-4.144061999999999912e+00 1.117816000000000010e+01 1.761897999999999964e+00 -8.225771999999999196e+00 -6.579365000000000352e-01 -6.084122999999999948e+00 -2.406648999999999816e+00 1.359271000000000029e+01 4.412836999999999676e+00 -1.050168000000000035e+01 -1.222380000000000022e+00 -1.048988999999999949e+00
-4.461358999999999853e+00 1.014293999999999940e+01 3.000609999999999999e+00 -4.912480999999999653e+00 -3.050358000000000125e+00 -8.466528000000000276e+00 -2.897511999999999865e+00 1.494933999999999941e+01 3.461126000000000147e+00 -1.173264999999999958e+01 2.300578999999999930e+00 -1.782021000000000077e+00
-5.128659999999999997e+00 1.001074000000000019e+01 4.289933999999999692e+00 -6.547657000000000060e+00 -2.885432000000000219e+00 -1.011247999999999969e+01 -2.470352999999999799e+00 1.796734000000000009e+01 2.016045000000000087e+00 -1.465104999999999968e+01 7.126713000000000076e-01 2.253583999999999865e-01
-5.323685000000000223e+00 1.047472999999999921e+01 5.536659000000000219e+00 -5.939385999999999832e+00 -2.699841000000000157e+00 -1.225769000000000020e+01 -5.202341000000000326e-01 1.653820999999999941e+01 -3.088316999999999979e+00 -1.289231999999999978e+01 4.282149000000000427e+00 7.166093000000000046e-01
-5.678886000000000323e+00 1.108971000000000018e+01 6.572925999999999824e+00 -5.855557000000000123e+00 -3.818159000000000081e+00 -1.781813000000000002e+01 3.354324999999999779e+00 1.699387000000000114e+01 -3.659568000000000154e+00 -1.328442000000000078e+01 2.521170000000000133e+00 3.272139000000000131e+00
-5.034510000000000041e+00 1.166224000000000061e+01 7.416870000000000296e+00 -5.909227999999999703e+00 -7.663520000000000110e+00 -1.576938999999999957e+01 2.377536999999999789e+00 1.771471000000000018e+01 -4.171568999999999861e+00 -1.242062999999999917e+01 3.026129000000000069e+00 2.158751000000000086e+00
-5.131717000000000084e+00 1.236923999999999957e+01 7.724333999999999811e+00 -4.139617999999999576e+00 -5.487688000000000343e+00 -1.574601999999999968e+01 1.122230999999999979e+00 1.357638999999999996e+01 -6.412971999999999895e+00 -1.023831999999999987e+01 3.653138000000000218e+00 3.507255999999999929e+00
-5.966531999999999947e+00 1.379133000000000031e+01 9.916225999999999985e+00 -2.798353999999999786e+00 -5.004037000000000290e+00 -1.415576000000000079e+01 -1.242701999999999973e+00 1.001392000000000060e+01 -7.995928000000000146e+00 -8.695197999999999539e+00 4.811867999999999590e+00 -1.007297000000000109e+00
-6.274046000000000234e+00 1.408845999999999954e+01 1.078505000000000003e+01 -6.039061000000000234e+00 -3.724369999999999958e+00 -1.136261000000000010e+01 -2.642698000000000214e+00 1.095945000000000036e+01 -6.224419000000000146e+00 -1.151877999999999957e+01 -2.894936000000000176e-01 4.427049000000000123e-01
-6.402738000000000262e+00 1.355123999999999995e+01 1.013934000000000069e+01 -3.521122999999999781e+00 -5.581859999999999600e-01 -1.031835000000000058e+01 -2.290106000000000197e+00 1.005125999999999920e+01 -1.043557000000000023e+01 -1.250403000000000020e+01 -3.980385000000000173e-01 -2.651406999999999847e+00
-6.738986999999999838e+00 1.502874000000000088e+01 1.036076000000000086e+01 -1.513316000000000106e+00 1.570354000000000028e+00 -9.418297000000000807e+00 -3.516275999999999957e+00 6.324348999999999776e+00 -1.136566999999999972e+01 -1.247772999999999932e+01 -7.721934000000000298e-01 -3.800507000000000080e+00
-7.191394999999999982e+00 1.576554999999999929e+01 1.233671000000000006e+01 -6.530464999999999742e-01 6.459732999999999725e-01 -9.688313000000000841e+00 -1.183936000000000099e+00 3.527909999999999879e+00 -9.658255999999999730e+00 -1.036048000000000080e+01 -2.353098000000000134e+00 -6.058381999999999934e+00
-7.106416000000000288e+00 1.482202000000000019e+01 1.167032999999999987e+01 -6.269776999999999711e-01 -1.222247000000000056e-01 -4.344683999999999990e+00 -4.466539999999999955e-01 1.885696999999999957e+00 -8.476255000000000095e+00 -9.505691999999999808e+00 -3.953009999999999913e+00 -5.989520999999999873e+00
-7.508079999999999643e+00 1.562622000000000000e+01 1.022241999999999962e+01 -1.004718999999999918e+00 -1.587866000000000000e-01 -4.370045000000000179e+00 1.828402000000000083e+00 3.655635000000000190e+00 -7.863642999999999716e+00 -9.250638999999999612e+00 -4.061054999999999637e+00 -3.488157000000000174e+00
-8.189443999999999946e+00 1.663941000000000159e+01 1.063996999999999993e+01 -1.360481999999999969e+00 -1.730935000000000112e-01 -6.766869999999999941e+00 4.095557000000000336e+00 3.596009000000000011e+00 -8.079397999999999413e+00 -6.981463999999999892e+00 -2.897572999999999954e+00 -3.989488999999999841e+00
-7.611705999999999861e+00 1.548462999999999923e+01 1.081077999999999939e+01 -2.093986000000000125e+00 5.605295999999999612e-01 -5.606250000000000178e+00 7.572936999999999585e-01 1.104916000000000009e+00 -7.882273999999999781e+00 -7.487763000000000169e+00 -4.279395000000000060e+00 -4.094744999999999635e+00
-7.703104999999999869e+00 1.580249000000000059e+01 9.054990000000000094e+00 -2.484006999999999882e-02 3.307443000000000133e+00 -7.648524000000000100e+00 -9.187516999999999490e-01 3.492404000000000064e-01 -6.772565000000000168e+00 -7.686753000000000391e+00 -6.318488999999999578e+00 -2.758884000000000114e+00
-7.928697999999999801e+00 1.506049999999999933e+01 1.001280999999999999e+01 8.045736000000000554e-02 1.786944000000000088e+00 -6.398395999999999972e+00 7.800097000000000280e-01 1.301994000000000096e+00 -6.211749000000000187e+00 -6.976619000000000348e+00 -5.211530999999999914e+00 -5.399337000000000053e+00
-8.068393999999999622e+00 1.531841000000000008e+01 1.031268000000000029e+01 -2.379906999999999995e-01 1.092664999999999997e+00 -5.138321999999999612e+00 -7.301100999999999841e-01 2.895566000000000084e+00 -6.641024999999999956e+00 -7.805455000000000254e+00 -4.821620000000000239e+00 -4.816841000000000150e+00
-8.214204000000000505e+00 1.538710000000000022e+01 1.003051999999999921e+01 -1.078325999999999896e+00 3.053909000000000207e-01 -3.522702000000000222e+00 1.278774000000000077e+00 1.965092999999999979e+00 -8.273540999999999812e+00 -6.056076000000000015e+00 -2.794029999999999792e+00 -6.031384000000000079e+00
-7.980968999999999980e+00 1.614820999999999884e+01 1.172221000000000046e+01 -3.518057000000000212e+00 1.559638999999999887e-01 -3.946870999999999796e+00 -1.774057999999999913e+00 9.003061999999999454e-01 -8.659219999999999473e+00 -8.198589000000000127e+00 -1.985195999999999961e+00 -4.516963999999999757e+00
-7.981275000000000119e+00 1.466066000000000003e+01 9.990033999999999637e+00 -1.270518999999999954e+00 1.248450000000000060e+00 -3.732050999999999785e+00 -4.102447999999999873e+00 3.809092000000000144e+00 -7.681797000000000430e+00 -9.537876999999999938e+00 -5.403861000000000026e+00 -4.267323000000000199e+00
-8.540670000000000428e+00 1.449152999999999913e+01 1.126881000000000022e+01 -2.122609999999999886e+00 1.923256000000000077e+00 -2.609223000000000070e+00 -2.083193000000000072e+00 4.708183000000000007e+00 -6.256092999999999904e+00 -1.220537999999999990e+01 -4.676559000000000133e+00 -3.943353999999999804e+00
-8.703903999999999641e+00 1.376185000000000080e+01 9.242673999999999168e+00 -2.186503999999999781e+00 4.794163000000000174e+00 -2.698233999999999799e+00 -3.595289000000000179e+00 4.825550999999999924e+00 -6.782254000000000005e+00 -9.171042999999999168e+00 -3.190193999999999974e+00 -4.840421000000000085e+00
-8.754341999999999402e+00 1.278884000000000043e+01 1.067539999999999978e+01 -1.799562000000000106e+00 4.310113999999999557e+00 -3.627127999999999908e+00 -4.096027999999999558e+00 5.680392999999999581e+00 -6.253856999999999999e+00 -9.514689999999999870e+00 -3.188943999999999779e+00 -6.843871000000000038e+00
-8.626566999999999652e+00 1.327907000000000082e+01 1.085042999999999935e+01 4.774359000000000242e-02 1.683616999999999919e+00 -3.999083999999999861e+00 -5.564665999999999890e+00 4.076465999999999923e+00 -7.621429000000000009e+00 -1.056328000000000067e+01 -8.324683000000000499e-01 -7.670538999999999774e+00
-8.732333000000000567e+00 1.432337000000000060e+01 9.954185000000000727e+00 -2.359274000000000093e+00 3.837591000000000196e+00 -4.748465000000000380e+00 -6.617996999999999908e+00 4.805152999999999786e+00 -8.063748000000000360e+00 -1.257255999999999929e+01 -1.714333000000000107e+00 -6.916490999999999723e+00
-8.141451999999999245e+00 1.415423000000000009e+01 1.109927000000000064e+01 -2.736504000000000048e+00 2.023801999999999879e+00 -3.789734000000000158e+00 -5.702443999999999846e+00 3.802815999999999974e+00 -7.862897000000000247e+00 -1.247704000000000057e+01 -1.947179999999999911e+00 -6.425752000000000130e+00
-7.650833999999999691e+00 1.301207999999999920e+01 1.035823000000000071e+01 -2.021913000000000071e+00 3.148080999999999907e+00 -2.434184999999999821e+00 -7.550341000000000413e+00 2.908431999999999906e+00 -8.544447999999999155e+00 -1.180117000000000083e+01 -6.466414000000000328e-01 -4.124305999999999806e+00
-7.660921000000000092e+00 1.258859999999999957e+01 1.014398000000000089e+01 -5.937529000000000279e-01 4.822776000000000174e+00 -2.945873000000000186e+00 -9.354286999999999352e+00 9.552245000000000319e-01 -1.057344999999999935e+01 -9.796044000000000196e+00 2.223796999999999802e+00 -3.041503000000000068e+00
-7.240610000000000213e+00 1.121153999999999940e+01 9.807411999999999352e+00 2.017214000000000063e+00 2.664032999999999873e+00 -3.187543999999999933e+00 -7.907871000000000095e+00 -2.244201999999999864e-01 -9.784952000000000538e+00 -6.934398999999999980e+00 1.451863999999999932e-01 -5.143031999999999826e+00
-7.003707000000000349e+00 9.835127999999999204e+00 9.907368999999999204e+00 1.453923999999999994e+00 5.809948000000000334e+00 -6.738526000000000238e+00 -1.047625999999999991e+01 2.213950999999999780e+00 -1.008530000000000015e+01 -6.517384999999999984e+00 2.714749999999999996e+00 -6.932381000000000348e+00
-6.819075999999999915e+00 9.098969000000000307e+00 1.295543999999999940e+01 2.227297999999999778e+00 4.521537999999999613e+00 -1.159681999999999924e+01 -1.536119000000000057e+01 1.436935999999999991e+00 -9.559506999999999977e+00 -8.183016000000000290e+00 4.737086999999999826e+00 -5.170884000000000036e+00
-6.278936999999999991e+00 7.799998000000000431e+00 1.285674000000000028e+01 5.450625999999999749e+00 5.196343999999999852e+00 -1.922439999999999927e+01 -1.917451000000000150e+01 4.114124000000000336e+00 -8.026111999999999469e+00 -7.801301999999999737e+00 2.071234000000000020e+00 -3.657318000000000069e+00
-6.799818000000000140e+00 8.385814999999999131e+00 1.173865999999999943e+01 2.636731000000000158e+00 6.008257000000000403e+00 -1.744866000000000028e+01 -1.833746999999999971e+01 4.910281999999999591e+00 -4.852746999999999922e+00 -6.579678000000000360e+00 5.153396000000000088e-01 -3.289264000000000188e+00
-7.149822000000000344e+00 9.131045999999999552e+00 1.189555000000000007e+01 1.662986000000000075e+00 7.340383000000000102e+00 -1.714682000000000173e+01 -1.794191999999999965e+01 6.258760999999999797e+00 -2.175359999999999960e+00 -5.135186000000000028e+00 -1.049808000000000074e+00 -1.685991999999999935e+00
-7.375415000000000276e+00 8.810921000000000447e+00 1.274624000000000024e+01 1.177391000000000076e+00 8.022740000000000649e+00 -1.895487999999999928e+01 -1.916710000000000136e+01 9.478854999999999364e+00 -2.021462000000000092e+00 -6.010740000000000194e+00 1.008294000000000024e+00 -3.489695000000000213e+00
-7.403538000000000174e+00 7.856377000000000166e+00 1.132869999999999955e+01 5.390820999999999863e+00 7.891594000000000442e+00 -2.200510999999999839e+01 -1.953154999999999930e+01 8.382999999999999119e+00 9.749010000000000176e-01 -3.723570000000000046e+00 -1.176723999999999964e-01 -3.612378999999999785e+00
-8.009397999999999129e+00 9.330961999999999534e+00 1.160200999999999993e+01 1.593979999999999952e+00 8.749209000000000458e+00 -1.984797000000000011e+01 -1.988610999999999862e+01 1.036664999999999992e+01 1.124327999999999994e+00 -3.479591000000000101e+00 -2.262059999999999960e+00 -4.681682999999999595e+00
-8.531501000000000445e+00 8.636601000000000639e+00 1.211655000000000015e+01 2.563635999999999804e+00 8.787361000000000644e+00 -2.129600999999999900e+01 -2.065352000000000032e+01 9.712023000000000295e+00 3.399268000000000178e+00 -3.711985999999999897e-01 -4.025404000000000204e-01 -4.206494000000000177e+00
-8.067171000000000092e+00 7.908218999999999888e+00 1.155096999999999952e+01 4.659873000000000154e+00 9.007925000000000182e+00 -2.022588999999999970e+01 -2.197895000000000110e+01 9.887446999999999875e+00 7.587320000000000064e+00 -4.474885999999999697e+00 -2.320584000000000202e+00 -3.370598000000000205e+00
-7.785027999999999615e+00 8.633038000000000878e+00 1.216970000000000063e+01 1.694676999999999989e+00 9.628683000000000547e+00 -1.874005999999999972e+01 -2.578190000000000026e+01 9.015345999999999194e+00 7.864932999999999730e+00 -2.519941999999999904e+00 -8.354694999999999760e-01 -2.414069000000000020e+00
-7.523670000000000080e+00 8.350172999999999845e+00 1.294067000000000078e+01 1.265819999999999945e+00 8.978913999999999618e+00 -2.003246000000000038e+01 -2.367128999999999905e+01 6.977407000000000359e+00 4.806713000000000235e+00 -1.889750000000000041e+00 1.105083999999999955e+00 -6.553050000000000264e-01
-7.556683999999999735e+00 7.978528999999999982e+00 1.271588000000000029e+01 2.889752000000000098e+00 6.189079999999999693e+00 -1.998223000000000127e+01 -2.261449999999999960e+01 7.097285000000000288e+00 4.684487999999999985e+00 3.351283999999999930e-01 1.762105999999999950e+00 -2.105135999999999896e+00
-7.670092000000000354e+00 7.647712000000000288e+00 1.253325000000000067e+01 7.960709000000000257e-01 6.654847000000000179e+00 -2.039347000000000065e+01 -2.007030999999999921e+01 8.729141999999999513e+00 1.578197999999999990e+00 -2.045135000000000147e+00 1.130344000000000015e+00 -1.528450000000000086e+00
-7.852583000000000091e+00 6.829901000000000444e+00 1.100774000000000008e+01 2.486265000000000003e-01 7.086833999999999634e+00 -1.791112000000000037e+01 -1.934044000000000096e+01 5.551414000000000293e+00 3.801715000000000177e+00 -2.126460999999999935e+00 -1.162104999999999944e+00 1.255702999999999958e-01
-8.430320000000000036e+00 3.632534999999999847e+00 1.105582000000000065e+01 4.326414000000000093e-01 7.992536999999999558e+00 -1.436858999999999931e+01 -2.097944000000000031e+01 7.176994999999999791e+00 2.057811999999999975e-01 -1.479841000000000073e-01 2.054476999999999887e+00 -7.916592000000000073e-01
-8.884256000000000597e+00 7.130071999999999799e-02 1.037003999999999948e+01 2.400068000000000090e+00 1.087734999999999985e+01 -1.794294000000000011e+01 -2.355079999999999885e+01 9.222151999999999461e+00 6.641228999999999605e-01 -1.484849000000000085e+00 3.481816999999999940e+00 -2.440725000000000033e+00
-1.026501999999999981e+01 2.810512000000000121e+00 1.081330999999999953e+01 3.889565999999999857e+00 1.132443999999999917e+01 -1.698370999999999853e+01 -2.214438000000000173e+01 6.974896000000000207e+00 2.386817000000000188e+00 2.781901999999999986e-02 3.608620000000000161e+00 -2.092833999999999861e+00
-8.165905999999999665e+00 -9.671629999999999949e-01 7.608770999999999951e+00 4.889891999999999683e+00 8.162231000000000236e+00 -1.749689000000000050e+01 -2.297400999999999982e+01 6.022456000000000031e+00 1.901645999999999948e+00 2.531975000000000087e+00 4.224624999999999631e+00 -2.233459999999999890e-01
-8.349619999999999820e+00 1.149294000000000038e+00 6.310590999999999617e+00 2.912241999999999997e+00 7.680170999999999637e+00 -1.677237999999999829e+01 -2.073253000000000057e+01 5.518149000000000193e+00 -3.047295999999999894e-01 2.282805000000000195e+00 4.320915000000000283e+00 7.193431999999999604e-01
-9.963922000000000168e+00 9.769189000000000345e-01 3.501662000000000052e+00 3.309407999999999905e+00 6.293599000000000387e+00 -1.742379000000000033e+01 -2.237350999999999956e+01 3.625194000000000027e+00 1.005085000000000006e+00 3.093644999999999978e+00 6.004362000000000421e+00 2.262297999999999920e+00
-1.350431999999999988e+01 3.960437000000000207e+00 4.041094000000000186e+00 1.085707000000000061e-01 8.510761999999999716e+00 -7.033405000000000129e+00 -1.640957999999999828e+01 4.692806000000000033e+00 3.162272000000000194e+00 1.868907000000000096e+00 5.749506000000000228e+00 2.937062999999999757e-01
-8.577963999999999700e+00 3.545374999999999943e+00 3.617646000000000139e+00 -3.946912999999999894e+00 3.391694999999999904e+00 -8.380003999999999564e+00 -1.294093999999999944e+01 6.678964999999999819e+00 4.121436000000000099e+00 1.819418999999999897e+00 6.061634999999999884e+00 9.501884000000000441e-01
-8.697179999999999467e+00 1.985897000000000023e+00 3.392976999999999799e-01 -4.845519999999999605e+00 -1.377238000000000073e-01 -8.499845000000000539e+00 -1.401451999999999920e+01 4.881410999999999945e+00 5.102585000000000370e+00 4.014535000000000409e+00 9.051873000000000502e+00 2.350638000000000005e+00
-9.302122000000000668e+00 2.686090999999999784e+00 6.003678000000000070e-01 -4.948260999999999576e+00 4.289860999999999813e-01 -3.227822999999999887e+00 -7.254539000000000293e+00 5.270859999999999879e+00 7.200897000000000325e+00 1.382678999999999991e+00 4.402198000000000278e+00 2.117572000000000010e+00
-6.696191999999999922e+00 6.208278999999999881e-01 8.002825000000000077e-01 -8.946497000000000810e+00 1.780982999999999983e+00 -5.018067000000000499e-01 -9.979469999999999175e+00 5.981972999999999985e+00 9.623400999999999428e+00 6.787750000000000172e-01 6.173181999999999725e+00 1.804537999999999975e+00
-6.564137999999999806e+00 1.995942000000000105e+00 7.074951000000000434e-01 -9.873215999999999326e+00 4.314087999999999923e+00 -1.332738999999999896e+00 -7.239230000000000054e+00 5.755709999999999660e+00 7.855245000000000033e+00 -3.034546000000000188e+00 1.801121999999999890e+00 6.860235999999999557e-01
-3.044833000000000123e+00 5.500797000000000381e+00 -4.120824999999999960e+00 -1.327340000000000053e+01 3.348377000000000159e+00 -7.832597000000000032e-01 -5.426889000000000074e+00 5.991387999999999714e+00 8.750688000000000244e+00 -2.493986000000000036e+00 7.059185000000000043e-01 -4.629055999999999726e-01
-2.661202999999999985e+00 6.547037999999999691e+00 -6.055022000000000126e+00 -1.291610999999999976e+01 3.208900000000000086e-01 -8.329864000000000157e-01 -2.858499999999999819e+00 1.482439999999999980e+00 1.168072000000000088e+01 -3.333549999999999791e+00 -2.188530000000000086e+00 1.686125000000000096e+00
-2.918587000000000042e+00 1.124231999999999942e+01 -3.315262000000000153e+00 -1.615886000000000067e+01 -1.512372999999999967e+00 2.888473999999999764e-01 1.944944999999999924e+00 -2.608680000000000027e-02 1.098948000000000036e+01 -6.707723999999999798e+00 -5.358591999999999800e+00 2.843084999999999862e+00
-2.550546999999999898e+00 1.238382000000000005e+01 -3.224161000000000055e+00 -1.410811999999999955e+01 -3.404850000000000154e+00 -3.948943999999999788e-01 1.039762000000000075e+00 8.893225000000000158e-01 8.341162000000000631e+00 -5.862968999999999653e+00 -3.296987999999999808e+00 3.527248000000000161e+00
-2.220412000000000052e+00 1.215732999999999997e+01 -2.281104000000000021e+00 -1.258231999999999928e+01 -3.642503000000000046e+00 -2.095546000000000131e+00 8.585279999999999578e-01 1.264650000000000052e+00 8.594181000000000736e+00 -4.606046000000000085e+00 -4.840627999999999709e+00 3.234719000000000122e+00
-1.934293999999999958e+00 1.341937000000000069e+01 -4.097629000000000410e+00 -1.212893000000000043e+01 -4.454018999999999728e+00 -1.772820000000000062e+00 -1.858996000000000093e+00 1.868122999999999978e+00 1.305462999999999951e+01 -5.878195999999999977e+00 -7.338410999999999795e+00 1.039895000000000014e+00
-1.851760000000000073e+00 1.320065999999999917e+01 -3.075701000000000018e+00 -1.241466999999999921e+01 -3.108778000000000041e+00 -3.111959999999999837e+00 -3.216029999999999944e+00 7.198603999999999559e-01 1.221954999999999991e+01 -3.538076999999999916e+00 -4.684061999999999948e+00 -7.783312999999999482e-01
-2.500109999999999832e+00 1.375440000000000040e+01 -1.621048000000000044e+00 -1.191986999999999952e+01 -3.261384000000000061e+00 -6.556526999999999994e+00 -1.005665000000000031e+00 1.629307000000000061e+00 9.359574000000000282e+00 -4.895542999999999978e-01 -5.272806000000000104e+00 -4.764043000000000028e-01
-2.815878000000000103e+00 1.209642000000000017e+01 1.831488000000000005e+00 -9.739293999999999230e+00 -4.453223999999999627e+00 -8.576921000000000461e+00 -4.388372999999999635e+00 2.557897000000000087e+00 1.043984999999999985e+01 5.496912000000000464e-01 -3.205700999999999912e+00 -8.805115999999999499e-01
-2.438972999999999836e+00 1.378194000000000052e+01 1.893909000000000065e+00 -1.066397000000000084e+01 -7.155626999999999960e+00 -9.344701000000000590e+00 -3.588375000000000092e+00 5.301928000000000196e+00 1.155924000000000085e+01 -1.569981999999999989e+00 -4.309908000000000072e+00 -1.129810999999999899e+00
-2.242115000000000080e+00 1.358460999999999963e+01 1.222464999999999913e+00 -1.076978000000000080e+01 -7.637687999999999811e+00 -9.121924999999999173e+00 -2.630351999999999801e+00 5.793995999999999924e+00 1.117543000000000042e+01 -2.420274000000000036e+00 -5.806526999999999994e+00 -8.870050000000000157e-02
-2.422772000000000148e+00 1.393617000000000061e+01 1.814618000000000064e+00 -1.127377000000000073e+01 -7.513696000000000375e+00 -9.179111000000000686e+00 -4.804668000000000383e+00 6.214198999999999806e+00 1.129429999999999978e+01 -1.959656000000000065e+00 -4.436709999999999710e+00 -3.508148999999999851e-01
-1.945910000000000029e+00 1.595866000000000007e+01 1.656457999999999986e+00 -1.247958000000000034e+01 -8.226653000000000659e+00 -9.637093999999999383e+00 -1.434800000000000075e+00 5.340213999999999572e+00 8.955638000000000432e+00 -1.686261000000000010e+00 -4.020538000000000167e+00 -1.452755000000000019e+00
-1.586429000000000089e+00 1.614497000000000071e+01 2.263793000000000166e+00 -1.073705999999999960e+01 -9.895785000000000053e+00 -1.063113000000000063e+01 -1.401219999999999910e+00 6.876043000000000127e+00 7.805684000000000289e+00 -2.059670000000000112e+00 -3.014120999999999828e+00 -2.226112000000000091e+00
-1.566866000000000092e+00 1.729683999999999955e+01 4.037298999999999971e+00 -1.220100000000000051e+01 -1.142859999999999943e+01 -8.901139000000000578e+00 -2.959239999999999871e+00 8.855297999999999448e+00 7.086870000000000225e+00 -2.100852000000000164e+00 -3.657138000000000222e+00 -4.037333000000000283e+00
-1.667129000000000083e+00 1.815449999999999875e+01 3.871967999999999854e+00 -1.059139000000000053e+01 -1.013780999999999999e+01 -1.342576999999999998e+01 -2.347389999999999866e+00 8.495661999999999381e+00 6.659084000000000003e+00 7.590630000000000432e-01 -4.250632999999999662e+00 -3.080119999999999969e+00
-1.732850000000000001e+00 1.854460999999999871e+01 3.745861999999999803e+00 -8.083671000000000717e+00 -1.009090999999999916e+01 -1.321841000000000044e+01 -2.413069000000000131e+00 5.748806000000000083e+00 5.695820999999999579e+00 -1.266825000000000090e+00 -3.225709000000000160e+00 2.576528000000000151e-01
-2.504389000000000198e+00 1.915796999999999883e+01 6.613837000000000188e+00 -7.566385000000000360e+00 -1.086547000000000018e+01 -1.374253000000000036e+01 -4.971580999999999584e+00 5.405488000000000071e+00 7.756869000000000014e+00 -1.961039999999999894e+00 -8.290802999999999368e-02 -2.147340999999999944e+00
-2.783170000000000144e+00 1.885696000000000083e+01 7.360776000000000430e+00 -5.933252000000000415e+00 -1.128752000000000066e+01 -1.604635999999999996e+01 -4.720223999999999975e+00 7.060882000000000325e+00 7.270207000000000086e+00 2.115817000000000114e-01 -2.021209999999999951e+00 -3.208272000000000013e+00
-2.785309999999999953e+00 1.807576999999999856e+01 7.600757999999999903e+00 -3.383623000000000047e+00 -1.215029999999999966e+01 -1.504785000000000039e+01 -4.632817000000000185e+00 7.408907000000000131e+00 4.611079000000000150e+00 -1.061097000000000012e-01 1.301801999999999959e-01 -1.221055000000000001e+00
-2.842166000000000192e+00 1.854559000000000069e+01 7.921295999999999893e+00 -4.835808000000000106e+00 -9.984804999999999708e+00 -1.459334999999999916e+01 -8.010092999999999464e+00 9.024445999999999302e+00 6.861053000000000068e+00 -2.663213999999999970e+00 -8.847399000000000235e-01 -7.943930999999999631e-01
-2.550546999999999898e+00 1.823679999999999879e+01 6.232565000000000133e+00 -5.815176000000000123e+00 -1.033094999999999963e+01 -1.129399000000000086e+01 -5.838245999999999825e+00 6.095889999999999809e+00 6.111683000000000199e+00 -1.176501000000000019e+00 -1.104330999999999952e+00 -1.068638999999999895e+00
-2.200236999999999998e+00 1.857377999999999929e+01 5.026749999999999829e+00 -6.750585000000000058e+00 -9.719333999999999918e+00 -1.163461000000000034e+01 -5.106396000000000157e+00 6.004254000000000424e+00 8.782735000000000625e+00 -3.026769000000000265e-01 -2.278817000000000093e+00 -4.022467000000000126e-01
-2.773388000000000186e+00 1.921694000000000102e+01 5.769892999999999716e+00 -3.392824000000000062e+00 -9.051284000000000773e+00 -1.350533000000000072e+01 -7.374538000000000260e+00 5.129328000000000110e+00 8.192852000000000245e+00 1.987262000000000084e+00 -1.238385999999999987e+00 -1.197988000000000053e+00
-2.606791999999999998e+00 1.871471999999999980e+01 7.573764999999999858e+00 -3.795100999999999836e+00 -9.695887000000000810e+00 -1.347202000000000055e+01 -8.465894000000000474e+00 6.616827999999999932e+00 5.154009000000000285e+00 3.222383000000000219e+00 -5.325942000000000176e-01 -1.122292000000000067e+00
-2.966883999999999855e+00 1.814736999999999867e+01 9.739929999999999310e+00 -2.182926000000000144e+00 -1.108047000000000004e+01 -1.246852999999999945e+01 -9.538978000000000179e+00 5.539488999999999663e+00 4.569344000000000072e+00 1.120012999999999925e+00 3.391529999999999934e+00 1.121912999999999938e+00
-3.257280999999999871e+00 2.026674999999999827e+01 1.001280999999999999e+01 -2.266243999999999925e+00 -1.153828999999999994e+01 -1.385242000000000040e+01 -8.187376000000000431e+00 3.146621000000000112e+00 4.025668999999999720e+00 3.499238000000000071e+00 7.153586999999999918e+00 -3.328735999999999917e-01
-3.322391000000000094e+00 1.978136999999999901e+01 8.890081000000000344e+00 -1.440220999999999973e+00 -1.098906999999999989e+01 -1.489817999999999998e+01 -9.491075999999999624e+00 3.956272999999999929e+00 4.125906999999999769e+00 4.611157999999999646e+00 7.512485999999999997e+00 2.691010999999999820e-01
-3.206538000000000110e+00 1.841047000000000011e+01 8.803198999999999330e+00 -3.078975999999999935e+00 -1.185065999999999953e+01 -1.336609999999999943e+01 -9.115769000000000233e+00 2.343558999999999948e+00 7.423359999999999737e+00 2.961101000000000205e+00 4.896152999999999977e+00 -4.082272000000000123e-01
-3.194922000000000040e+00 1.886214999999999975e+01 9.438791999999999405e+00 -2.240174999999999805e+00 -1.369664000000000037e+01 -1.510751999999999917e+01 -8.763671000000000433e+00 3.031763000000000208e+00 9.177355999999999625e+00 4.664106000000000307e+00 4.991191999999999851e+00 -7.778186999999999740e-01
-3.096493000000000162e+00 1.856243999999999872e+01 7.946602000000000388e+00 -1.886968999999999896e+00 -1.291572000000000031e+01 -1.521791999999999945e+01 -9.307866999999999891e+00 3.285015000000000018e+00 8.010633000000000337e+00 3.664312999999999931e+00 3.137925000000000075e+00 1.148396999999999890e+00
-3.708161000000000040e+00 1.728031000000000006e+01 7.427836000000000105e+00 -3.438827999999999996e+00 -1.148344999999999949e+01 -1.387082000000000015e+01 -7.798240999999999978e+00 5.768263000000000140e+00 6.635981000000000130e+00 -4.520156000000000174e-02 2.426880999999999844e+00 1.515255000000000019e+00
-4.157206000000000401e+00 1.507216000000000022e+01 8.481394999999999129e+00 -2.145611999999999853e+00 -1.092548000000000030e+01 -1.531737000000000037e+01 -6.874787000000000425e+00 6.432303000000000104e+00 3.035575999999999830e+00 -2.021256000000000164e+00 3.563101000000000074e+00 6.443313000000000512e-01
-5.721375000000000099e+00 1.528439000000000014e+01 7.696919000000000288e+00 1.637428000000000106e+00 -7.933362999999999943e+00 -1.267689000000000021e+01 -7.265896999999999828e+00 3.845495000000000108e+00 2.371166999999999803e+00 1.800038999999999945e+00 3.672146000000000132e+00 -7.730344000000000104e-01
-4.992326000000000263e+00 1.643043000000000120e+01 5.678791999999999618e+00 -2.366429999999999811e+00 -6.520165000000000433e+00 -1.028055999999999948e+01 -3.679238999999999926e+00 1.976391000000000009e+00 6.652409000000000239e-01 -1.165772999999999948e+00 5.726132999999999917e-01 -2.094542000000000126e+00
-5.835700000000000109e+00 1.475333000000000006e+01 4.202206999999999582e+00 -4.344078999999999802e+00 -1.078837000000000046e+01 -1.185341000000000022e+01 -2.483686000000000060e+00 2.969940999999999942e+00 2.678590999999999944e+00 -1.688337999999999894e+00 9.022497999999999907e-01 -4.121058999999999806e+00
-8.963428000000000395e+00 1.287988000000000000e+01 3.058390999999999860e+00 -2.884738000000000024e+00 -3.998187000000000157e+00 -3.377499999999999947e+00 -1.927143999999999968e+00 2.458101999999999787e+00 1.259595000000000020e+00 -2.425810999999999940e+00 8.787399999999999656e-01 -2.245762000000000036e+00
-9.439372999999999791e+00 1.387200999999999951e+01 5.977820999999999607e+00 -1.114106000000000041e+00 -3.015385999999999900e+00 -5.983674999999999855e+00 -6.604169999999999874e+00 -3.518754000000000326e-02 1.112775999999999987e+00 -2.765305000000000124e+00 2.234551000000000176e+00 -1.675569000000000086e+00
-9.152032999999999419e+00 1.175815000000000055e+01 7.083679000000000059e+00 -1.140174999999999939e+00 -2.427216000000000040e+00 -4.395405000000000229e+00 -7.883179000000000158e+00 1.753892999999999924e+00 -3.423316999999999943e+00 -6.735408999999999757e+00 1.453977999999999993e+00 5.018257999999999885e-01
-1.447607999999999961e+01 7.854433000000000220e+00 2.010314999999999852e+00 -3.179162999999999961e+00 -4.030376999999999654e+00 -2.201961999999999975e+00 -7.320712000000000330e+00 -2.598459000000000074e+00 -6.177435000000000009e-01 1.775468000000000046e+00 4.483482000000000411e+00 -1.732639999999999958e+00
-1.516874999999999929e+01 7.919882999999999562e+00 3.172267000000000170e+00 -3.903465999999999880e+00 -2.915237999999999996e+00 -2.839458000000000037e+00 -9.801693000000000211e+00 -4.676297999999999844e-01 -2.809213000000000182e+00 -2.341715999999999909e+00 4.613286000000000442e+00 -2.240123000000000086e+00
-1.204621999999999993e+01 7.823002999999999929e+00 9.057942000000000604e+00 4.292864999999999931e+00 3.054291999999999785e+00 -6.393919999999999604e+00 -1.676315999999999917e+01 3.256457000000000157e+00 2.096534000000000120e+00 -3.490318999999999949e+00 1.226770999999999973e-01 -4.495777000000000356e+00
-9.966060999999999837e+00 4.744226000000000276e+00 1.300225000000000009e+01 9.598117999999999483e+00 5.308017000000000429e+00 -8.521724999999999994e+00 -2.115771000000000157e+01 2.883954999999999824e+00 -1.442012999999999989e+00 -7.006726999999999705e+00 -2.377607999999999944e+00 -4.081758999999999915e+00
-1.173351000000000077e+01 9.670529000000000153e+00 1.372809999999999953e+01 9.185105999999999327e+00 1.234737999999999936e+01 -3.669893000000000072e+00 -1.491624999999999979e+01 4.604623000000000133e+00 -2.451111000000000040e+00 -7.121622000000000341e+00 1.869537000000000004e-01 -3.159574000000000105e+00
-1.120162000000000013e+01 4.090690000000000381e+00 1.620636999999999972e+01 1.558933999999999997e+01 1.071560999999999986e+01 -1.158836999999999939e+01 -1.563625000000000043e+01 8.800065999999999278e+00 3.372811000000000003e+00 -1.082525000000000048e+01 -6.380514999999999937e+00 -4.007601000000000191e+00
-1.152992000000000061e+01 2.915817000000000103e+00 2.066523000000000110e+01 1.733900999999999826e+01 7.317332999999999643e+00 -1.392154000000000025e+01 -1.591475999999999935e+01 7.996375999999999706e+00 3.580741999999999869e+00 -1.008742999999999945e+01 -6.672134999999999927e+00 -4.248528000000000304e+00
-1.048357999999999990e+01 9.223713999999999302e+00 1.777995999999999910e+01 1.293543000000000021e+01 7.758062999999999931e+00 -1.084445999999999977e+01 -1.156217999999999968e+01 7.809967999999999577e+00 1.766752000000000100e+00 -1.120489000000000068e+01 -4.867888999999999911e+00 -4.650242999999999682e+00
-1.036161000000000065e+01 9.546106999999999232e+00 1.832994000000000057e+01 1.488189999999999991e+01 8.633960000000000079e+00 -1.129895999999999923e+01 -9.137496999999999758e+00 6.687123999999999846e+00 -2.001711999999999936e+00 -1.106161999999999956e+01 -4.930414999999999992e+00 -2.450464000000000198e+00
-1.040196000000000076e+01 1.046565999999999974e+01 1.887906999999999869e+01 1.386317000000000021e+01 8.796103999999999701e+00 -9.940924000000000760e+00 -8.852560000000000429e+00 6.136371999999999716e+00 -2.073630999999999780e+00 -8.818053000000000807e+00 -2.157017000000000184e+00 -4.038528999999999591e+00
-1.064131000000000071e+01 1.104693999999999932e+01 1.983014000000000010e+01 1.249634999999999962e+01 9.304792000000000840e+00 -6.536635999999999669e+00 -1.100910000000000011e+01 5.332367999999999775e+00 -1.241163000000000016e+00 -8.563000000000000611e+00 -1.736593000000000053e+00 -2.802284999999999915e+00
-1.087698999999999927e+01 1.223865999999999943e+01 2.099715000000000131e+01 1.127777000000000029e+01 8.849358000000000501e+00 -6.425745000000000040e+00 -8.844165000000000276e+00 3.795598000000000027e+00 -3.459834999999999994e+00 -7.670834000000000152e+00 -3.400780999999999832e+00 -1.213366000000000028e-01
-1.057834000000000074e+01 1.282771999999999935e+01 1.973440000000000083e+01 1.074156999999999940e+01 9.317111999999999838e+00 -3.467505000000000059e+00 -7.432316000000000145e+00 2.367094999999999949e+00 -3.441202999999999790e+00 -8.309677000000000646e+00 -3.378022000000000080e+00 -1.752289999999999903e+00
-1.111266999999999960e+01 1.280049999999999955e+01 2.099757999999999925e+01 1.029430999999999941e+01 8.848959999999999937e+00 -5.510774999999999757e+00 -9.115769000000000233e+00 3.390772000000000119e+00 -1.217686999999999964e+00 -6.484854999999999592e+00 -2.925085000000000157e+00 -7.086164000000000351e-01
-1.123831000000000024e+01 1.178406999999999982e+01 1.977066999999999908e+01 1.211810000000000009e+01 9.915217000000000169e+00 -5.741009000000000029e+00 -8.574534999999999130e+00 4.104709999999999859e+00 -2.601283000000000012e+00 -6.899791999999999703e+00 -3.139172999999999991e+00 -1.151340000000000030e+00
-1.126979000000000042e+01 1.163146000000000058e+01 2.038644000000000034e+01 1.269161000000000072e+01 8.773054000000000130e+00 -7.808146999999999949e+00 -8.807128000000000512e+00 4.535269000000000439e+00 -3.466915000000000191e+00 -6.070956999999999937e+00 -3.404033000000000087e+00 -1.449167000000000094e-01
-1.169866000000000028e+01 1.017631000000000085e+01 2.158466999999999913e+01 1.313836000000000048e+01 8.639523999999999759e+00 -5.844439999999999635e+00 -1.042637999999999998e+01 5.180480000000000196e+00 1.528669000000000000e-01 -1.050652000000000008e+01 -4.343671999999999755e+00 -1.257451000000000096e+00
-1.119857000000000014e+01 1.010178999999999938e+01 2.012537000000000020e+01 1.265991999999999962e+01 1.069135999999999953e+01 -7.291984000000000243e+00 -1.132070000000000043e+01 6.670804999999999652e+00 -2.051645000000000163e+00 -9.088679000000000840e+00 -3.117663999999999991e+00 -3.411436000000000135e+00
-1.107140000000000057e+01 1.047926999999999964e+01 2.022154000000000096e+01 1.266860999999999926e+01 1.114203000000000010e+01 -1.013087999999999944e+01 -1.381156000000000006e+01 6.704069999999999752e+00 -1.161418999999999979e+00 -7.292233999999999661e+00 -3.178688999999999876e+00 -2.785197999999999841e+00
-1.051750999999999969e+01 9.982554000000000372e+00 2.063191000000000130e+01 1.086987000000000059e+01 1.106850999999999985e+01 -1.167539000000000016e+01 -1.534736000000000011e+01 8.617108999999999241e+00 -2.339319999999999844e+00 -9.124670000000000059e+00 -4.458969999999999878e+00 -3.176318999999999892e+00
-9.885056000000000509e+00 9.669881000000000171e+00 2.017176999999999865e+01 9.357364999999999711e+00 9.775328000000000017e+00 -1.501702000000000048e+01 -1.880957000000000079e+01 9.829390999999999323e+00 -2.074375999999999998e+00 -7.000843999999999845e+00 -3.717162000000000077e+00 -3.375725000000000087e+00
-9.148364000000000829e+00 8.947978000000000876e+00 1.973734999999999928e+01 5.997558999999999862e+00 7.354689999999999728e+00 -1.442924999999999969e+01 -1.966043000000000163e+01 8.552775999999999712e+00 -2.549859000000000098e+00 -2.629992000000000107e+00 -4.470587999999999784e-01 -3.615968000000000071e+00
-9.049628999999999479e+00 8.303839999999999222e+00 2.025739000000000090e+01 3.917679999999999829e+00 6.254653000000000240e+00 -1.493398000000000003e+01 -2.355524000000000129e+01 9.256043999999999272e+00 2.186711999999999989e+00 -4.053028000000000297e+00 6.096285999999999650e-01 -1.137157999999999891e+00
-8.230098999999999165e+00 8.339157000000000153e+00 1.855726999999999904e+01 5.188405000000000378e+00 5.074735999999999692e+00 -1.676442000000000121e+01 -2.339376000000000033e+01 8.309879999999999711e+00 2.156527999999999778e+00 -4.448237999999999914e+00 1.307668000000000053e+00 4.732906000000000057e-01
-8.111800000000000566e+00 7.994729999999999670e+00 1.835270999999999830e+01 3.136127000000000109e+00 5.044929999999999914e+00 -1.686535999999999902e+01 -2.563820000000000121e+01 9.236587999999999354e+00 3.470100999999999880e-01 -2.498831000000000024e+00 3.022377000000000091e+00 5.206214999999999593e-01
-7.848914999999999864e+00 6.627716999999999636e+00 1.670741999999999905e+01 1.885337000000000041e+00 5.133949999999999569e+00 -1.493398000000000003e+01 -2.649894000000000105e+01 7.802749999999999631e+00 2.211679000000000173e+00 -8.380457999999999519e-01 4.104074999999999918e+00 -2.002442999999999973e+00
-7.636161000000000421e+00 6.895675999999999917e+00 1.429959000000000024e+01 1.444212000000000051e+00 3.888459999999999805e+00 -1.295684999999999931e+01 -2.301943999999999946e+01 6.667353000000000307e+00 4.897636000000000323e+00 -3.908717000000000219e+00 -7.074165000000000036e-01 8.022150999999999588e-01
-8.378659999999999997e+00 5.983253000000000377e+00 1.425234999999999985e+01 2.018747999999999987e+00 5.359680000000000000e+00 -1.273258000000000045e+01 -2.340117000000000047e+01 9.274874000000000507e+00 6.510775999999999897e+00 -4.425398000000000387e+00 1.653561000000000059e+00 -4.584629000000000065e-01
-8.380188000000000415e+00 3.833098999999999812e+00 1.248390999999999984e+01 1.916006000000000098e+00 6.727572999999999581e+00 -1.291009999999999991e+01 -2.396956000000000131e+01 5.972558000000000256e+00 4.807085999999999970e+00 -4.004232000000000014e+00 3.166936999999999891e+00 9.604405999999999777e-01
-9.180156000000000205e+00 2.923592999999999886e+00 1.305835000000000079e+01 2.996071000000000151e+00 8.057314999999999117e+00 -1.246803000000000061e+01 -2.527572999999999936e+01 9.461596000000000117e+00 5.864997999999999934e+00 -3.192699999999999871e+00 1.353436000000000083e+00 -3.270640000000000214e-01
-8.030184000000000211e+00 8.951219000000000037e+00 1.042023000000000010e+01 5.021581999999999990e-01 4.844236000000000431e+00 -1.142376999999999931e+01 -2.122734000000000165e+01 5.807176000000000116e+00 6.646041999999999561e+00 -1.948927999999999994e+00 2.359103000000000172e+00 6.383509000000000544e-01
-1.024820000000000064e+01 2.222103000000000161e+00 1.233038999999999952e+01 8.022046999999999928e-01 8.509968000000000643e+00 -8.991144000000000247e+00 -2.211030999999999835e+01 7.073121000000000436e+00 5.539686999999999806e+00 -1.752359999999999918e+00 1.890158999999999923e+00 9.847040999999999711e-01
-9.499287000000000702e+00 5.257463000000000442e+00 8.639977000000000018e+00 2.679157000000000011e+00 6.467666000000000359e+00 -9.726601999999999748e+00 -1.986636000000000024e+01 5.724955999999999712e+00 3.974990000000000023e+00 -2.964640000000000164e+00 2.081987999999999950e+00 -6.797393999999999936e-01
-9.904923999999999396e+00 5.632995000000000196e+00 5.310173999999999950e+00 4.533107000000000220e+00 5.331464000000000425e+00 -1.019999999999999929e+01 -2.101746999999999943e+01 2.573587999999999987e+00 5.508013000000000048e+00 -6.117166000000000547e-01 3.913495999999999864e+00 2.207448999999999995e+00
-1.442104999999999926e+01 5.887345999999999968e+00 4.490849000000000230e-02 7.429109999999999880e-01 3.683793000000000095e+00 1.070551000000000030e+00 -5.667381999999999920e+00 -8.071817000000000020e-01 -2.993294999999999817e+00 5.337720999999999716e-01 3.163435999999999915e+00 -1.351258000000000070e+00
-2.159936000000000078e+01 9.010996999999999479e-01 -4.358277000000000179e+00 2.185383999999999993e+00 4.909810000000000230e+00 8.079525000000000290e+00 5.863453999999999944e+00 2.487287999999999943e+00 4.043928000000000189e+00 5.908916999999999753e+00 6.710904000000000202e+00 2.647952000000000083e+00
-1.938990000000000080e+01 4.741309000000000218e+00 1.674171000000000076e+00 7.840774999999999828e+00 9.908858000000000388e+00 1.058277000000000001e+01 3.536052000000000195e+00 1.173642000000000074e+00 5.450999999999999623e+00 8.028244000000000824e+00 8.715234000000000592e+00 3.407639000000000085e+00
