-6.982402000000000442e+00 9.820933000000000135e+00 -2.245791000000000037e-01 -6.973328999999999667e+00 -1.856254999999999988e+00 1.652916000000000052e+00 4.018887000000000320e+00 1.093177000000000021e+01 1.328842999999999996e+01 -5.514596000000000053e+00 -6.335336999999999996e+00 3.193761999999999990e+00
-3.902610999999999830e+00 1.460261000000000031e+01 4.219697000000000031e+00 -1.150666999999999973e+01 -4.652166000000000246e+00 -3.298080000000000123e+00 1.857021999999999951e+00 6.391801000000000066e+00 1.263949999999999996e+01 -9.239872999999999337e+00 -8.362529000000000323e+00 5.569723999999999897e+00
-2.193699000000000066e+00 1.309333999999999953e+01 7.779635999999999774e-01 -1.235989000000000004e+01 -4.590697999999999723e+00 -1.513800999999999952e+00 8.630668000000000228e-01 8.948982000000000880e+00 1.259955000000000069e+01 -1.046709000000000067e+01 -5.973315000000000374e+00 5.137506000000000128e+00
-1.168039000000000049e+00 1.306776999999999944e+01 -2.259005999999999847e+00 -1.309983000000000075e+01 -4.160422999999999760e+00 -1.029606999999999939e+00 3.295296000000000003e+00 7.391424999999999912e+00 1.062114000000000047e+01 -1.007733999999999952e+01 -6.690304000000000251e+00 3.822242000000000139e+00
-1.596673000000000009e+00 1.282346000000000075e+01 -2.422544000000000086e-01 -1.548686999999999969e+01 -6.014997000000000149e+00 -1.861682999999999977e+00 6.422297000000000367e+00 4.934281999999999613e+00 1.206739999999999924e+01 -1.093987000000000087e+01 -6.778483999999999732e+00 8.317956000000000572e+00
-1.544812000000000074e+00 1.373814999999999920e+01 -2.381672000000000011e+00 -1.562485000000000035e+01 -5.030631999999999771e+00 -4.159406999999999854e+00 6.912725000000000009e+00 5.034320000000000128e+00 1.284146999999999927e+01 -8.103177000000000518e+00 -8.806639000000000550e+00 8.201347000000000165e+00
-1.426406999999999980e+00 1.404190999999999967e+01 -1.989281000000000077e+00 -1.569083000000000006e+01 -6.042657000000000167e+00 -4.716585000000000250e+00 5.650502000000000358e+00 8.935052999999999912e+00 1.261447000000000074e+01 -8.600704999999999600e+00 -7.678888999999999854e+00 4.729650999999999605e+00
-1.237708000000000030e+00 1.165183999999999997e+01 -6.611588999999999938e-01 -1.527566999999999986e+01 -7.027459999999999596e+00 -2.403242999999999796e+00 5.751627000000000045e+00 8.010396000000000072e+00 1.206126000000000076e+01 -8.745601000000000624e+00 -8.098629000000000744e+00 4.330829999999999735e+00
-1.435467000000000048e+00 1.133882999999999974e+01 -1.043652000000000024e+00 -1.516841999999999935e+01 -5.013948000000000071e+00 -2.989104000000000205e+00 4.124202999999999619e+00 7.020143000000000022e+00 1.423066000000000031e+01 -9.115491000000000454e+00 -7.359835000000000349e+00 4.928104000000000262e+00
-1.702269999999999950e+00 1.253941999999999979e+01 -2.061748999999999832e+00 -1.590714999999999968e+01 -4.096759999999999735e+00 -2.239666999999999852e+00 3.516407000000000060e+00 6.514885999999999733e+00 1.119805999999999990e+01 -7.394980000000000331e+00 -7.786629999999999718e+00 4.318785000000000096e+00
-2.512363000000000124e+00 1.169928999999999952e+01 -9.248743000000000380e-01 -1.433206000000000024e+01 -3.837715999999999905e+00 -4.632241999999999749e+00 4.611487000000000336e+00 8.095491000000000881e+00 9.534898999999999347e+00 -1.142534999999999989e+01 -7.280632999999999910e+00 7.073860999999999954e+00
-2.884449000000000041e+00 1.160501000000000005e+01 1.183435000000000015e+00 -1.508586999999999989e+01 -5.324799999999999756e+00 -3.440355999999999970e+00 3.313633999999999968e+00 8.924417000000000044e+00 9.351371999999999574e+00 -1.273755000000000059e+01 -7.055852999999999930e+00 6.113348000000000226e+00
-3.150627000000000066e+00 1.023160000000000025e+01 3.200185999999999975e+00 -1.494004999999999939e+01 -4.757977999999999597e+00 -2.757372000000000156e+00 -9.666065000000000351e-01 1.002229999999999954e+01 8.096534999999999371e+00 -1.118049000000000071e+01 -3.807278999999999858e+00 5.722190000000000332e+00
-3.553955999999999893e+00 1.091369000000000078e+01 3.980373999999999857e+00 -1.487285999999999930e+01 -7.423928000000000083e+00 -1.418694000000000066e-01 -4.656993999999999856e-01 8.417132999999999754e+00 3.420094999999999885e+00 -8.908730999999999511e+00 -2.155895999999999813e+00 6.164260999999999768e+00
-4.445901000000000103e+00 1.280282000000000053e+01 5.594128000000000434e+00 -1.333061000000000007e+01 -8.156712999999999880e+00 -5.707124999999999559e+00 3.535270000000000135e+00 8.155767000000000877e+00 4.157278999999999947e+00 -9.009667999999999566e+00 -4.683313000000000059e+00 8.200525999999999982e+00
-4.004457999999999629e+00 1.150703999999999994e+01 5.922888000000000375e+00 -1.327547999999999995e+01 -7.801077000000000261e+00 -4.991767000000000287e+00 4.870324000000000098e+00 5.134611999999999732e+00 -7.110305000000000097e-01 -9.468450000000000699e+00 -3.764311000000000185e+00 7.184173000000000364e+00
-3.988837999999999884e+00 1.297287999999999997e+01 6.965023999999999660e+00 -1.193238000000000021e+01 -8.802564999999999529e+00 -4.870504999999999640e+00 1.912562000000000095e+00 4.650121999999999645e+00 -1.028907000000000085e-02 -8.114898999999999418e+00 -4.967094000000000342e+00 7.057163000000000075e+00
-4.384980999999999796e+00 1.405885999999999925e+01 6.682572000000000401e+00 -1.153439000000000014e+01 -7.252696000000000254e+00 -7.545360999999999763e+00 3.543128999999999973e+00 3.139416999999999902e+00 -4.188394999999999868e+00 -9.183543000000000234e+00 -3.220155999999999796e+00 6.621661999999999715e+00
-4.992003000000000412e+00 1.507119999999999926e+01 8.706039999999999779e+00 -9.705023999999999873e+00 -4.700022999999999840e+00 -6.855845000000000411e+00 2.093328000000000078e+00 3.440291999999999906e+00 -7.611753000000000213e+00 -9.656976999999999478e+00 -3.139991999999999894e+00 4.162213000000000385e+00
-4.206279000000000323e+00 1.559401000000000082e+01 7.736019999999999897e+00 -9.610723000000000127e+00 -2.057782000000000000e+00 -7.131878999999999635e+00 4.300777000000000072e+00 5.392432000000000336e+00 -1.256391999999999953e+01 -8.319055000000000533e+00 -6.497588999999999615e+00 1.595736000000000043e+00
-4.681149999999999700e+00 1.588761000000000045e+01 9.215795999999999211e+00 -8.338723999999999137e+00 -1.641556999999999933e+00 -7.216505999999999865e+00 1.456714999999999982e+00 7.364724999999999744e-01 -1.349342000000000041e+01 -5.717450000000000365e+00 -4.633931999999999718e+00 7.663394000000000039e-01
-4.787995999999999697e+00 1.587158999999999942e+01 8.874309999999999476e+00 -7.050756999999999941e+00 -1.480423000000000044e+00 -7.979006000000000043e+00 2.101712000000000025e+00 1.863993000000000011e+00 -1.454277000000000086e+01 -5.202338000000000129e+00 -8.938428999999999292e+00 -1.430603999999999987e+00
-5.933936000000000099e+00 1.757217999999999947e+01 1.072173000000000087e+01 -7.782563999999999815e+00 -5.026448000000000027e-01 -7.116259999999999586e+00 1.356638000000000011e+00 1.796372000000000080e+00 -1.110712000000000010e+01 -1.030982000000000021e+01 -8.703708000000000666e+00 1.622210000000000041e-01
-6.670611000000000068e+00 1.852907000000000082e+01 1.120462000000000025e+01 -6.793465000000000309e+00 1.340953000000000062e+00 -5.468009999999999593e+00 1.042262000000000022e+00 -2.573907999999999863e+00 -9.258672000000000679e+00 -6.029055999999999749e+00 -9.995955000000000368e+00 -1.159065000000000012e+00
-6.893989000000000367e+00 1.915261999999999887e+01 1.020597000000000065e+01 -9.822824000000000666e+00 5.669609000000000343e+00 -4.603558999999999735e+00 1.668919000000000041e+00 -3.005719000000000030e+00 -1.233736999999999995e+01 -6.750602999999999909e+00 -8.786758000000000735e+00 5.875947999999999727e-01
-7.090184999999999960e+00 1.878661999999999921e+01 1.031978999999999935e+01 -8.703573000000000448e+00 3.324170000000000069e+00 -6.141054999999999708e+00 8.499678000000000511e-01 -4.551227999999999940e-01 -9.955023000000000621e+00 -6.456578999999999624e+00 -9.540300999999999476e+00 -3.261102000000000167e-01
-6.508155000000000356e+00 1.724129999999999896e+01 9.574251000000000289e+00 -7.634032999999999625e+00 3.804497000000000018e+00 -5.375147000000000119e+00 7.048305000000000264e-01 -8.150072999999999901e-01 -1.016885000000000083e+01 -5.712240000000000428e+00 -1.000428999999999924e+01 1.536610999999999949e+00
-7.152668000000000248e+00 1.712022999999999939e+01 1.006986999999999988e+01 -5.843834000000000195e+00 3.406712000000000184e+00 -3.977088000000000179e+00 1.927232000000000056e+00 -1.189327999999999941e+00 -8.400308000000000774e+00 -5.835970999999999798e+00 -1.216488000000000014e+01 -3.819507999999999792e-01
-7.009269999999999889e+00 1.788271999999999906e+01 9.937654000000000210e+00 -6.081542999999999921e+00 3.587603999999999793e+00 -6.008434000000000275e+00 -3.823894999999999933e-01 -9.588598999999999872e-01 -7.170058000000000042e+00 -5.294811000000000156e+00 -1.152868999999999922e+01 2.302503000000000188e+00
-7.026453000000000060e+00 1.805833000000000155e+01 1.016141999999999967e+01 -5.210545999999999900e+00 3.576626999999999779e+00 -5.692925999999999931e+00 1.574081999999999981e+00 -1.922012999999999971e+00 -6.838567000000000284e+00 -7.985958000000000112e+00 -1.181631999999999927e+01 1.535789999999999988e+00
-7.825611000000000317e+00 1.822683999999999926e+01 1.182361000000000040e+01 -5.434698000000000029e+00 4.428396000000000221e+00 -4.256814000000000320e+00 -8.848684999999999468e-01 -4.931119999999999948e-01 -8.403380000000000294e+00 -5.229363000000000206e+00 -9.674656999999999840e+00 7.808469999999999578e-01
-7.923396999999999579e+00 1.834730000000000061e+01 1.146021000000000001e+01 -5.079791000000000167e+00 4.436738000000000071e+00 -5.179197000000000273e+00 7.084981999999999669e-01 -1.055099000000000009e+00 -8.925425000000000608e+00 -4.784908999999999857e+00 -1.058211999999999975e+01 1.894646999999999970e+00
-8.016809000000000296e+00 1.785437999999999903e+01 1.214883000000000024e+01 -5.137938000000000116e+00 4.065736000000000239e+00 -3.110081999999999791e+00 6.513864000000000321e-01 -3.006479000000000124e+00 -8.492948999999999415e+00 -3.976100000000000190e+00 -9.563708999999999349e+00 1.297646000000000077e+00
-7.630976000000000425e+00 1.800318000000000040e+01 1.123184000000000005e+01 -5.177706999999999837e+00 4.066614000000000395e+00 -3.186758000000000202e+00 2.292958000000000052e+00 -2.695727000000000206e+00 -8.131602000000000885e+00 -6.355315000000000047e+00 -8.578011000000000053e+00 1.683329000000000075e+00
-7.500073999999999685e+00 1.862180000000000035e+01 1.144218000000000046e+01 -5.442530999999999786e+00 3.815474000000000032e+00 -1.777055999999999969e+00 1.186350999999999933e+00 -3.296463000000000143e+00 -8.035448000000000590e+00 -4.481117000000000239e+00 -8.199635999999999925e+00 -2.946314999999999906e-01
-7.826235999999999748e+00 1.722928999999999888e+01 1.192683000000000071e+01 -3.955116999999999994e+00 5.001803999999999917e+00 -3.594275999999999804e+00 1.065839999999999899e+00 -3.263033000000000072e+00 -7.898460000000000036e+00 -4.846123000000000403e+00 -1.017905000000000015e+01 1.951035000000000075e+00
-7.854040999999999606e+00 1.910363999999999862e+01 1.368482000000000021e+01 -4.979765999999999693e+00 2.842963999999999825e+00 -2.409774000000000083e+00 -1.450349999999999973e-01 -3.583155000000000090e+00 -6.173389000000000237e+00 -6.254375999999999713e+00 -9.387669000000000707e+00 2.061348000000000180e+00
-7.757503999999999955e+00 1.915416000000000096e+01 1.274625999999999948e+01 -4.006636000000000308e+00 4.851207999999999743e+00 -4.283508000000000315e+00 -1.808089000000000057e+00 -5.665471000000000146e+00 -3.169334000000000096e+00 -6.208140000000000214e+00 -1.035444999999999993e+01 3.200330999999999815e+00
-7.942141999999999591e+00 1.794279999999999831e+01 1.427622999999999998e+01 -1.956131999999999982e+00 3.346122999999999958e+00 -7.418419000000000096e+00 -3.036254000000000008e+00 -4.248980000000000423e+00 -5.927953999999999724e+00 -5.216664999999999885e+00 -7.736607000000000234e+00 1.398652000000000006e+00
-7.280758999999999759e+00 1.690118999999999971e+01 1.444272999999999918e+01 -3.132626000000000133e+00 4.884576000000000029e+00 -8.011663999999999675e+00 -6.713415000000000354e+00 -9.413848000000000216e-01 -4.863669999999999938e+00 -1.090015000000000001e+01 -7.728589999999999627e+00 2.619753999999999916e+00
-6.920231000000000243e+00 1.439004000000000083e+01 1.477256000000000036e+01 -8.275411999999999768e-01 7.374024999999999608e+00 -9.261198999999999515e+00 -1.544103999999999921e+01 -1.652036999999999978e+00 -6.732713000000000170e-01 -1.233998000000000062e+01 -8.478286000000000655e+00 2.384346999999999994e+00
-6.079208999999999641e+00 1.198672000000000004e+01 1.425713999999999970e+01 -7.483049000000000506e-01 6.624995000000000189e+00 -1.097334000000000032e+01 -1.737183999999999884e+01 -1.061283999999999977e-01 -1.180387000000000075e+00 -7.881438000000000166e+00 -5.869742999999999711e+00 -3.945423000000000124e-01
-6.880867000000000289e+00 1.006986000000000026e+01 1.479588999999999999e+01 1.707117999999999913e+00 5.676193999999999740e+00 -1.335513000000000083e+01 -2.094106000000000023e+01 4.083828999999999709e+00 5.439776000000000167e+00 -3.027604999999999880e+00 -5.134157000000000082e+00 -3.970528999999999975e+00
-6.414431000000000438e+00 9.253453999999999624e+00 1.501683000000000057e+01 9.033058000000000476e-01 4.830572000000000088e+00 -1.288058999999999976e+01 -2.145979000000000170e+01 1.076856000000000035e+00 9.304391999999999996e+00 -2.312895999999999841e+00 -5.634701999999999877e+00 4.262671000000000099e+00
-6.208548999999999651e+00 1.011546000000000056e+01 1.612366000000000099e+01 -1.436381999999999937e-01 2.538259000000000043e+00 -1.363343000000000060e+01 -2.140634000000000015e+01 -1.770056000000000074e+00 8.377534000000000702e+00 -1.027071000000000067e+00 -4.162886999999999560e+00 2.345477999999999952e+00
-6.490973000000000326e+00 1.214691999999999972e+01 1.682535999999999987e+01 -1.348151000000000099e+00 1.265435000000000088e+00 -1.442234000000000016e+01 -2.031597999999999971e+01 -1.131836999999999982e+00 9.563876999999999740e+00 -8.186824000000000323e-01 -4.753216000000000108e+00 3.772696999999999967e+00
-6.790892000000000372e+00 1.320393999999999934e+01 1.790108000000000033e+01 -3.393231999999999804e+00 4.053236000000000061e-01 -1.372714999999999996e+01 -1.869588999999999857e+01 5.163883000000000223e-01 7.244316999999999673e+00 -8.965026000000000383e-01 -4.012177999999999578e+00 4.735126000000000168e+00
-6.360070999999999586e+00 1.186688000000000009e+01 1.689605999999999852e+01 -1.157140000000000057e+00 1.334367000000000081e+00 -1.446807000000000087e+01 -2.380451000000000050e+01 1.838160000000000016e+00 1.048591000000000051e+01 -1.911095999999999906e+00 -4.080798999999999843e+00 3.752441000000000138e+00
-6.720911000000000080e+00 1.128707999999999956e+01 1.624809000000000125e+01 -1.665999999999999925e+00 3.775958999999999843e+00 -1.413836000000000048e+01 -2.486239000000000132e+01 9.084370999999999974e-01 1.246080000000000076e+01 -1.338678000000000035e+00 -6.013077000000000005e+00 5.197179000000000215e+00
-7.034887999999999586e+00 1.186749999999999972e+01 1.699928999999999846e+01 -2.533382000000000023e+00 4.922335000000000349e+00 -1.529133999999999993e+01 -2.379926999999999992e+01 9.266718999999999928e-01 9.591098999999999819e+00 -1.483247999999999900e+00 -5.256967999999999641e+00 5.806498999999999633e+00
-7.339805000000000135e+00 1.111794000000000082e+01 1.656729999999999947e+01 -3.329661999999999900e+00 5.695073999999999970e+00 -1.405940999999999974e+01 -2.457316000000000145e+01 1.273640000000000105e+00 9.972642999999999702e+00 -2.467560000000000198e+00 -7.004227000000000203e+00 7.118204999999999671e+00
-7.167038999999999938e+00 9.194302999999999670e+00 1.528832000000000058e+01 -2.543022999999999811e+00 6.597334000000000032e+00 -1.444477999999999973e+01 -2.521868999999999872e+01 2.122573000000000043e+00 1.156029000000000018e+01 -3.354515000000000136e+00 -7.980305999999999678e+00 4.175352000000000174e+00
-1.038053999999999988e+01 3.490235999999999894e+00 1.992419999999999902e+01 4.242723999999999940e-01 7.380611000000000033e+00 -1.695776000000000039e+01 -2.451709999999999923e+01 -5.078011999999999526e-01 1.036032999999999937e+01 -1.000370999999999899e+00 -8.198672999999999433e+00 6.891009999999999636e+00
-1.057236999999999938e+01 3.430776999999999965e+00 1.904786000000000001e+01 1.614624999999999977e+00 7.012241999999999642e+00 -1.460040000000000049e+01 -2.673554999999999993e+01 1.707224000000000075e+00 9.506799000000000888e+00 -1.087633999999999990e+00 -8.515162000000000120e+00 4.135113999999999734e+00
-1.008249999999999957e+01 9.769175999999999860e+00 1.515116000000000085e+01 3.067736999999999825e-01 7.337583000000000411e+00 -1.113465000000000060e+01 -2.177364000000000033e+01 1.139557999999999960e-01 4.802698999999999607e+00 -1.747314999999999952e+00 -7.759694999999999787e+00 9.959974000000000327e-01
-1.170081000000000060e+01 1.012623999999999924e+01 1.512429000000000023e+01 1.039784999999999959e+00 1.063401999999999958e+01 -9.661334000000000088e+00 -2.140791000000000111e+01 -1.215774000000000021e-01 5.552176000000000222e+00 -2.011709000000000191e+00 -3.787398000000000042e+00 1.857617000000000018e-01
-1.204946999999999946e+01 8.766382000000000119e+00 1.700988999999999862e+01 3.565405999999999853e+00 1.031789999999999985e+01 -9.736022000000000176e+00 -2.742455999999999960e+01 6.203718999999999900e-02 9.332492000000000232e+00 -1.301233000000000084e+00 -8.593721999999999639e+00 -2.103231999999999879e-01
-1.247622999999999927e+01 7.851697999999999844e+00 1.777276000000000167e+01 2.150599999999999845e+00 7.253724000000000061e+00 -8.485352000000000672e+00 -2.270943000000000112e+01 1.478021999999999947e+00 6.005287000000000042e+00 -4.291614000000000040e+00 -5.861727000000000132e+00 -1.820119000000000042e+00
-1.243811000000000000e+01 6.694556999999999647e+00 1.717958000000000141e+01 1.400716999999999990e+00 7.831521999999999650e+00 -8.932627999999999346e+00 -2.498657000000000039e+01 -4.520835999999999744e-01 4.573947999999999681e+00 -5.026836000000000304e+00 -6.210922000000000054e+00 6.073032999999999904e-01
-9.512966999999999729e+00 1.141247000000000078e+01 1.247583000000000020e+01 3.660911000000000026e+00 7.666875000000000107e+00 -7.259672000000000125e+00 -1.508526999999999951e+01 2.879318000000000044e+00 4.623122999999999649e+00 -9.666418999999999428e+00 -6.607895000000000074e+00 1.457230000000000025e+00
-9.414244000000000057e+00 1.158559999999999945e+01 1.362331000000000003e+01 3.836857999999999880e+00 6.486252999999999602e+00 -6.787971999999999895e+00 -1.484895999999999994e+01 -4.102954999999999797e-01 2.586756999999999973e+00 -6.388853000000000115e+00 -7.035972000000000115e+00 2.531339000000000006e+00
-9.610753000000000767e+00 1.196083999999999925e+01 1.609996999999999900e+01 1.742669000000000024e+00 6.555623999999999896e+00 -3.999807000000000112e+00 -1.126191999999999993e+01 2.998496999999999968e-01 6.759633999999999920e-01 -6.816701000000000121e+00 -6.226633999999999780e+00 1.098646000000000011e+00
-9.705726999999999549e+00 1.363217000000000034e+01 1.706008999999999887e+01 -1.345998999999999945e-01 1.024808999999999948e+01 -5.874677000000000149e+00 -1.052471000000000068e+01 2.417622000000000160e+00 -2.253451999999999789e+00 -4.456697000000000131e+00 -5.917520999999999809e+00 3.703170000000000073e+00
-8.344533000000000200e+00 1.545382999999999996e+01 1.536538000000000004e+01 -1.831101000000000090e+00 8.404928999999999206e+00 -6.305197999999999858e+00 -6.856456999999999802e+00 2.521965999999999930e+00 -6.408725999999999701e+00 -4.786537000000000042e+00 -6.160257999999999790e+00 8.054826000000000485e-01
-7.417908999999999864e+00 1.739718999999999838e+01 1.470185000000000031e+01 5.264058999999999822e-01 7.594870000000000232e+00 -3.914042999999999939e+00 -7.738807999999999687e+00 2.296962999999999921e-01 -7.519111999999999796e+00 -2.720231000000000066e+00 -5.982935000000000336e+00 1.989006000000000107e-01
-7.911213000000000051e+00 1.856481000000000137e+01 1.595007999999999981e+01 9.927856000000000458e-01 9.357243000000000421e+00 -3.061519999999999797e+00 -6.675690000000000346e+00 2.937714000000000159e-01 -8.260246999999999673e+00 -4.009312000000000431e+00 -5.657467999999999719e+00 -3.498895000000000088e+00
-7.836233000000000004e+00 2.029528000000000176e+01 1.609395999999999916e+01 2.410949000000000009e-01 8.263552999999999926e+00 -5.092298000000000435e+00 -6.518501999999999796e+00 -5.146391999999999634e-01 -7.276749999999999829e+00 -2.595197999999999894e+00 -5.378497000000000305e+00 -3.125255999999999812e+00
-7.529129000000000183e+00 1.952292999999999878e+01 1.565667000000000009e+01 2.093960000000000043e+00 8.325898999999999717e+00 -6.438671000000000255e+00 -5.557032999999999667e+00 1.943264000000000102e+00 -8.028862000000000165e+00 -5.219594999999999985e+00 -5.483672999999999575e+00 -1.594292999999999960e+00
-7.088311000000000028e+00 1.901120999999999839e+01 1.431546999999999947e+01 1.611010000000000053e+00 8.292531000000000319e+00 -3.222539999999999960e+00 -5.472674999999999734e+00 -1.088022999999999962e+00 -4.659945999999999700e+00 -3.068630999999999887e+00 -9.914507999999999655e+00 -2.337739000000000011e+00
-6.604066999999999688e+00 2.018006000000000100e+01 1.309941000000000066e+01 4.001700999999999731e-01 6.774274000000000129e+00 -3.842194999999999805e+00 -4.730221000000000231e+00 7.856052999999999509e-01 -4.075994999999999813e+00 -2.381924999999999848e+00 -7.843385999999999747e+00 -5.282783000000000229e+00
-6.509093000000000018e+00 1.995854999999999890e+01 1.351230999999999938e+01 -4.193084000000000255e-01 4.772616000000000192e+00 -3.782557999999999865e+00 -2.689391999999999783e+00 1.988091000000000053e+00 -3.279977000000000142e+00 -2.521285000000000220e+00 -5.492009999999999614e+00 -9.620554999999999524e+00
-6.113574999999999982e+00 1.883746000000000009e+01 1.319557000000000002e+01 -3.717062999999999895e-01 4.466593999999999731e+00 -2.966953000000000173e+00 -3.896075000000000177e+00 3.164236999999999966e+00 -1.621642999999999946e+00 -2.542774999999999785e+00 -6.446926000000000379e+00 -9.073646000000000100e+00
-6.152313999999999616e+00 1.985380999999999929e+01 1.302552999999999983e+01 4.134264000000000272e-01 3.158205999999999847e+00 -4.740440000000000431e+00 -3.713211999999999957e+00 3.488917999999999964e+00 2.553428999999999838e-01 -3.250971999999999973e+00 -6.880132999999999832e+00 -6.933364000000000082e+00
-6.239478000000000080e+00 1.965139999999999887e+01 1.267379000000000033e+01 1.972544999999999993e+00 4.176171000000000189e-01 -5.341351999999999656e+00 -2.996433000000000124e+00 2.874759000000000064e+00 -1.035058000000000034e+00 -1.176525000000000043e+00 -3.933937999999999935e+00 -6.220850000000000435e+00
-5.764294999999999725e+00 1.974936999999999898e+01 1.261405000000000065e+01 1.912288999999999906e+00 -1.273188999999999904e+00 -5.843154000000000181e+00 -4.326247000000000398e+00 3.945549000000000195e+00 2.312783000000000033e+00 5.872914000000000190e-01 -5.165259999999999962e+00 -7.838856999999999964e+00
-5.710872000000000170e+00 1.918095999999999890e+01 1.227220999999999940e+01 -1.472579000000000082e+00 -7.458820000000000450e-01 -4.706077999999999761e+00 -2.200012000000000079e+00 1.604400000000000048e+00 5.464404000000000483e-01 7.331636999999999738e-01 -1.628735999999999962e+00 -5.133053000000000310e+00
-5.453752999999999851e+00 1.881558000000000064e+01 1.143050999999999995e+01 -1.076397999999999966e+00 -1.022048000000000068e+00 -6.513643000000000072e+00 -4.405889000000000166e+00 3.249839999999999840e+00 -1.225610000000000088e+00 1.939866000000000090e+00 -1.242985999999999924e+00 -3.961770000000000014e+00
-5.067607999999999890e+00 1.894497000000000142e+01 1.071288999999999980e+01 -1.943176999999999932e+00 -2.469616999999999951e+00 -6.095333000000000112e+00 -4.318387999999999671e+00 3.309356000000000186e+00 -1.665988000000000024e+00 1.583325000000000093e+00 -1.438266000000000044e+00 -1.988736000000000059e+00
-4.992941000000000074e+00 1.917295000000000016e+01 1.155883000000000038e+01 -2.687637000000000054e+00 -4.299603000000000286e+00 -9.685188000000000130e+00 -6.022833999999999577e+00 2.995565000000000033e+00 1.776250000000000107e+00 1.788783999999999930e+00 -1.042896999999999963e+00 -3.390499000000000152e+00
-3.936040000000000205e+00 2.027648999999999901e+01 9.562231999999999843e+00 -6.042980000000000018e+00 -5.208450000000000024e+00 -1.004954000000000036e+01 -4.502297999999999689e+00 2.753194000000000141e+00 1.217325999999999908e+00 -5.689414000000000415e-01 -1.562680999999999987e+00 -1.508342999999999989e+00
-2.970676000000000094e+00 2.133967000000000169e+01 1.059623999999999988e+01 -5.926986999999999561e+00 -8.632649999999999935e+00 -1.252134999999999998e+01 -6.981683999999999557e+00 4.209194000000000102e+00 1.830254999999999965e+00 6.761823000000000139e-01 4.789406999999999970e-01 -3.482197999999999904e+00
-2.319602000000000164e+00 2.113726000000000127e+01 1.094549999999999912e+01 -5.552496999999999794e+00 -1.190450000000000053e+01 -1.315320999999999962e+01 -5.885556000000000232e+00 4.173991000000000007e+00 3.668643999999999794e-01 1.300697999999999910e+00 -4.538498999999999728e-01 -1.259797000000000056e+00
-2.066859000000000002e+00 1.950075000000000003e+01 1.021692000000000000e+01 -4.284415000000000084e+00 -1.128937999999999953e+01 -1.651020000000000110e+01 -5.520355000000000345e+00 4.010637000000000008e+00 2.622320999999999902e+00 2.563403999999999794e+00 -1.476104000000000083e+00 3.179724999999999913e-01
-2.729804000000000119e+00 2.062862000000000151e+01 1.033004999999999995e+01 -7.768101999999999840e+00 -1.160682000000000080e+01 -1.525669000000000075e+01 -4.236650000000000027e+00 4.644296999999999898e+00 2.161306999999999867e+00 3.530459000000000014e+00 -1.483157999999999976e+00 1.746833999999999998e+00
-2.315228999999999981e+00 1.845698000000000150e+01 9.282961999999999492e+00 -6.027012000000000036e+00 -1.208099999999999952e+01 -1.403442000000000078e+01 -6.179498999999999853e+00 4.449792000000000414e+00 4.947588999999999793e+00 3.275182000000000038e+00 -1.220539999999999958e+00 1.887531000000000070e+00
-2.014060000000000183e+00 1.831618999999999886e+01 8.257087999999999539e+00 -6.299368000000000301e+00 -1.318521999999999927e+01 -1.102956999999999965e+01 -8.062091999999999814e+00 3.423324000000000034e+00 8.743710999999999345e+00 1.572905999999999915e+00 -8.453718000000000066e-01 2.166186000000000167e+00
-1.931270000000000042e+00 1.780262000000000100e+01 8.462120999999999782e+00 -7.724718000000000195e+00 -1.419505000000000017e+01 -1.066125000000000078e+01 -7.834692999999999685e+00 3.174621000000000137e+00 8.706830000000000069e+00 1.661796999999999969e+00 9.589638999999999802e-01 2.172482000000000024e+00
-3.798888999999999960e+00 1.406039999999999957e+01 9.962400000000000588e+00 -4.531463999999999714e+00 -1.691676000000000002e+01 -1.411763000000000012e+01 -5.995587999999999695e+00 7.004188000000000081e+00 1.030282000000000053e+01 -2.027664000000000133e+00 -1.556391000000000024e-01 5.544266999999999612e+00
-4.635538000000000380e+00 1.508783999999999992e+01 9.157113999999999976e+00 -4.908062000000000147e+00 -1.534318999999999988e+01 -1.463817000000000057e+01 -6.724942999999999671e+00 6.190204999999999735e+00 9.370250999999999664e+00 -4.956795999999999980e-01 -7.248048999999999742e-01 4.554191999999999574e+00
-4.711454999999999949e+00 1.644614999999999938e+01 7.968274000000000079e+00 -6.837451999999999863e+00 -1.505999000000000088e+01 -1.237339000000000055e+01 -1.080451000000000050e+01 1.143464000000000036e+00 9.058956999999999482e+00 4.310289000000000037e+00 1.871430000000000038e-01 5.659506999999999621e+00
-4.678963999999999679e+00 1.462418000000000085e+01 9.231350000000000833e+00 -3.016633999999999816e+00 -1.572165000000000035e+01 -1.391571000000000069e+01 -8.937106999999999246e+00 -2.147923000000000027e+00 7.053765000000000285e+00 -2.373458999999999985e+00 -3.561335000000000139e+00 6.295925000000000438e+00
-6.176994999999999791e+00 1.269130000000000003e+01 7.339739999999999931e+00 -3.372142999999999891e+00 -1.813909999999999911e+01 -1.465606000000000009e+01 -1.124882999999999988e+01 -1.721937000000000051e+00 7.869978999999999836e+00 2.658155999999999963e+00 4.188548000000000271e-02 6.164808999999999983e+00
-1.291485999999999912e+01 5.759847999999999857e+00 -1.999179000000000039e+00 -2.793085000000000040e+00 -7.713705000000000034e+00 -6.994997999999999827e+00 -5.206502000000000407e+00 1.910339000000000009e+00 4.988860999999999990e+00 5.819155000000000300e+00 6.291485999999999912e+00 2.201223000000000152e+00
-2.164187000000000083e+01 1.150074999999999958e+00 -3.242459000000000202e+00 4.968806000000000056e-01 -1.689413999999999971e+00 -1.038977999999999957e+00 -6.868111000000000077e-01 4.562746999999999886e+00 7.000199000000000282e+00 8.600820999999999827e+00 8.849045000000000272e+00 5.054293000000000369e+00
