-5.027394000000000140e+00 8.827576000000000533e+00 -4.390285000000000437e+00 -1.257681999999999967e+01 -8.775793999999999428e+00 3.887969000000000008e-01 3.893400999999999890e+00 6.997493000000000407e+00 5.766644000000000325e+00 -8.941224000000000061e+00 -6.568992999999999860e+00 4.674370999999999832e+00
-1.815150000000000041e+00 1.156506000000000078e+01 3.134449000000000041e+00 -1.239126000000000083e+01 -4.174984000000000250e+00 1.326573999999999920e+00 2.261953999999999798e+00 7.021677000000000390e+00 1.197958000000000034e+01 -1.091383000000000081e+01 -6.583923000000000414e+00 5.655092999999999925e+00
5.046306999999999876e-02 1.328558999999999912e+01 1.021131999999999929e+00 -1.537843999999999944e+01 -5.848459000000000074e+00 -6.918204000000000020e-01 3.714742999999999906e+00 5.670435999999999588e+00 1.203804000000000052e+01 -1.003665999999999947e+01 -6.547063999999999773e+00 5.972680000000000433e+00
-9.673122000000000664e-02 1.320481000000000016e+01 8.200072999999999945e-01 -1.582091999999999921e+01 -6.002004000000000339e+00 -1.540035999999999961e+00 5.834122999999999948e+00 6.939453000000000316e+00 7.719071999999999711e+00 -8.541914000000000229e+00 -7.632071999999999967e+00 5.813682000000000016e+00
-6.961045000000000149e-01 1.407591999999999999e+01 1.441899999999999959e+00 -1.525909000000000049e+01 -5.601234999999999964e+00 -1.803817000000000004e+00 7.784853000000000023e+00 2.256968999999999781e+00 1.036655999999999977e+01 -7.024019000000000013e+00 -8.424073999999999174e+00 8.537660999999999945e+00
-1.263459000000000110e+00 1.386987000000000059e+01 2.453984000000000165e+00 -1.461121999999999943e+01 -4.851246999999999865e+00 -3.244235999999999787e-01 3.933936999999999795e+00 4.698068000000000133e+00 1.094186000000000014e+01 -8.396079999999999544e+00 -7.508898000000000295e+00 5.532221999999999973e+00
-1.018366000000000104e+00 1.480184000000000033e+01 1.823047000000000084e+00 -1.530904999999999916e+01 -4.460733000000000281e+00 1.949656999999999918e-01 5.337682000000000038e+00 2.720883999999999858e+00 9.619937999999999434e+00 -7.162333000000000283e+00 -6.514636999999999567e+00 5.024613999999999692e+00
-9.921054999999999735e-01 1.398783000000000065e+01 1.397971999999999992e+00 -1.449226999999999954e+01 -3.828815000000000079e+00 -3.561294999999999877e-01 4.122104000000000212e+00 2.587272000000000016e+00 1.044816999999999929e+01 -7.475766000000000133e+00 -6.404060999999999559e+00 3.606700000000000017e+00
-1.508782999999999985e+00 1.421932999999999936e+01 3.096979999999999844e+00 -1.559294000000000047e+01 -4.456574999999999953e+00 -1.853499999999999925e+00 2.550209999999999866e+00 6.007188000000000194e+00 1.106365000000000087e+01 -8.018140000000000711e+00 -6.652741999999999933e+00 4.044300999999999924e+00
-1.858225000000000016e+00 1.411774999999999913e+01 3.430753000000000164e+00 -1.724353999999999942e+01 -4.367054000000000435e+00 3.279999000000000109e-01 -2.632852999999999999e-01 4.988871999999999751e+00 1.172705000000000020e+01 -6.522999999999999687e+00 -7.451976000000000155e+00 4.920316999999999830e+00
-1.928943000000000074e+00 1.223631999999999920e+01 4.390724999999999767e+00 -1.617539000000000016e+01 -3.724326000000000025e+00 -8.660396000000000205e-01 -2.566327999999999943e+00 8.263889999999999958e+00 1.076849999999999952e+01 -7.809975999999999807e+00 -7.126776999999999695e+00 4.921133000000000202e+00
-2.216420999999999975e+00 1.108324999999999960e+01 5.494542000000000037e+00 -1.508700999999999937e+01 -3.872605000000000075e+00 -1.844675000000000065e+00 -2.058877999999999986e+00 8.855371999999999133e+00 7.579004000000000296e+00 -8.216608000000000800e+00 -5.023480000000000167e+00 3.750798000000000076e+00
-2.921755999999999798e+00 1.108436000000000021e+01 6.886479999999999713e+00 -1.653461000000000070e+01 -2.843798000000000048e+00 -3.683292999999999928e+00 -9.834239000000000175e-01 8.663316999999999268e+00 5.352529999999999788e+00 -9.101304999999999978e+00 -3.908844999999999903e+00 5.807355000000000267e+00
-3.345371000000000095e+00 1.142740000000000045e+01 8.088060000000000471e+00 -1.535068000000000055e+01 -2.920570000000000110e+00 -7.067004999999999981e+00 -5.165098000000000189e-01 6.831233000000000111e+00 6.562800000000000189e+00 -8.211859000000000464e+00 -6.879961999999999911e+00 7.033819000000000266e+00
-3.495099000000000178e+00 1.233258999999999972e+01 8.720720000000000027e+00 -1.209071999999999925e+01 -5.852062000000000097e+00 -8.311054000000000386e+00 -2.557786000000000226e-01 5.086209000000000202e+00 5.519800000000000040e+00 -8.964771000000000711e+00 -4.749371000000000009e+00 7.568776999999999866e+00
-2.615388999999999964e+00 1.285646000000000022e+01 9.325817000000000689e+00 -1.070775000000000077e+01 -6.293019000000000140e+00 -8.807563000000000031e+00 -3.643749000000000016e-01 1.810183000000000098e+00 -1.383323999999999998e+00 -5.639688999999999730e+00 -1.995676000000000005e+00 6.829305999999999877e+00
-3.493256999999999834e+00 1.413124999999999964e+01 1.013807000000000080e+01 -1.072875999999999941e+01 -3.566901000000000099e+00 -9.680621000000000365e+00 6.415172000000000097e-01 1.895831999999999962e+00 -9.327823000000000420e+00 -3.675389000000000017e+00 -3.610484999999999944e-01 4.858881000000000228e+00
-3.971004000000000200e+00 1.464603999999999928e+01 1.265578999999999965e+01 -1.117045000000000066e+01 -4.122601000000000404e+00 -7.782512999999999792e+00 3.227344999999999797e-01 4.021741999999999706e+00 -1.182996999999999943e+01 -4.546235000000000248e+00 -1.872967999999999966e+00 3.866525000000000212e+00
-4.023293999999999926e+00 1.513316000000000017e+01 1.271996000000000038e+01 -1.044923000000000002e+01 -1.115722000000000103e+00 -6.614950000000000330e+00 -2.350636000000000170e+00 5.690589000000000119e+00 -1.161317000000000021e+01 -8.304859999999999687e+00 -1.240065999999999891e+00 2.377378999999999909e+00
-3.714853999999999878e+00 1.489258000000000060e+01 1.210668000000000077e+01 -6.548535000000000217e+00 -2.537633000000000250e-01 -5.712146999999999863e+00 -3.253938000000000219e+00 5.733918000000000070e+00 -1.145604999999999940e+01 -1.034435000000000038e+01 -4.400610000000000355e+00 9.735487000000000446e-01
-4.431706000000000145e+00 1.708076000000000150e+01 1.158126000000000033e+01 -6.760261999999999993e+00 1.055527000000000104e+00 -4.961337000000000330e+00 -3.217404999999999848e+00 1.321277999999999953e+00 -1.035782999999999987e+01 -1.082360000000000078e+01 -2.490473000000000159e+00 -1.177979999999999999e-01
-4.949535000000000018e+00 1.715490000000000137e+01 1.144300999999999924e+01 -6.353063999999999822e+00 1.879515999999999964e+00 -4.664543000000000106e+00 -2.376660000000000217e+00 1.518156999999999979e-01 -1.378847999999999985e+01 -1.054480000000000040e+01 -2.392726999999999826e+00 3.231761000000000106e+00
-4.926040000000000418e+00 1.641347999999999985e+01 1.085945000000000071e+01 -5.138208999999999804e+00 3.396396999999999888e+00 -3.394998000000000182e+00 -1.964293999999999984e+00 -1.673013000000000083e+00 -1.262734000000000023e+01 -9.027300000000000324e+00 -3.010464999999999947e+00 2.300635999999999903e+00
-5.758067999999999742e+00 1.643672000000000111e+01 1.119838999999999984e+01 -5.964500000000000135e+00 4.935173999999999950e+00 -3.981068000000000051e+00 -1.341708000000000067e-01 -2.363243999999999900e+00 -1.100417000000000023e+01 -5.787105000000000388e+00 -7.969401999999999653e+00 1.925696000000000074e+00
-6.714946000000000303e+00 1.748200999999999894e+01 1.208686999999999934e+01 -6.217065999999999981e+00 3.061313999999999869e+00 -4.881909000000000276e+00 4.277242000000000210e+00 -4.120963999999999849e+00 -1.284617000000000075e+01 -4.849774000000000029e+00 -9.901467999999999492e+00 2.877027000000000001e+00
-6.457874000000000336e+00 1.661178999999999917e+01 1.268291999999999931e+01 -6.597303000000000139e+00 3.472615999999999925e+00 -4.443908999999999665e+00 1.725478999999999985e+00 -3.378537999999999819e+00 -1.220551000000000030e+01 -3.938165999999999833e+00 -1.011538999999999966e+01 8.225112999999999452e-01
-6.175003000000000242e+00 1.625347000000000008e+01 1.250461999999999918e+01 -5.471263000000000432e+00 1.875912999999999942e+00 -5.827856999999999843e+00 3.267847000000000168e+00 -8.340554000000000023e-01 -1.054255999999999993e+01 -5.446563000000000265e+00 -8.799663999999999930e+00 9.376261999999999652e-01
-7.292205000000000048e+00 1.603105000000000047e+01 1.322600000000000087e+01 -5.630652999999999686e+00 4.051319999999999588e+00 -4.471693000000000140e+00 -5.510405000000000442e-01 -2.070222999999999924e+00 -7.106626999999999583e+00 -7.067352999999999774e+00 -1.013545000000000051e+01 3.770188000000000095e+00
-7.294278000000000262e+00 1.395043000000000077e+01 1.300333999999999968e+01 -4.980800999999999590e+00 5.458724000000000132e+00 -3.490442999999999962e+00 -2.416694999999999816e+00 -6.188242999999999938e-01 -7.463902000000000037e+00 -8.109954000000000107e+00 -8.528352999999999184e+00 3.855912000000000006e+00
-7.738165000000000404e+00 1.452918000000000021e+01 1.335993999999999993e+01 -6.272179000000000393e+00 5.806834000000000273e+00 -3.930403000000000091e+00 -2.492262000000000199e+00 1.530248999999999915e-01 -8.408245000000000857e+00 -9.292253000000000540e+00 -8.029356999999999189e+00 3.137464000000000031e+00
-7.118290000000000006e+00 1.375280000000000058e+01 1.289997999999999934e+01 -6.149265999999999899e+00 4.124767000000000294e+00 -1.942407999999999912e+00 -3.511165999999999787e+00 -4.610285000000000077e-01 -6.511846000000000245e+00 -9.706799999999999429e+00 -7.375925999999999760e+00 1.861607000000000012e+00
-7.220335000000000392e+00 1.459136999999999951e+01 1.267646000000000051e+01 -5.583866999999999692e+00 3.461806999999999856e+00 -1.578278999999999987e+00 -4.334395999999999916e+00 -1.127277000000000085e+00 -5.776995000000000324e+00 -8.703181000000000722e+00 -7.919946000000000375e+00 6.400419000000000525e-01
-6.761707000000000356e+00 1.519069999999999965e+01 1.245251000000000019e+01 -5.509325999999999723e+00 1.531128999999999962e+00 -1.050065000000000026e+00 -2.629884000000000110e+00 -4.173360999999999876e+00 -5.367753000000000441e+00 -4.620238999999999763e+00 -7.715354999999999741e+00 2.853084000000000175e-01
-5.503299000000000163e+00 1.520773999999999937e+01 1.136806999999999945e+01 -4.214775999999999634e+00 7.609093000000000107e-01 -1.684511000000000092e+00 -2.394175000000000164e+00 -4.351511000000000351e+00 -5.986487999999999587e+00 -6.690996000000000166e+00 -6.071163000000000309e+00 -9.158465000000000078e-01
-5.127826999999999913e+00 1.538058999999999976e+01 1.220012999999999970e+01 -3.491572999999999816e+00 -1.128749000000000002e+00 -3.409380000000000077e+00 -1.541919000000000040e+00 -2.294119999999999937e+00 -7.831732999999999834e+00 -4.999169000000000196e+00 -5.773258000000000223e+00 -2.726661000000000001e+00
-4.856244000000000227e+00 1.502006000000000085e+01 1.228369000000000000e+01 -2.166096000000000021e+00 -1.586611999999999911e+00 -4.195490999999999637e+00 -1.625493000000000077e+00 -1.132316000000000100e+00 -8.491474000000000188e+00 -5.581118000000000023e+00 -5.038410999999999973e+00 -1.252415000000000056e+00
-4.524077000000000126e+00 1.504020000000000046e+01 1.101534999999999975e+01 -1.972210999999999936e+00 -8.987081999999999571e-01 -4.489344000000000001e+00 -2.912135000000000140e+00 -3.128643999999999981e+00 -8.811398000000000508e+00 -3.277463000000000015e+00 -3.838859999999999939e+00 -3.897609000000000101e+00
-4.487220999999999904e+00 1.498531999999999975e+01 1.096367000000000047e+01 -1.220064000000000037e+00 1.628411000000000053e+00 -6.943775999999999726e+00 -6.446269000000000027e+00 -2.613741999999999788e+00 -5.983646000000000242e+00 -4.085187000000000346e+00 -4.162193000000000254e+00 -3.217737000000000069e+00
-4.961514000000000202e+00 1.392342999999999975e+01 1.163810999999999929e+01 7.527949000000000446e-02 2.442699000000000176e+00 -9.467176999999999509e+00 -9.222231000000000734e+00 -1.421708999999999889e+00 -4.564289999999999736e+00 -3.715556999999999999e+00 -5.453424000000000049e+00 -4.838122000000000256e+00
-4.838967000000000240e+00 1.317957999999999963e+01 1.246542999999999957e+01 1.240175999999999945e+00 3.734805999999999848e+00 -1.314409000000000027e+01 -1.230396000000000001e+01 -1.637342999999999993e+00 -1.497813999999999979e+00 -7.092680999999999791e+00 -5.406533999999999729e+00 -6.513271000000000477e-01
-4.325515000000000221e+00 1.168524000000000029e+01 1.290343000000000018e+01 1.556578000000000017e+00 2.502565000000000150e+00 -1.451038999999999923e+01 -1.562241000000000035e+01 -5.573584999999999789e-01 8.069244000000000416e-02 -7.319048999999999694e+00 -6.709196999999999633e+00 2.041422999999999988e+00
-3.863891000000000187e+00 1.093385999999999925e+01 1.079871999999999943e+01 2.106116999999999795e+00 5.222031999999999563e+00 -1.672719000000000023e+01 -1.749156999999999940e+01 -4.715078999999999798e-01 2.872310000000000141e+00 -5.647801000000000293e+00 -6.543797999999999782e+00 2.346354999999999968e+00
-4.643860000000000099e+00 9.222849999999999326e+00 1.179787999999999926e+01 -6.994681000000000370e-01 4.864777000000000129e+00 -1.675235999999999947e+01 -1.477364999999999995e+01 2.368009999999999948e+00 2.873527999999999860e+00 -3.188617999999999952e+00 -5.440593999999999930e+00 2.279408999999999796e+00
-4.870756000000000085e+00 7.920391000000000403e+00 1.311833000000000027e+01 -1.471837000000000062e+00 2.949619999999999909e+00 -1.728906999999999883e+01 -1.508943000000000012e+01 4.627936000000000050e+00 6.834816000000000003e+00 -3.960922000000000054e+00 -7.329501999999999740e+00 3.149915000000000020e+00
-5.254290000000000127e+00 9.654199999999999449e+00 1.313771000000000022e+01 -2.419455000000000133e+00 4.817936999999999692e+00 -1.855436999999999870e+01 -1.983915000000000006e+01 4.347611999999999810e+00 8.928122999999999365e+00 -3.193960000000000132e+00 -6.628247000000000000e+00 4.323923999999999879e+00
-4.590879000000000154e+00 1.017230999999999952e+01 1.451887999999999934e+01 -2.138342000000000187e+00 2.811596000000000206e+00 -1.808007999999999882e+01 -1.860855000000000103e+01 2.444389000000000145e+00 7.915573000000000192e+00 -5.553042000000000256e-01 -6.293949999999999712e+00 4.546192999999999707e+00
-5.884529999999999816e+00 1.136565000000000047e+01 1.645045000000000002e+01 -3.035606000000000027e+00 1.107078999999999924e+00 -1.835072999999999865e+01 -1.851698000000000022e+01 3.351262000000000185e+00 1.095565999999999995e+01 -2.842534999999999812e+00 -8.251210000000000377e+00 5.443641000000000396e+00
-5.701632000000000033e+00 1.088141000000000069e+01 1.589531999999999989e+01 -3.626777000000000140e+00 3.428548000000000151e+00 -1.890345999999999904e+01 -1.939474999999999838e+01 4.654537999999999620e+00 1.003364999999999974e+01 -2.248120000000000118e+00 -7.126776999999999695e+00 5.661623999999999768e+00
-5.165373999999999910e+00 1.045847000000000016e+01 1.541855999999999938e+01 -2.449984999999999857e+00 2.257280999999999871e+00 -1.988438000000000017e+01 -1.795998000000000161e+01 1.845450000000000035e+00 1.106568000000000040e+01 -4.161984000000000239e-01 -8.192655999999999494e+00 4.135330999999999868e+00
-4.875822999999999574e+00 8.943768000000000384e+00 1.415108999999999995e+01 -7.569595999999999547e-01 2.844577000000000133e+00 -1.748290000000000077e+01 -2.097165000000000035e+01 2.303925000000000001e+00 1.111522000000000077e+01 -2.420689000000000035e-01 -7.864423999999999637e+00 2.422893999999999881e+00
-5.168369000000000213e+00 9.139412999999999343e+00 1.510502999999999929e+01 -4.370994999999999742e+00 3.164693999999999896e+00 -1.491569999999999929e+01 -2.193500999999999834e+01 4.173290999999999862e+00 9.310164000000000328e+00 -2.630809999999999871e+00 -5.751562999999999981e+00 3.735081999999999791e+00
-5.974827999999999584e+00 8.282688999999999524e+00 1.519417999999999935e+01 -3.840090000000000003e+00 4.244499000000000244e+00 -1.429791999999999952e+01 -2.210615999999999914e+01 4.468931000000000431e+00 8.466507999999999257e+00 -3.470193000000000083e+00 -4.432570000000000121e+00 2.889885000000000037e+00
-8.238027000000000655e+00 2.978130000000000166e+00 1.872700000000000031e+01 -1.365973000000000104e+00 5.486994000000000149e+00 -1.834909000000000034e+01 -2.182591000000000037e+01 3.980026000000000064e+00 1.031216000000000044e+01 -3.752362000000000197e+00 -8.211318999999999591e+00 3.989396000000000164e+00
-7.586824000000000012e+00 7.129842000000000013e+00 1.778555000000000064e+01 -8.530023000000000466e-02 4.731186000000000114e+00 -1.769568999999999903e+01 -2.397932000000000130e+01 2.688236999999999988e+00 7.960232999999999670e+00 -3.727628000000000164e+00 -8.241412000000000404e+00 3.987763000000000169e+00
-6.813304999999999723e+00 7.945621000000000045e+00 1.598662000000000027e+01 -8.806654000000000426e-01 3.217077000000000186e+00 -1.361804000000000059e+01 -2.405237999999999943e+01 4.659374999999999822e+00 8.679655000000000342e+00 -4.103786999999999630e+00 -6.573891999999999847e+00 1.903653000000000040e+00
-7.042505000000000237e+00 4.698879999999999946e+00 1.554259000000000057e+01 3.875665999999999833e+00 3.437694000000000027e+00 -2.009422999999999959e+01 -2.350390000000000157e+01 3.098345000000000127e+00 5.774765000000000370e+00 -3.882365000000000066e+00 -8.215984000000000620e+00 1.240108999999999906e+00
-9.814318999999999349e+00 8.124003999999999337e+00 1.673599000000000103e+01 2.979591999999999796e+00 6.957036000000000442e+00 -1.183891000000000027e+01 -2.287933999999999912e+01 9.154023000000000021e-01 4.664369999999999905e+00 -3.036057000000000006e+00 -4.702480000000000437e+00 2.934788000000000174e+00
-1.068458000000000041e+01 7.118776000000000437e+00 1.711411999999999978e+01 1.669578000000000007e+00 6.862248000000000125e+00 -1.414822000000000024e+01 -2.442171000000000092e+01 9.861383000000000232e-01 5.179171000000000191e+00 -7.426098999999999783e+00 -6.675603999999999871e+00 3.404840999999999784e+00
-1.100338999999999956e+01 8.097445000000000448e+00 1.698880000000000123e+01 6.637636999999999787e+00 6.694290999999999769e+00 -8.392770999999999759e+00 -1.820270000000000010e+01 4.959247000000000405e+00 5.180794999999999817e+00 -6.644099999999999895e+00 -5.001552000000000220e+00 -2.382196000000000036e-01
-9.687163999999999220e+00 4.346098999999999712e+00 2.223827999999999960e+01 7.666140999999999650e+00 3.183818000000000037e+00 -1.249067999999999934e+01 -2.408191000000000059e+01 7.144406000000000034e+00 7.483189000000000313e+00 -7.683732000000000006e+00 -8.086512000000000810e+00 -1.154649000000000036e+00
-8.152796999999999628e+00 1.275375999999999976e+01 1.932003999999999877e+01 6.469523999999999830e+00 4.741164000000000378e+00 -1.096585999999999927e+01 -1.624746000000000024e+01 3.727714000000000194e+00 2.834147000000000194e+00 -5.661850000000000271e+00 -1.022292999999999985e+01 -3.709423999999999833e+00
-7.471879000000000381e+00 1.192271000000000036e+01 1.820243999999999929e+01 7.774778999999999662e+00 6.914354000000000333e+00 -1.018857000000000035e+01 -1.483671000000000006e+01 1.639489999999999892e+00 2.920624000000000109e+00 -6.447016999999999776e+00 -9.761264000000000607e+00 -9.603412999999999533e-01
-8.748485000000000511e+00 1.170979999999999954e+01 2.123179999999999978e+01 7.576929999999999943e+00 7.948427999999999827e+00 -8.494426000000000698e+00 -1.450342000000000020e+01 4.858685000000000365e+00 -2.419827000000000172e+00 -7.453406000000000198e+00 -6.100789999999999935e+00 1.042127999999999943e+00
-9.616676999999999254e+00 9.868436000000000874e+00 2.281539000000000073e+01 8.564197999999999311e+00 5.658000000000000362e+00 -6.034436999999999607e+00 -1.349451999999999963e+01 2.474617999999999984e+00 1.488275000000000015e+00 -9.059157000000000792e+00 -6.861765000000000114e+00 1.298891000000000018e+00
-9.635104999999999364e+00 1.109365000000000023e+01 2.336836999999999875e+01 7.639972000000000207e+00 6.917125999999999664e+00 -7.174216000000000371e+00 -1.212981000000000087e+01 1.158444000000000029e+00 -2.585472999999999910e+00 -4.892712999999999646e+00 -5.077835999999999572e+00 6.177945000000000242e-01
-8.997033000000000058e+00 1.169630000000000081e+01 2.165127000000000024e+01 8.244227000000000416e+00 7.702312000000000047e+00 -8.438532000000000366e+00 -1.050787000000000049e+01 1.691281999999999952e+00 -1.401998999999999995e+00 -5.081089000000000411e+00 -8.699583999999999762e+00 2.627406999999999826e+00
-9.595024000000000441e+00 1.346529999999999916e+01 2.291616000000000142e+01 7.696273999999999837e+00 8.818424000000000262e+00 -6.791783999999999821e+00 -1.287496999999999936e+01 1.941982000000000097e+00 -1.471626000000000010e-02 -7.703320999999999863e+00 -7.216124999999999901e+00 2.835798000000000041e+00
-1.011975999999999942e+01 1.303195999999999977e+01 2.378870999999999825e+01 8.740240000000000009e+00 9.387427999999999884e+00 -4.352387000000000228e+00 -1.058144000000000062e+01 -1.395926000000000111e-01 -3.469323000000000157e+00 -4.288007999999999598e+00 -5.861907000000000423e+00 -6.715333999999999470e-01
-9.689928999999999348e+00 1.286420000000000030e+01 2.227919999999999945e+01 8.464280999999999722e+00 7.680971000000000437e+00 -4.442929000000000350e+00 -7.066818999999999740e+00 4.948150000000000048e-01 -5.325529999999999653e+00 -3.652238000000000095e+00 -5.451092000000000048e+00 -2.653183999999999987e+00
-9.908993000000000606e+00 1.313752999999999993e+01 2.158624000000000009e+01 8.697815999999999548e+00 7.330366999999999855e+00 -3.592751999999999946e+00 -8.003650999999999627e+00 -3.149213000000000151e-01 -4.395801999999999765e+00 -5.956089999999999662e+00 -4.653256999999999977e+00 8.966013000000000455e-01
-1.023954999999999949e+01 1.230869000000000035e+01 2.268402999999999992e+01 8.335024000000000655e+00 8.493318999999999619e+00 -2.347393999999999981e+00 -6.547858999999999874e+00 -2.198395000000000099e+00 -3.024353000000000069e+00 -5.884261999999999659e+00 -6.527935000000000265e+00 9.727322000000000468e-01
-9.621054000000000883e+00 1.334623000000000026e+01 2.130931999999999960e+01 7.613406999999999591e+00 6.250562999999999647e+00 -3.813712999999999909e+00 -5.657568999999999626e+00 -1.057347999999999955e+00 -3.540372000000000074e+00 -3.148052999999999990e+00 -6.390062999999999604e+00 -1.207186000000000023e-02
-9.933179000000000869e+00 1.373487000000000080e+01 2.297258000000000067e+01 7.395731999999999751e+00 5.672411999999999566e+00 -3.612363000000000213e+00 -7.262992999999999810e+00 -1.146220999999999934e+00 -5.411194000000000059e+00 -4.723925999999999625e+00 -3.483800000000000008e+00 2.808040000000000092e+00
-1.002047999999999917e+01 1.338408000000000087e+01 2.317154999999999987e+01 6.108318999999999832e+00 7.692334999999999923e+00 -3.757817999999999881e+00 -1.078511999999999915e+01 2.755534000000000039e-01 -5.066911000000000165e+00 -5.290045000000000108e+00 -1.712468000000000101e+00 -1.114236000000000004e+00
-9.404754000000000502e+00 1.203758000000000017e+01 2.289420000000000144e+01 6.224491999999999692e+00 8.107238999999999862e+00 -6.460669000000000217e+00 -1.248612999999999928e+01 1.804338999999999915e+00 -7.033749999999999725e-02 -8.152101000000000042e+00 -5.086934000000000289e+00 -1.410392000000000090e+00
-8.403648000000000451e+00 1.165601999999999983e+01 2.087132000000000076e+01 6.408860999999999919e+00 9.167365000000000208e+00 -1.313035999999999959e+01 -1.576652999999999949e+01 5.505990999999999858e+00 4.366775999999999769e+00 -7.141753999999999714e+00 -9.576968000000000814e+00 -1.543876000000000026e+00
-7.472108999999999668e+00 1.128930000000000078e+01 1.949661000000000044e+01 5.780419000000000196e+00 6.273290000000000255e+00 -1.301235999999999926e+01 -1.885476999999999848e+01 6.217179999999999929e+00 6.746715000000000018e+00 -5.825492999999999810e+00 -9.063974999999999227e+00 -2.637326999999999866e-01
-6.842791000000000068e+00 1.105292999999999992e+01 2.009353000000000122e+01 3.534682000000000102e+00 4.416336000000000261e+00 -1.357097000000000087e+01 -2.051375000000000171e+01 7.390874000000000166e+00 7.472633000000000081e+00 -4.328572000000000308e+00 -5.927692999999999657e+00 5.104355999999999893e-01
-5.986114999999999853e+00 1.147077999999999953e+01 1.775410000000000110e+01 8.409077000000000357e-01 5.093986000000000125e+00 -1.464048000000000016e+01 -1.976658000000000115e+01 5.397367000000000026e+00 7.828691000000000066e+00 -3.626910000000000078e+00 -5.033978000000000286e+00 2.451061000000000156e+00
-6.321735999999999578e+00 1.292993000000000059e+01 1.877092999999999989e+01 -2.145569999999999977e-01 2.896682999999999897e+00 -1.545567999999999920e+01 -2.501123000000000118e+01 7.148033999999999999e+00 9.516408999999999452e+00 -3.396781999999999968e+00 -4.997586000000000084e+00 2.469838999999999896e+00
-6.490122999999999642e+00 1.254860000000000042e+01 1.898928000000000083e+01 -2.459105000000000096e+00 3.365355999999999792e+00 -1.550863000000000014e+01 -2.407991000000000170e+01 5.440090999999999788e+00 1.075428999999999924e+01 -4.867581999999999631e+00 -5.673644999999999605e+00 5.634478999999999793e+00
-6.283497999999999806e+00 1.223765000000000036e+01 1.815765000000000029e+01 -3.620829000000000075e+00 3.136146999999999796e+00 -1.710929000000000144e+01 -2.028053999999999846e+01 6.291744999999999699e+00 7.165295999999999665e+00 -4.578091999999999828e+00 -4.393610999999999933e+00 6.136167000000000371e+00
-6.138837999999999795e+00 1.146724000000000032e+01 1.693841000000000108e+01 -3.960624000000000144e+00 3.438524999999999832e+00 -1.465878000000000014e+01 -2.112329000000000079e+01 3.956447999999999965e+00 9.321125999999999578e+00 -4.240914000000000073e+00 -3.992360999999999827e+00 4.017971000000000181e+00
-7.386879000000000417e+00 8.706293000000000504e+00 1.839838999999999913e+01 -4.608890999999999849e+00 2.181062999999999974e+00 -1.208079000000000036e+01 -2.149962000000000018e+01 4.760944000000000287e+00 9.942297999999999192e+00 -4.073512000000000022e+00 -5.692775000000000141e+00 3.784475000000000033e+00
-7.353938999999999560e+00 6.914056000000000424e+00 1.566275000000000084e+01 -2.310815999999999981e+00 5.885824000000000389e+00 -1.342192000000000007e+01 -2.340230999999999995e+01 5.635571999999999804e+00 1.281795999999999935e+01 -5.229495000000000005e+00 -6.416191999999999673e+00 6.435179999999999900e+00
-6.460408000000000150e+00 6.281749999999999723e+00 1.258601999999999954e+01 4.915973000000000148e-01 6.025510999999999839e+00 -1.545730999999999966e+01 -2.142655999999999850e+01 5.478178999999999910e+00 7.947646999999999906e+00 -3.190201000000000064e+00 -3.981863000000000152e+00 5.497524000000000299e+00
-5.993947000000000358e+00 9.055975999999999360e+00 1.369931000000000054e+01 -2.702154999999999863e+00 3.037202000000000179e+00 -1.289697999999999922e+01 -2.157668999999999926e+01 9.994391000000000247e-01 1.023380000000000045e+01 -1.611558000000000046e+00 -6.656240999999999630e+00 6.009418000000000148e+00
-7.576689000000000007e+00 1.089779000000000053e+01 1.190512000000000015e+01 -5.599024999999999697e-01 2.619248999999999938e+00 -1.189545999999999992e+01 -2.069591000000000136e+01 -2.008757000000000126e+00 7.458423999999999943e+00 6.483662000000000036e-01 -2.437751000000000001e+00 5.266886000000000401e+00
-6.873197000000000223e+00 1.375899000000000072e+01 1.080690000000000062e+01 -1.113803000000000099e+00 8.376818000000000319e-01 -1.231450000000000067e+01 -1.594769999999999932e+01 2.902057000000000109e+00 3.408223000000000003e+00 -3.513329999999999842e+00 8.674298000000000286e-01 4.769891999999999577e+00
-1.009718999999999944e+01 9.395257000000000858e+00 1.008553000000000033e+01 3.178631000000000206e+00 2.170253999999999905e+00 -7.700470000000000148e+00 -1.805906999999999840e+01 1.143316999999999944e-01 5.063462000000000351e+00 -2.225957999999999881e+00 1.875920000000000032e+00 3.184613000000000138e+00
-9.771012000000000697e+00 6.532945999999999920e+00 5.152155999999999736e+00 7.267177000000000220e-01 1.999431000000000125e-01 -4.636105999999999838e+00 -1.383933000000000035e+01 -2.069819999999999993e+00 2.756196000000000090e+00 -1.524888999999999939e+00 1.251184000000000074e+00 4.640897999999999968e+00
-1.504536000000000051e+01 3.351051000000000002e+00 -4.435075999999999574e+00 -1.605058000000000096e+00 -4.362618999999999581e+00 -4.531182000000000265e+00 -6.087450999999999723e+00 -2.109923999999999911e+00 1.115977999999999914e+00 2.053671000000000024e+00 5.065158000000000271e+00 3.223596000000000128e+00
