-9.742694999999999439e+00 2.612870000000000026e+00 -6.187492999999999910e+00 -3.884154999999999802e+00 -7.739627999999999730e+00 -1.112864000000000075e+00 1.537469999999999892e+00 9.279700000000000060e+00 9.795740999999999588e+00 -3.006492000000000164e+00 -2.293004999999999960e+00 1.366680999999999868e-01
-5.503911000000000442e+00 5.730172999999999739e+00 -2.379582999999999782e+00 -7.614338000000000051e+00 -7.795612000000000208e+00 3.461711999999999900e+00 5.199724999999999930e+00 5.759859999999999758e+00 7.974434999999999718e+00 -4.730680999999999692e+00 -5.406717000000000439e+00 3.873255999999999921e-01
-2.718097999999999903e+00 1.052523000000000053e+01 -2.794653000000000276e-01 -1.239419000000000004e+01 -1.996205999999999925e+00 -1.578758000000000106e+00 2.569611999999999785e+00 9.058922000000000807e+00 7.666680000000000383e+00 -8.745157000000000735e+00 -5.936126999999999931e+00 4.268629999999999924e+00
-1.674963999999999897e+00 1.184605999999999959e+01 -7.323602999999999641e-01 -1.227707000000000015e+01 -4.956166999999999767e+00 -3.237506999999999913e+00 2.668686999999999809e+00 6.692889000000000088e+00 7.111711999999999811e+00 -5.396149999999999558e+00 -5.140437999999999619e+00 5.023334000000000188e+00
-6.140792000000000472e-01 1.302624999999999922e+01 -2.138831000000000149e+00 -1.249084000000000039e+01 -6.548529000000000266e+00 -1.207867000000000024e+00 3.206335000000000157e+00 6.087598999999999982e+00 7.606137999999999622e+00 -5.391168999999999656e+00 -6.877323999999999771e+00 3.350042999999999882e+00
-4.172433999999999865e-01 1.281179000000000023e+01 -3.304244000000000181e+00 -1.270051999999999914e+01 -5.422238000000000113e+00 -2.495725000000000193e+00 2.633020000000000138e+00 6.320719999999999672e+00 8.434005000000000862e+00 -4.909999000000000002e+00 -8.309025000000000105e+00 4.461298000000000208e+00
-2.711221999999999799e-01 1.303889000000000031e+01 -2.414585000000000203e+00 -1.206706999999999930e+01 -6.739920999999999829e+00 -2.188676000000000066e+00 9.716411000000000353e-01 6.552743000000000428e+00 8.056533999999999196e+00 -4.461705000000000254e+00 -2.963875999999999955e+00 3.592925999999999842e+00
-2.422783000000000020e-01 1.221485999999999983e+01 -3.307287999999999784e+00 -1.168107999999999969e+01 -5.974076000000000164e+00 -3.340869999999999784e+00 2.035486999999999824e+00 7.969839000000000340e+00 7.640079000000000065e+00 -5.719917999999999836e+00 -3.305721000000000132e+00 4.172610999999999848e+00
-1.033107999999999915e+00 1.315657999999999994e+01 -3.056186999999999987e+00 -1.239827999999999975e+01 -4.562350999999999601e+00 -6.243395999999999724e+00 3.832488999999999812e+00 9.128035000000000565e+00 7.016771000000000313e+00 -4.935152999999999679e+00 -5.231071000000000026e+00 5.377574000000000076e+00
-1.181130999999999931e+00 1.387557999999999936e+01 -2.910699999999999843e+00 -1.336041999999999952e+01 -5.614181999999999562e+00 -5.520615000000000272e+00 3.684096999999999955e+00 7.563386999999999638e+00 8.955491000000000312e+00 -3.604964999999999975e+00 -4.921161999999999814e+00 6.012938000000000116e+00
-1.056562999999999919e+00 1.329954999999999998e+01 -2.301362000000000130e+00 -1.395672000000000068e+01 -5.358807999999999794e+00 -4.094812000000000118e+00 1.187147000000000063e-01 8.418526999999999205e+00 1.031081000000000003e+01 -2.338283999999999807e+00 -6.385697000000000401e+00 4.572023999999999866e+00
-9.570362000000000036e-01 1.281179000000000023e+01 -8.215392000000000250e-01 -1.253806999999999938e+01 -6.584105000000000096e+00 -4.968079000000000356e+00 -1.318975000000000009e+00 6.220341000000000342e+00 1.220365999999999929e+01 -1.414299999999999891e+00 -5.707181000000000282e+00 3.375465999999999855e+00
-1.556418999999999997e+00 1.265849000000000046e+01 9.522996999999999712e-01 -1.190555999999999948e+01 -8.989470000000000738e+00 -6.045790000000000219e+00 1.193569000000000102e+00 9.911044000000000409e+00 9.828763999999999612e+00 -6.551254000000000133e+00 -5.892272000000000176e+00 3.652175999999999867e+00
-2.533307000000000198e+00 1.256455000000000055e+01 2.758401000000000103e+00 -1.213097999999999921e+01 -8.455557000000000656e+00 -4.062890999999999586e+00 -4.735342000000000162e-01 9.736067000000000249e+00 7.008056999999999981e+00 -6.730323000000000278e+00 -2.998285000000000089e+00 3.478628000000000053e+00
-2.752330999999999861e+00 1.185768000000000022e+01 4.595547999999999966e+00 -1.110588000000000086e+01 -7.017356999999999623e+00 -8.982138000000000844e+00 -2.219456999999999791e+00 1.070556999999999981e+01 6.456298999999999566e+00 -4.473161000000000165e+00 -3.939032999999999785e+00 3.600699999999999790e+00
-2.616985999999999812e+00 1.168012000000000050e+01 4.812560000000000393e+00 -9.036454000000000875e+00 -6.242136000000000351e+00 -1.180485999999999969e+01 -1.007659000000000082e+00 9.308496999999999133e+00 4.051588999999999885e+00 -5.646198000000000050e+00 -3.984013000000000027e+00 5.304457000000000200e+00
-2.738383999999999929e+00 1.178566999999999965e+01 4.680161000000000016e+00 -7.792534999999999989e+00 -8.248169000000000750e+00 -7.025839000000000389e+00 -2.772956999999999894e+00 7.490982999999999947e+00 4.095161000000000051e+00 -6.797816000000000081e+00 -4.553228999999999971e+00 4.670353999999999672e+00
-2.688302999999999887e+00 1.288198000000000043e+01 5.823051999999999673e+00 -6.881399000000000044e+00 -8.780151000000000039e+00 -9.060040000000000759e+00 -3.771192999999999795e+00 7.322861999999999760e+00 1.958761999999999892e+00 -5.753290999999999933e+00 -4.204411999999999594e+00 5.273361000000000409e+00
-2.904474000000000000e+00 1.416694000000000031e+01 6.517004000000000019e+00 -7.148695000000000022e+00 -7.026457999999999871e+00 -9.732279999999999376e+00 -4.543979000000000212e+00 5.688826999999999856e+00 -2.119108999999999909e+00 -3.001759999999999984e+00 -4.965016999999999570e+00 2.859652999999999778e+00
-3.301315000000000222e+00 1.452721999999999980e+01 6.159374999999999822e+00 -5.401036999999999644e+00 -3.929157000000000011e+00 -8.817593000000000458e+00 -5.654499999999999638e+00 5.086827999999999683e+00 -7.894448999999999828e+00 -4.608646000000000242e+00 -1.195054000000000061e+00 1.465431000000000095e-01
-3.482619999999999827e+00 1.511407999999999952e+01 5.570124999999999993e+00 -4.017960999999999672e+00 -3.562920000000000087e+00 -8.771991999999999123e+00 -3.729362000000000066e+00 5.409905000000000186e+00 -7.418369000000000213e+00 -5.340361999999999831e+00 -6.338019000000000069e+00 -8.707943999999999685e-01
-4.587246000000000379e+00 1.571152999999999977e+01 7.057250999999999941e+00 -2.592065999999999981e+00 1.877064999999999984e-01 -8.633286999999999267e+00 -3.730682999999999971e+00 1.713168000000000024e+00 -8.775061000000000888e+00 -7.089954999999999785e+00 -5.467889000000000443e+00 -1.021651000000000087e+00
-4.780594999999999928e+00 1.597193000000000040e+01 8.145965000000000344e+00 2.107714000000000115e-02 3.862690999999999764e-01 -1.049876000000000076e+01 -4.056089000000000055e+00 -5.193001999999999896e-01 -7.907750000000000057e+00 -6.347528999999999755e+00 -5.257609000000000421e+00 -1.190997000000000083e+00
-5.763823000000000363e+00 1.732088999999999857e+01 7.513493999999999673e+00 -1.502731999999999957e+00 3.659794000000000214e+00 -1.007352999999999987e+01 -1.772958999999999952e+00 3.287087000000000203e-01 -1.018999999999999950e+01 -5.041997000000000284e+00 -8.748025000000000162e+00 -3.295637999999999845e+00
-6.624702000000000091e+00 1.769872000000000156e+01 8.685907999999999518e+00 -2.079197000000000184e+00 5.263738000000000028e+00 -1.097795999999999950e+01 -2.337467000000000183e+00 1.559254999999999947e-01 -1.303547000000000011e+01 -2.884456000000000131e+00 -8.791655999999999693e+00 -2.355410000000000004e+00
-6.545143999999999629e+00 1.736090000000000089e+01 9.198154000000000607e+00 -3.255579000000000112e-01 1.568820000000000103e+00 -8.466082999999999359e+00 2.789961000000000246e-01 -2.968707999999999902e+00 -1.273367999999999967e+01 -3.284682999999999797e+00 -8.378517999999999688e+00 -1.413289999999999935e+00
-7.469415999999999833e+00 1.729276000000000124e+01 9.553957000000000477e+00 -1.152317999999999953e+00 1.364740999999999982e+00 -7.653617999999999810e+00 2.569794000000000245e-01 -4.076768000000000058e-01 -1.010698000000000008e+01 -7.030181999999999931e+00 -7.736434000000000033e+00 -1.529689999999999994e+00
-7.706822999999999979e+00 1.793975999999999971e+01 7.793205999999999634e+00 -2.766799999999999926e+00 3.878211999999999993e+00 -8.126352000000000686e+00 1.483748999999999985e+00 -6.237928999999999835e-01 -8.823676999999999992e+00 -5.303751000000000104e+00 -7.104921000000000042e+00 -2.003480999999999845e+00
-7.551192999999999600e+00 1.734592999999999918e+01 8.031219000000000108e+00 -1.365777999999999937e+00 2.081773000000000096e+00 -5.952688000000000201e+00 7.118440999999999796e-01 -1.633340000000000014e+00 -7.893073000000000228e+00 -3.429631999999999792e+00 -7.229739000000000360e+00 -1.499223999999999890e+00
-7.756586999999999676e+00 1.587875999999999976e+01 7.538452999999999626e+00 -1.294939999999999980e+00 3.510044000000000164e+00 -6.830134000000000150e+00 -4.594435000000000047e-01 -6.037719999999999754e-01 -7.388098000000000276e+00 -8.803315999999999919e-01 -9.034769999999999968e+00 -4.396177999999999919e+00
-7.470049999999999635e+00 1.596780000000000044e+01 7.950257999999999825e+00 -6.274861000000000466e-01 6.391605999999999677e-01 -6.479764000000000301e+00 2.728314000000000017e-01 -2.422931999999999864e+00 -7.549084999999999823e+00 -3.875684999999999825e+00 -1.032320999999999955e+01 -6.451396000000000353e-01
-7.386053999999999675e+00 1.644472999999999985e+01 7.485796999999999812e+00 -2.343344999999999789e+00 2.184639000000000220e+00 -5.464373000000000147e+00 -9.440685999999999523e-02 -2.380970000000000031e+00 -9.136018999999999224e+00 -1.623753000000000002e+00 -6.365681999999999618e+00 -2.757973999999999926e+00
-7.251026999999999667e+00 1.660137999999999892e+01 7.727463000000000193e+00 -6.788043999999999745e-01 2.037923999999999847e+00 -7.562795999999999630e+00 4.159398999999999735e-01 1.085388999999999937e+00 -7.435798000000000130e+00 -2.659562000000000204e+00 -8.316895000000000593e+00 -5.180087000000000330e+00
-6.562577000000000105e+00 1.612341999999999942e+01 6.973550999999999611e+00 1.087428000000000061e+00 -3.705528999999999767e-02 -5.674520000000000231e+00 -5.609783000000000130e-02 -1.605639999999999956e+00 -8.720480999999999483e+00 -4.893562000000000189e+00 -5.181369000000000113e+00 -4.134384999999999977e+00
-6.894122999999999557e+00 1.646794999999999831e+01 7.953301999999999872e+00 9.555118999999999696e-01 -1.232291999999999943e+00 -5.427891999999999939e+00 -1.384144000000000041e+00 -1.713194999999999996e-02 -6.679482000000000141e+00 -6.181661000000000072e+00 -3.846375000000000099e+00 -3.601763000000000048e+00
-6.227227000000000068e+00 1.671208999999999989e+01 8.806437000000000737e+00 -1.192302999999999891e+00 -1.828254999999999963e+00 -4.365000000000000213e+00 -1.761509999999999909e+00 -1.907378999999999880e-01 -8.321453999999999240e+00 -9.814090000000000202e+00 -3.567952000000000012e+00 -3.034475000000000033e+00
-6.422161000000000008e+00 1.566688000000000081e+01 9.045972000000000790e+00 -9.612127999999999783e-01 -1.009184999999999999e+00 -5.209764999999999979e+00 -3.263047999999999949e+00 1.140241000000000060e+00 -1.051013999999999982e+01 -5.771222999999999992e+00 -2.908551000000000109e+00 -6.025767000000000095e+00
-6.654180000000000206e+00 1.622122999999999848e+01 9.977024000000000115e+00 -2.093995000000000051e+00 -2.051086000000000187e+00 -5.844763999999999626e+00 -2.894048999999999872e+00 8.075649000000000299e-01 -1.151962999999999937e+01 -5.902224000000000359e+00 -3.048662000000000205e+00 -3.573818999999999857e+00
-6.672564000000000384e+00 1.654975999999999914e+01 9.443168999999999258e+00 -1.951373999999999942e+00 -1.696431999999999940e+00 -4.503325000000000244e+00 -3.630726999999999816e+00 -2.409492999999999885e+00 -1.006570999999999927e+01 -4.911494000000000248e+00 -4.713321999999999790e-01 -4.477279000000000231e+00
-6.638330999999999982e+00 1.644136999999999915e+01 1.172682000000000002e+01 -1.477859000000000034e+00 -1.227878999999999943e+00 -7.287287000000000070e+00 -6.280655000000000321e+00 -1.429565999999999892e+00 -9.205275999999999570e+00 -4.522473999999999883e+00 -1.710892999999999952e-04 -4.100977000000000317e+00
-6.513130000000000308e+00 1.582224000000000075e+01 1.118291999999999931e+01 -9.331922999999999746e-01 -4.865788999999999809e-01 -6.751090999999999731e+00 -9.421556000000000708e+00 -1.775406000000000040e+00 -8.148542000000000840e+00 -5.731622999999999912e+00 -7.562778999999999474e-01 -3.104229999999999823e+00
-6.491576000000000235e+00 1.583333999999999975e+01 1.222049999999999947e+01 -4.445661000000000196e-01 3.382831000000000032e-01 -9.701499000000000095e+00 -1.237531000000000070e+01 -2.821705000000000130e+00 -7.309669000000000416e+00 -3.800720000000000098e+00 -9.541880000000000361e-01 -2.434619999999999784e+00
-5.935300999999999938e+00 1.304017999999999944e+01 1.231758999999999915e+01 8.579126000000000252e-01 2.182984999999999953e+00 -1.340470999999999968e+01 -1.474122999999999983e+01 -1.371423000000000059e+00 -7.448640000000000150e+00 -4.031342999999999677e+00 -3.518024000000000040e+00 -1.865860999999999992e+00
-6.571451999999999849e+00 1.292610999999999954e+01 1.211336000000000013e+01 8.047052000000000094e-01 4.501754000000000033e+00 -1.680011000000000010e+01 -1.766856999999999900e+01 -2.880396000000000178e+00 -3.011645000000000127e+00 -1.385410000000000030e+00 -4.561774999999999913e+00 -9.621908999999999601e-01
-6.873203000000000173e+00 1.288611000000000040e+01 1.185983000000000054e+01 -3.147438000000000180e+00 7.735291000000000139e+00 -1.478110999999999997e+01 -2.125112000000000023e+01 -1.415030000000000010e+00 3.563584000000000085e+00 -2.093845000000000012e-01 -9.852498999999999896e+00 -1.198140999999999901e+00
-7.227888000000000090e+00 1.168064000000000036e+01 1.161054999999999993e+01 -9.955298999999999676e-01 7.762868000000000102e+00 -1.427150999999999925e+01 -1.810757999999999868e+01 -4.394908000000000148e-01 3.184737000000000151e+00 -8.237967000000000484e-01 -7.141354999999999897e+00 -8.478454000000000546e-02
-7.696680999999999884e+00 1.133558999999999983e+01 1.173259999999999970e+01 1.850907000000000080e+00 7.032599000000000267e+00 -1.733821000000000012e+01 -1.740921000000000163e+01 -4.575918999999999959e-01 5.557342000000000226e+00 -9.916580000000000394e-01 -6.111772000000000205e+00 5.100280999999999842e-01
-7.628849999999999909e+00 1.161637999999999948e+01 1.179682000000000031e+01 -1.120204999999999895e+00 7.878421000000000340e+00 -1.454853999999999914e+01 -1.605913999999999930e+01 -4.617057999999999995e-01 5.108322000000000251e+00 3.870959999999999956e-01 -6.776794999999999902e+00 -6.785465999999999998e-01
-7.682100000000000151e+00 1.177200000000000024e+01 1.335577999999999932e+01 2.849100999999999995e-01 4.803459000000000145e+00 -1.693767000000000067e+01 -1.921633999999999887e+01 -1.764764000000000055e-01 9.432947000000000415e+00 1.409207000000000098e+00 -8.744652000000000314e+00 5.804137999999999797e-01
-7.041828999999999894e+00 1.223731000000000080e+01 1.225793999999999961e+01 -1.229138999999999982e+00 5.596330000000000027e+00 -1.581625999999999976e+01 -1.977644000000000091e+01 2.752281999999999784e-01 8.276687000000000793e+00 7.581841000000000275e-01 -4.127946999999999811e+00 1.280489999999999906e+00
-7.668787000000000020e+00 1.155883000000000038e+01 1.343035000000000068e+01 5.490580000000000460e-01 7.459233000000000224e+00 -1.978585999999999956e+01 -2.309656000000000020e+01 9.197368999999999684e-01 1.088183000000000078e+01 3.031534000000000173e+00 -3.875386999999999915e+00 2.547435000000000116e+00
-7.409193000000000140e+00 1.123054999999999914e+01 1.250051000000000023e+01 -2.789619999999999878e-01 6.782741999999999827e+00 -1.640375999999999834e+01 -2.219034999999999869e+01 -1.308618000000000059e+00 1.035759000000000007e+01 2.259472000000000147e+00 -5.258060000000000400e+00 2.434187000000000101e+00
-7.315052999999999805e+00 1.041657999999999973e+01 1.275375000000000014e+01 -6.139480999999999966e-01 7.802857000000000376e+00 -1.670092999999999961e+01 -2.365709999999999980e+01 1.135853000000000002e+00 1.024292999999999942e+01 2.694815000000000182e+00 -4.925209999999999866e+00 6.560523000000000327e-01
-7.574332000000000065e+00 1.133222999999999914e+01 1.343643999999999927e+01 9.016748999999999459e-01 3.827744000000000035e+00 -1.707334000000000174e+01 -2.065534999999999854e+01 -1.756483000000000017e+00 1.081073999999999913e+01 2.896298999999999957e+00 -3.488338000000000161e+00 3.244778999999999858e+00
-7.559434000000000431e+00 1.236298999999999992e+01 1.121396000000000015e+01 -2.133033999999999875e+00 7.013846000000000025e+00 -1.708284000000000091e+01 -2.148273999999999972e+01 6.430095000000000116e-01 1.172344999999999970e+01 2.295085999999999959e+00 -6.598676000000000208e+00 3.649865000000000137e+00
-7.026297999999999710e+00 1.159830999999999968e+01 1.118534999999999968e+01 -1.340905999999999931e+00 5.131638999999999839e+00 -1.611114999999999853e+01 -2.117802000000000007e+01 1.062626000000000071e+00 1.145697999999999972e+01 9.389961000000000002e-01 -4.232750000000000234e+00 4.399737000000000009e+00
-6.828193999999999875e+00 1.084576000000000029e+01 9.260854000000000141e+00 -1.615127999999999897e+00 5.498702999999999896e+00 -1.724281999999999826e+01 -1.885791000000000039e+01 7.592953000000000063e-01 1.088779000000000075e+01 3.795875999999999806e+00 -4.195191999999999588e+00 3.899891999999999914e+00
-8.303352999999999540e+00 8.176736000000000004e+00 8.503593000000000401e+00 -5.909649999999999626e-01 8.115316999999999226e+00 -1.750236999999999910e+01 -1.859503000000000128e+01 3.749267000000000127e+00 1.206240000000000023e+01 6.219523999999999608e-01 -5.366460000000000008e+00 5.603438999999999837e+00
-9.386742999999999171e+00 5.412480999999999653e+00 1.058149000000000051e+01 4.243827000000000016e-01 6.728137000000000256e+00 -1.300684000000000040e+01 -1.713751999999999853e+01 -7.099102000000000467e-01 1.069102999999999959e+01 2.166326000000000196e+00 -7.160245999999999889e+00 4.325988999999999862e+00
-6.050360000000000404e+00 1.099648000000000003e+01 7.363443000000000183e+00 -3.472033999999999843e+00 2.204771000000000036e+00 -1.260365000000000002e+01 -1.822073999999999927e+01 -1.424903999999999948e+00 8.533991000000000327e+00 3.790147999999999850e+00 -1.443791000000000047e+00 4.433144000000000418e+00
-1.023240999999999978e+01 7.785750000000000171e+00 7.872645000000000337e+00 -1.827328000000000063e+00 2.159266999999999825e+00 -8.416681000000000523e+00 -1.519740999999999964e+01 -1.970458999999999961e-01 1.139184999999999981e+01 3.106498999999999899e+00 -2.891907999999999923e+00 1.519592000000000054e+00
-9.523989000000000260e+00 5.493775000000000297e+00 7.705244999999999678e+00 -4.012608000000000175e+00 1.557512999999999925e+00 -8.363099000000000061e+00 -1.712915999999999883e+01 9.092609999999999582e-02 1.348651000000000089e+01 6.507309000000000232e+00 1.363418999999999881e-01 3.021014999999999784e+00
-1.133989000000000047e+01 8.405908000000000158e+00 5.282803999999999611e+00 -1.931538999999999895e+00 -1.188441999999999998e+00 -5.008358999999999561e+00 -8.239259999999999806e+00 -8.569670000000000065e-02 1.278660999999999959e+01 3.768728999999999996e+00 2.627311000000000174e+00 4.230811000000000099e+00
-7.772751999999999661e+00 8.557399000000000200e+00 4.868259000000000114e+00 -8.392298999999999509e+00 -8.481282999999999461e-01 -2.663310000000000066e+00 -1.185308000000000028e+01 7.433883000000000019e-01 1.702179999999999893e+01 3.592021000000000241e-01 -1.598970000000000002e+00 3.757439999999999891e+00
-6.045606000000000257e+00 8.767988000000000781e+00 4.924871000000000443e+00 -1.230414000000000030e+01 -4.380887999999999671e+00 4.550627999999999895e-01 -9.067966999999999445e+00 -1.347890999999999950e-01 1.642646999999999835e+01 2.804896999999999974e+00 -2.009859000000000062e+00 4.335443999999999853e+00
-5.782206999999999653e+00 5.738946999999999576e+00 3.648060000000000080e+00 -1.208816000000000024e+01 -2.562384999999999913e+00 9.224765999999999799e-01 -3.723637000000000086e+00 -3.872390999999999917e+00 1.649617999999999896e+01 3.057186999999999877e+00 -4.636441999999999730e+00 3.674657999999999980e+00
-4.038578000000000223e+00 8.381648000000000209e+00 -5.896131000000000011e-01 -1.189894999999999925e+01 -5.461475999999999553e-01 2.519664000000000126e+00 -3.058733000000000146e+00 -6.197833000000000148e+00 1.534542000000000073e+01 4.629453999999999958e+00 -7.567760999999999960e+00 3.549434000000000200e+00
-3.260743999999999865e+00 1.233744000000000085e+01 -5.223484999999999934e-01 -1.193988000000000049e+01 -3.691985999999999990e+00 8.506544999999999801e-01 1.326109999999999900e+00 -5.051155999999999757e+00 1.424465999999999966e+01 3.731122000000000050e+00 -4.173151999999999973e+00 2.309803000000000051e+00
-2.494636999999999993e+00 1.223473000000000077e+01 -1.154514000000000040e+00 -1.369635000000000069e+01 -3.265076000000000089e+00 5.117801000000000045e+00 1.231878000000000029e+00 -7.267717000000000205e+00 1.459140000000000015e+01 1.880414000000000030e+00 -4.927458999999999811e+00 3.566453000000000095e+00
-2.396694999999999798e+00 1.345232999999999990e+01 -7.408824999999999994e-01 -1.378985999999999912e+01 -4.208523999999999710e+00 3.333267999999999898e+00 3.994972000000000190e+00 -4.259919000000000011e+00 1.278797999999999924e+01 -9.893508999999999984e-03 -5.474860999999999756e+00 4.327250000000000263e+00
-2.156118000000000201e+00 1.333361999999999981e+01 1.445980000000000043e+00 -1.171917999999999971e+01 -7.940673000000000314e+00 3.486413000000000206e+00 3.733413999999999788e+00 -4.433798999999999602e+00 1.200369000000000064e+01 3.778811000000000253e-01 -3.991210000000000147e+00 4.518867000000000189e+00
-2.895916000000000157e+00 1.338446000000000069e+01 2.577608000000000121e+00 -1.229532999999999987e+01 -6.562870000000000203e+00 3.123882000000000048e+00 2.204134999999999955e+00 -5.837456999999999674e+00 1.439692999999999934e+01 -1.128886000000000056e+00 -6.316653999999999769e+00 7.743377999999999872e+00
-2.770080999999999793e+00 1.453753999999999991e+01 3.065809999999999924e+00 -1.254625000000000057e+01 -9.692161000000000470e+00 1.305528000000000022e+00 3.687178999999999984e+00 -3.868330999999999853e-01 1.118041000000000018e+01 -1.549784000000000050e+00 -4.392426999999999637e+00 3.462029999999999941e+00
-2.684499999999999886e+00 1.419353000000000087e+01 1.976488000000000023e+00 -1.209351999999999983e+01 -6.639812000000000047e+00 6.864896000000000331e-01 2.099336000000000091e+00 -2.762465000000000170e+00 1.222383999999999915e+01 1.303609000000000018e+00 -6.074888999999999761e+00 5.773204999999999920e+00
-2.626812000000000147e+00 1.405339000000000027e+01 3.368348999999999815e+00 -1.015507000000000026e+01 -8.002447999999999340e+00 -1.453550999999999871e-01 -1.083396000000000026e+00 -2.132216999999999807e+00 1.429740999999999929e+01 6.715138000000000496e-01 -4.628795000000000215e+00 4.753976999999999897e+00
-3.610357000000000038e+00 1.352382000000000062e+01 6.320383999999999780e+00 -1.055081999999999987e+01 -8.153024999999999523e+00 -1.618659000000000070e+00 -3.935878000000000210e+00 9.913184999999999913e-01 1.423503000000000007e+01 1.322537000000000074e+00 -5.338573000000000235e+00 5.450270999999999866e+00
-3.440145999999999926e+00 1.245589999999999975e+01 8.152051999999999410e+00 -1.211806999999999945e+01 -8.853232999999999464e+00 6.184676000000000062e-01 -6.035829999999999806e+00 2.290208999999999939e+00 1.343698000000000015e+01 -1.761479000000000017e+00 -3.801171000000000078e+00 5.328618999999999772e+00
-3.701642999999999795e+00 1.342265000000000086e+01 8.375151999999999930e+00 -1.137946999999999953e+01 -9.957738000000000866e+00 -2.475780999999999954e-01 -6.751812000000000147e+00 4.212490999999999985e+00 9.598978999999999928e+00 -1.665095999999999909e+00 1.447271999999999892e+00 3.009669999999999845e+00
-4.043649000000000271e+00 1.474787000000000070e+01 7.718637000000000192e+00 -1.129917999999999978e+01 -7.463847000000000342e+00 -1.712142000000000053e+00 -7.941154000000000046e+00 2.469025999999999943e+00 8.315212999999999965e+00 5.317954000000000292e-01 -1.450053000000000036e-01 9.403268999999999656e-01
-4.349521000000000193e+00 1.532441999999999993e+01 8.586684999999999235e+00 -8.210952999999999946e+00 -7.607804999999999929e+00 -4.101652999999999771e+00 -8.443134000000000583e+00 1.765003000000000100e+00 7.102539000000000158e+00 -1.932080000000000020e+00 -1.764045000000000085e+00 5.524859000000000187e+00
-4.551111999999999824e+00 1.507821000000000033e+01 8.643905999999999423e+00 -8.164986999999999995e+00 -4.515193000000000012e+00 -8.284437000000000495e+00 -5.726275000000000226e+00 5.096153000000000155e+00 -5.385957000000000106e-01 -3.313324000000000158e+00 8.074373000000000244e-01 4.014611000000000374e+00
-4.514660000000000117e+00 1.533653999999999940e+01 8.205011000000000720e+00 -7.404027000000000136e+00 -4.096556999999999782e+00 -8.607447000000000514e+00 -7.010728000000000293e+00 5.601613000000000397e+00 -7.968165999999999860e-01 -3.686903000000000041e+00 -2.920885999999999760e-01 2.616560000000000219e+00
-4.693429000000000073e+00 1.604651000000000138e+01 8.751955999999999847e+00 -7.443696000000000090e+00 -6.091282999999999781e+00 -7.817402999999999658e+00 -4.341865999999999559e+00 7.025291000000000174e+00 -2.780943000000000165e+00 -8.240327999999999875e+00 -1.540272000000000086e+00 3.179856000000000016e+00
-4.548258999999999830e+00 1.550170999999999921e+01 7.205173000000000272e+00 -5.869829000000000185e+00 -1.486561999999999939e+00 -7.852744000000000391e+00 -4.521522000000000041e+00 5.972959000000000351e+00 -2.763056000000000179e+00 -6.229976999999999876e+00 -3.905523000000000078e+00 4.722087999999999841e-01
-5.030046999999999713e+00 1.547023000000000081e+01 7.635240999999999723e+00 -4.340353000000000350e+00 -2.226560999999999957e-01 -6.247956000000000287e+00 -2.008977999999999930e+00 1.778167999999999971e+00 -2.653897000000000173e+00 -4.742885000000000240e+00 -5.056776000000000160e+00 6.266372999999999527e-01
-5.769528000000000212e+00 1.587851000000000035e+01 8.855743999999999616e+00 -3.620951999999999948e+00 -3.721296000000000048e-01 -6.019949000000000439e+00 1.887276999999999982e-01 1.703295000000000003e+00 -5.435617999999999839e+00 -7.559916000000000302e+00 -6.554596000000000089e+00 1.949680000000000080e+00
-6.127383000000000024e+00 1.678615999999999886e+01 8.838395000000000223e+00 -3.809539000000000009e+00 -7.915931000000000495e-01 -5.627778000000000169e+00 5.216199999999999726e-01 2.207657000000000203e+00 -5.666319999999999801e+00 -8.037349999999999994e+00 -5.308212000000000153e+00 6.321002000000000010e-01
-6.294741000000000142e+00 1.749793000000000021e+01 9.696400000000000574e+00 -1.573569999999999913e+00 3.065683000000000158e-01 -6.931217000000000183e+00 -9.019789000000000279e-01 1.268593999999999999e+00 -5.494784000000000113e+00 -6.872034000000000198e+00 -6.875975000000000392e+00 -9.067226999999999926e-01
-6.265579999999999927e+00 1.690875000000000128e+01 9.355511999999999162e+00 3.736940000000000262e-01 1.363914000000000071e+00 -6.878395000000000259e+00 -1.746539000000000064e+00 1.611364000000000130e-01 -7.020259000000000249e+00 -6.083035999999999888e+00 -6.799059999999999881e+00 -1.332818999999999976e+00
-6.478264000000000244e+00 1.758851999999999904e+01 9.572827999999999449e+00 1.099706999999999990e+00 -7.229235000000000522e-01 -7.692759999999999820e+00 1.924082999999999988e+00 4.238765999999999923e-01 -7.214268999999999821e+00 -7.387571999999999584e+00 -6.927700999999999887e+00 -1.927211999999999925e+00
-6.924235000000000362e+00 1.743547999999999831e+01 1.013650999999999947e+01 9.186760000000000481e-01 1.628940000000000055e+00 -7.653617999999999810e+00 -1.054334000000000104e+00 -1.079611000000000098e+00 -6.453825000000000145e+00 -5.476094999999999935e+00 -6.010118000000000293e+00 -1.066194000000000086e+00
-6.606317999999999913e+00 1.780272000000000077e+01 1.018947000000000003e+01 2.345363000000000031e-01 1.494083000000000050e+00 -5.820823999999999998e+00 -8.597067999999999932e-01 -2.702949999999999964e+00 -7.143177999999999805e+00 -5.098531999999999620e+00 -5.214654000000000345e+00 -1.500275000000000025e+00
-6.600296000000000163e+00 1.754102999999999923e+01 9.627309000000000339e+00 1.390616000000000074e+00 1.245327999999999991e+00 -3.476534000000000013e+00 -1.351560000000000095e+00 -3.649144000000000165e+00 -8.024247000000000796e+00 -5.971959000000000017e+00 -4.707510000000000083e+00 -9.386588999999999627e-01
-6.910922000000000232e+00 1.696759000000000128e+01 1.042108999999999952e+01 3.158107999999999915e+00 2.672496999999999900e+00 -4.348279999999999923e+00 -2.716153999999999957e+00 -3.399843000000000171e+00 -7.792628999999999806e+00 -7.769121000000000166e+00 -6.272123999999999810e+00 -9.781590000000000007e-01
-7.226302999999999699e+00 1.817874000000000123e+01 1.108277999999999963e+01 1.707656000000000063e+00 3.103817999999999966e+00 -6.015388999999999875e+00 -1.698542999999999914e+00 -1.922957999999999945e+00 -8.360438999999999510e+00 -8.324756999999999962e+00 -7.073210000000000441e+00 -1.680336000000000052e+00
-6.910922000000000232e+00 1.753123000000000076e+01 1.103256000000000014e+01 1.552127000000000034e+00 4.190870999999999902e-01 -2.425043000000000060e+00 -7.650350999999999679e-01 -3.275876999999999928e+00 -9.420840999999999354e+00 -9.191957000000000377e+00 -5.646008000000000138e+00 -1.787700999999999985e+00
-6.909653999999999741e+00 1.707855999999999952e+01 1.119996000000000080e+01 2.133315000000000072e+00 3.575878000000000112e-01 -2.872695999999999916e+00 -2.027471999999999941e+00 -2.300063999999999886e+00 -9.846470000000000056e+00 -9.099059999999999704e+00 -4.175626000000000282e+00 -2.040249000000000201e+00
-6.536584999999999646e+00 1.656008999999999887e+01 1.097016999999999953e+01 3.832488000000000117e+00 2.406564999999999954e-01 -2.416682000000000219e+00 -3.536055000000000170e+00 -3.870744999999999880e+00 -1.028539999999999921e+01 -7.017730000000000246e+00 -3.437736000000000125e+00 -1.757235000000000102e+00
-6.676366999999999940e+00 1.578275999999999968e+01 1.205188000000000059e+01 3.723869000000000096e+00 1.485808999999999935e+00 -3.018240000000000034e+00 -5.016015999999999586e+00 -4.059709999999999930e+00 -8.111850000000000449e+00 -7.806479000000000390e+00 -3.337206000000000117e+00 6.018920999999999993e-02
-6.999038999999999788e+00 1.629142999999999830e+01 1.300849999999999973e+01 4.072078999999999560e+00 2.724895000000000067e+00 -5.330988999999999756e+00 -7.414514999999999745e+00 -4.614536000000000193e+00 -7.403234000000000314e+00 -7.482709999999999972e+00 -5.417252999999999652e-01 -7.915841000000000127e-01
-6.552116999999999969e+00 1.397983999999999938e+01 1.272179000000000038e+01 6.675775999999999932e+00 3.290798000000000112e+00 -8.057949999999999946e+00 -1.290548000000000073e+01 -2.743541000000000007e+00 2.613059999999999949e-03 -6.143307000000000073e+00 -7.955935000000000201e+00 -1.374000000000000110e+00
-5.915649000000000157e+00 1.252041999999999966e+01 1.235045999999999999e+01 4.658934000000000353e+00 2.147409000000000123e+00 -8.938815999999999207e+00 -1.365535999999999994e+01 -1.791314000000000073e+00 2.128462999999999994e+00 -6.619494999999999685e+00 -7.162270000000000358e+00 -1.079220000000000068e+00
-6.535318000000000183e+00 1.254132000000000069e+01 1.276501000000000019e+01 2.880107000000000195e+00 1.564130999999999938e+00 -1.252421999999999969e+01 -1.461969000000000030e+01 4.529480000000000173e-01 8.011585999999999430e+00 -5.479581999999999731e+00 -9.804596000000000089e+00 1.306122999999999923e+00
-6.367643000000000164e+00 1.104834999999999923e+01 1.230602000000000018e+01 1.681840000000000002e+00 4.226249000000000144e+00 -1.406403000000000070e+01 -1.820224999999999937e+01 -2.455896999999999941e-01 1.067773000000000039e+01 -2.314125999999999905e+00 -9.826859999999999928e+00 4.229129999999999612e+00
-6.766702999999999690e+00 1.134256000000000064e+01 1.324863999999999997e+01 2.211079999999999934e+00 3.106301000000000201e+00 -1.692779000000000167e+01 -1.927930999999999884e+01 9.833110000000000461e-02 1.136020000000000074e+01 -1.874050999999999911e+00 -8.729583999999999122e+00 3.732016999999999918e+00
-6.731519999999999726e+00 1.207291000000000025e+01 1.375876000000000055e+01 1.603760000000000074e+00 1.624527000000000054e+00 -1.812520999999999916e+01 -1.838851000000000013e+01 -2.746611999999999942e-01 9.465970000000000439e+00 -1.069112999999999980e+00 -7.328693999999999598e+00 4.796628000000000114e+00
-6.480165000000000397e+00 1.256583999999999968e+01 1.064236999999999966e+01 -7.647547999999999568e-01 4.120899999999999785e+00 -1.540395000000000003e+01 -1.967868999999999957e+01 -3.257502000000000120e+00 9.548527999999999238e+00 -1.316421999999999981e+00 -6.078037000000000134e+00 4.320736000000000132e+00
-6.772408000000000428e+00 1.195162000000000013e+01 1.090290000000000070e+01 -3.929328999999999739e-01 4.914598999999999940e+00 -1.728538999999999959e+01 -1.713312000000000168e+01 -1.473173000000000066e+00 7.250225000000000364e+00 4.486119000000000079e-01 -6.363432000000000421e+00 5.378624000000000294e+00
-6.984141000000000155e+00 1.036289999999999978e+01 8.976273000000000835e+00 9.728278999999999677e-01 6.469178000000000317e+00 -1.339254999999999995e+01 -1.734491999999999834e+01 -1.492370999999999892e+00 9.103177000000000518e+00 8.550653999999999755e-01 -5.603502999999999901e+00 1.355917999999999957e+00
-7.579086000000000212e+00 9.830747000000000568e+00 9.823320000000000718e+00 3.906952000000000202e-01 4.869094999999999729e+00 -1.486471000000000053e+01 -1.736208999999999847e+01 3.360596999999999890e-02 8.147805999999999216e+00 -2.313011000000000095e-01 -5.999997999999999720e+00 3.789795999999999943e+00
-7.658328000000000024e+00 7.756330000000000169e+00 8.697473999999999705e+00 2.981799999999999784e+00 5.710227999999999859e+00 -1.648318000000000083e+01 -1.565315999999999974e+01 -1.696199999999999930e-01 8.482162000000000646e+00 1.212954000000000088e+00 -6.882496999999999865e+00 4.604381000000000057e+00
-8.762320000000000775e+00 5.041109999999999758e+00 1.042018000000000022e+01 2.326940000000000008e+00 4.274785999999999753e+00 -1.138950999999999958e+01 -1.860516000000000147e+01 2.777842000000000144e+00 1.230823000000000000e+01 -1.215556000000000081e+00 -8.219290000000000873e+00 4.810705999999999705e+00
-9.310036999999999452e+00 6.387235000000000440e+00 1.151680999999999955e+01 1.730010000000000048e+00 5.302071999999999896e+00 -1.172924000000000078e+01 -2.002963000000000093e+01 1.857976999999999990e+00 1.361218000000000039e+01 6.914379999999999971e-01 -6.385247999999999813e+00 2.988449000000000133e+00
-7.830440000000000289e+00 1.191367999999999938e+01 9.520782000000000522e+00 -2.745542999999999734e-01 2.257997000000000032e+00 -1.303229999999999933e+01 -1.866811999999999827e+01 1.520912999999999959e+00 1.089283999999999963e+01 3.292540999999999940e+00 -3.640143999999999824e+00 3.052741999999999845e+00
-7.711261000000000365e+00 1.222259999999999991e+01 1.061435999999999957e+01 -1.054871000000000003e-01 1.326408000000000031e+00 -1.056297999999999959e+01 -1.592792999999999992e+01 -1.051691000000000015e-01 8.165692999999999202e+00 3.810071999999999903e+00 -4.150211999999999790e+00 4.240476000000000134e+00
-1.006980000000000075e+01 7.155269999999999797e+00 1.256047000000000047e+01 -3.614492000000000260e-01 4.054160999999999682e+00 -9.962566000000000699e+00 -1.947833999999999932e+01 -6.575267000000000195e-01 9.563204999999999956e+00 2.449748000000000037e+00 -3.015826999999999813e+00 6.228926999999999659e+00
-1.504077999999999982e+01 6.968681000000000125e+00 6.089674999999999727e+00 2.317495000000000083e+00 4.254929999999999879e+00 -9.340488000000000568e+00 -1.458314999999999984e+01 -1.590281999999999973e+00 4.216244999999999798e+00 2.998658999999999963e+00 2.373851000000000155e+00 6.927322000000000202e+00
-1.154368999999999978e+01 9.600801000000000585e+00 7.844034999999999869e+00 5.074994999999999923e-01 2.187949000000000144e+00 -6.065551000000000137e+00 -9.916491000000000611e+00 1.153130999999999906e+00 3.464973000000000081e+00 8.914271000000000278e-01 -2.446005999999999875e-02 1.564182000000000072e-01
-1.184608000000000061e+01 5.452740999999999616e+00 1.889523999999999926e-01 -5.763199000000000100e-02 -2.270608000000000182e+00 -1.584457999999999922e+00 -3.072824000000000222e+00 1.375280999999999976e+00 7.965389000000000497e-01 -1.836128999999999886e-02 1.489552999999999905e+00 1.503622999999999932e+00
-2.101432000000000144e+01 1.265970000000000040e+00 -4.035023999999999944e+00 -5.165009999999999740e-02 -1.243873999999999924e+00 -2.071136000000000157e-02 -4.220150999999999764e-01 -4.411363999999999841e-01 1.146948999999999996e+00 1.493138000000000076e+00 4.415250000000000341e+00 3.741051999999999822e+00
