-1.869539000000000062e+00 1.282041000000000075e+01 -1.679311999999999916e+00 -6.734009000000000356e+00 -3.229979000000000156e+00 -2.647553999999999963e+00 4.637310000000000265e+00 4.313380999999999688e+00 5.033605999999999803e+00 -6.743948999999999749e+00 -8.042044000000000636e+00 2.842763999999999847e+00
-1.075125000000000108e+00 1.345255000000000045e+01 -1.316934999999999967e+00 -1.025414999999999921e+01 -7.315597999999999601e+00 -3.264473999999999876e+00 1.418250999999999928e+00 7.033311000000000313e+00 8.522311000000000192e+00 -4.846452000000000204e+00 -3.186806999999999945e+00 3.013749999999999929e+00
-8.036881999999999637e-01 1.390236999999999945e+01 -2.087196000000000051e+00 -1.105090000000000039e+01 -8.362453999999999610e+00 -4.562870000000000203e+00 4.437782999999999589e+00 7.601829999999999643e+00 8.073698999999999515e+00 -4.772268000000000399e+00 -4.278658000000000072e+00 3.140585000000000182e+00
-1.004399999999999959e+00 1.496260999999999974e+01 -5.781264999999999876e-01 -1.072199999999999953e+01 -9.704176000000000357e+00 -5.474688000000000443e+00 4.321836000000000233e+00 6.465036999999999701e+00 1.045406999999999975e+01 -2.403045000000000098e+00 -5.676446000000000325e+00 1.251028000000000029e+00
-6.419072999999999585e-01 1.291966000000000037e+01 -2.850123999999999991e-01 -8.320971000000000117e+00 -7.875099999999999767e+00 -7.582527999999999935e+00 7.024943999999999633e-01 8.436840000000000117e+00 1.092947999999999986e+01 -1.971125999999999934e+00 -5.468123000000000289e+00 4.247588999999999948e-01
-3.241853000000000096e-01 1.103411000000000008e+01 -1.080033999999999939e+00 -6.996942999999999913e+00 -7.204381999999999842e+00 -7.013358000000000203e+00 -1.199770000000000003e+00 8.320508000000000237e+00 1.201720000000000077e+01 -2.282334999999999781e+00 -5.031001999999999974e+00 -7.518086999999999964e-01
-4.701773000000000202e-01 1.177933999999999948e+01 -6.765004000000000017e-01 -6.409786000000000428e+00 -8.339926000000000172e+00 -7.752514999999999823e+00 -3.500401000000000207e-01 8.261855000000000615e+00 1.156653000000000020e+01 -2.196260999999999797e+00 -4.572214999999999918e+00 1.550158000000000091e-01
-7.623777999999999944e-01 1.233245999999999931e+01 -3.874016000000000126e-01 -8.803798000000000457e+00 -8.147437000000000040e+00 -5.955236000000000196e+00 -2.035160999999999998e+00 1.055175000000000018e+01 1.099709999999999965e+01 -5.515138000000000318e+00 -3.504649000000000125e+00 1.218884000000000079e+00
-1.321906000000000025e+00 1.326661000000000001e+01 7.368436999999999903e-02 -8.015930000000000888e+00 -9.454081999999999653e+00 -8.001575000000000770e+00 -1.300280000000000047e-01 9.848642999999999148e+00 1.131541999999999959e+01 -4.294081000000000259e+00 -4.870534000000000141e+00 1.242121000000000031e+00
-8.796040000000000525e-01 1.219658000000000087e+01 8.047967000000000315e-01 -8.942282999999999760e+00 -1.005522000000000027e+01 -5.597307999999999950e+00 6.581141000000000074e-02 9.868114000000000274e+00 9.431494000000000710e+00 -6.462982000000000227e+00 -2.188522999999999996e+00 1.923740000000000006e+00
-1.522834000000000021e+00 1.188156999999999996e+01 1.190930999999999962e+00 -9.061584999999999113e+00 -8.757699000000000567e+00 -4.614438999999999957e+00 -2.178558000000000217e+00 8.774884000000000128e+00 1.064662000000000042e+01 -6.624532000000000309e+00 -2.719924999999999926e+00 1.901858000000000049e+00
-1.840340000000000087e+00 1.168540999999999919e+01 3.346792000000000211e+00 -9.596342999999999179e+00 -8.367017000000000593e+00 -3.714843999999999813e+00 -5.256268999999999636e+00 9.723307000000000144e+00 8.458812999999999249e+00 -5.858139999999999681e+00 -1.511889999999999956e+00 1.629404999999999992e+00
-2.637998000000000065e+00 1.143515999999999977e+01 5.464843000000000117e+00 -9.226737999999999218e+00 -9.108458000000000609e+00 -6.869346000000000174e+00 -5.037894999999999790e+00 1.146926000000000023e+01 5.416657999999999973e+00 -4.593917000000000250e+00 -1.961867999999999945e+00 1.813363999999999976e+00
-3.121176999999999868e+00 1.173930000000000007e+01 7.625054000000000443e+00 -9.601957000000000519e+00 -9.584120000000000417e+00 -7.829678000000000360e+00 -3.095070000000000210e+00 9.618413000000000324e+00 1.926304000000000016e+00 -4.113921000000000383e+00 -1.996151999999999926e+00 3.002711999999999826e+00
-2.601013000000000019e+00 1.169862000000000002e+01 5.496965000000000323e+00 -7.067122000000000348e+00 -8.161694999999999922e+00 -1.066330999999999918e+01 -3.611298999999999815e+00 5.808660999999999852e+00 2.824354000000000031e+00 -2.497647999999999868e+00 -3.989386999999999794e+00 3.070292999999999939e+00
-3.489078000000000124e+00 1.275162000000000084e+01 7.078979000000000354e+00 -6.524409999999999599e+00 -7.483278000000000318e+00 -1.050324999999999953e+01 -4.478646999999999601e+00 5.026219000000000214e+00 -1.286966999999999972e+00 -4.448909999999999698e+00 -3.062527999999999917e+00 3.602421000000000095e+00
-4.116735000000000255e+00 1.311326000000000036e+01 7.699002000000000123e+00 -5.537704999999999878e+00 -4.444513999999999854e+00 -9.135714000000000112e+00 -3.947258000000000155e+00 2.454746000000000095e+00 -6.553630000000000067e+00 -4.585386999999999880e+00 -3.172759999999999803e+00 3.368501000000000190e+00
-4.270730000000000359e+00 1.391620999999999952e+01 8.409703000000000372e+00 -4.971600999999999715e+00 -3.826553000000000093e+00 -7.994316999999999673e+00 -2.376036000000000037e+00 3.075832000000000122e+00 -8.024402999999999508e+00 -5.793520000000000003e+00 -5.467884999999999884e+00 -2.926839999999999997e-01
-4.327396000000000242e+00 1.548719000000000001e+01 8.592397999999999314e+00 -3.360777999999999821e+00 -2.994714000000000098e+00 -7.895381000000000427e+00 -3.432258000000000031e+00 2.209182999999999897e+00 -1.056969999999999921e+01 -8.166102999999999668e+00 -3.153475999999999946e+00 -1.197572000000000081e+00
-4.863133000000000372e+00 1.553639000000000081e+01 9.908400000000000318e+00 -2.550453000000000081e+00 -2.813632000000000133e+00 -7.071038999999999852e+00 -5.196861000000000175e+00 6.946761999999999659e-01 -9.875341999999999842e+00 -1.019439000000000028e+01 -4.073906000000000027e+00 9.285682000000000658e-02
-5.241848000000000063e+00 1.569719000000000086e+01 9.053148999999999447e+00 -1.937095999999999929e+00 -2.208216999999999874e+00 -5.858973999999999904e+00 -5.430803000000000047e+00 -2.042777000000000065e+00 -7.442607999999999890e+00 -8.279576000000000491e+00 -4.379605999999999888e+00 -3.400440999999999825e+00
-5.298947000000000074e+00 1.508677999999999919e+01 7.876342000000000176e+00 -1.483276999999999957e+00 -1.159934999999999938e+00 -5.970515999999999934e+00 -3.903010000000000090e+00 -4.289833999999999925e+00 -7.373750000000000249e+00 -4.661639000000000088e+00 -4.758634999999999948e+00 -4.314042999999999850e+00
-5.593309999999999782e+00 1.655125999999999920e+01 8.936707000000000178e+00 -7.749452000000000007e-01 -3.274750000000000050e+00 -8.230389000000000621e+00 -1.823752000000000040e+00 -4.227045000000000385e+00 -6.614241999999999955e+00 -3.824682000000000137e+00 -4.019623000000000168e+00 -4.839006000000000363e+00
-5.557191000000000436e+00 1.581880999999999915e+01 6.453600999999999921e+00 2.337492999999999932e-01 -9.497655999999999876e-01 -5.569804999999999673e+00 -3.548204000000000136e+00 -1.539725999999999928e+00 -8.771540999999999144e+00 -5.336787000000000170e+00 -4.196519000000000332e+00 -2.977914999999999868e+00
-5.626401999999999681e+00 1.478711000000000020e+01 8.205593999999999610e+00 -1.440234000000000014e+00 -1.078092000000000050e+00 -4.151462999999999681e+00 -8.019456999999999836e-01 -6.513254999999999739e-02 -7.811641999999999975e+00 -5.865895000000000081e+00 -5.991192999999999991e+00 -2.132861999999999814e+00
-5.655383999999999745e+00 1.459179999999999922e+01 7.025441999999999965e+00 -1.093553999999999915e+00 -5.049015999999999504e-01 -4.969693000000000360e+00 -1.083414000000000099e+00 -1.970739000000000019e+00 -5.947919999999999874e+00 -5.708480999999999916e+00 -5.006002999999999759e+00 -1.309690999999999939e+00
-6.275471999999999717e+00 1.512597000000000058e+01 7.745176999999999978e+00 -2.084470000000000045e+00 8.898610999999999605e-01 -5.203472999999999793e+00 -2.667746000000000173e+00 -1.119178999999999924e+00 -6.610530999999999935e+00 -8.198930999999999969e+00 -1.001219000000000037e+01 1.651672999999999947e+00
-6.506464000000000247e+00 1.472320999999999991e+01 9.254915999999999698e+00 -1.803757000000000055e+00 3.905297999999999825e-01 -6.847572999999999688e+00 -2.334655999999999842e+00 3.339983000000000257e-01 -5.791235999999999606e+00 -7.405397999999999925e+00 -8.729390999999999678e+00 -2.144526999999999961e-01
-6.549071999999999782e+00 1.551083000000000034e+01 7.134857000000000227e+00 -3.153986000000000178e+00 2.586333000000000215e+00 -2.860707000000000111e+00 -2.217070000000000096e+00 -1.816683999999999966e+00 -4.100278999999999563e+00 -8.181354000000000681e+00 -8.153228999999999616e+00 2.332711000000000201e+00
-6.569619000000000320e+00 1.531786999999999921e+01 6.845758000000000010e+00 -2.524253999999999998e+00 2.656484999999999985e+00 -3.047883999999999816e+00 -9.318224999999999980e-01 -9.276444999999999830e-01 -4.362108000000000096e+00 -7.428403000000000311e+00 -7.890622999999999720e+00 1.912314999999999987e+00
-6.505166000000000004e+00 1.603669000000000011e+01 7.242600000000000371e+00 -1.758375999999999939e+00 2.273787000000000003e+00 -4.938368999999999787e+00 -1.979440000000000088e+00 -8.852976999999999652e-01 -5.645684000000000147e+00 -6.535872999999999600e+00 -7.700871000000000244e+00 -2.266520999999999952e-01
-5.967050000000000409e+00 1.566502999999999979e+01 7.342312999999999867e+00 -1.621761999999999926e+00 4.418602999999999836e-01 -2.680788000000000171e+00 -2.355960000000000054e+00 -1.431181999999999954e+00 -3.502816000000000152e+00 -8.156022999999999357e+00 -7.050664000000000264e+00 -5.012362000000000206e-01
-6.681437999999999988e+00 1.628865000000000052e+01 8.048999000000000237e+00 -2.069967000000000112e+00 4.804154000000000063e-02 -2.159367000000000036e+00 -2.074901999999999802e+00 -2.137449000000000154e+00 -4.962044999999999817e+00 -7.602877000000000329e+00 -4.289609999999999701e+00 -5.242795999999999568e-01
-6.250599000000000238e+00 1.579345999999999961e+01 7.206127999999999645e+00 -1.238588999999999940e+00 9.766099999999999781e-02 -6.084730999999999890e-01 -4.685958000000000290e+00 -3.331920999999999911e+00 -3.795980999999999828e+00 -6.812962999999999880e+00 -3.818204999999999849e+00 -4.716090000000000004e-01
-6.234810000000000407e+00 1.606097000000000108e+01 8.499043000000000347e+00 -1.243268000000000040e+00 -1.776756000000000002e+00 -1.595161999999999969e+00 -6.134267999999999610e+00 -1.850756000000000068e+00 -4.715885000000000105e+00 -8.468783000000000172e+00 -5.816974999999999785e-01 -1.004124000000000017e+00
-6.616984999999999673e+00 1.609994999999999976e+01 8.875139000000000777e+00 -6.827779000000000487e-01 -2.720952000000000037e+00 -3.005482000000000209e+00 -4.623273000000000188e+00 -2.915023999999999837e+00 -4.580640999999999963e+00 -8.042291999999999774e+00 -3.859392999999999851e+00 -2.839074000000000098e+00
-6.256655000000000300e+00 1.601474999999999937e+01 1.065390000000000015e+01 -2.846335999999999866e-01 -3.794899000000000022e+00 -3.993698999999999888e+00 -6.126074000000000019e+00 -2.172007999999999939e+00 -8.040896000000000043e+00 -7.930369999999999919e+00 1.097504999999999953e+00 -1.926439999999999930e+00
-5.485383999999999816e+00 1.573616999999999955e+01 9.770542000000000726e+00 6.234722000000000319e-01 -4.139325999999999839e-01 -8.363704999999999501e+00 -9.769178999999999391e+00 -2.916726999999999848e+00 -5.906274999999999942e+00 -5.545639000000000429e+00 -2.060195999999999916e+00 -2.933377000000000123e+00
-5.534913999999999668e+00 1.164025999999999961e+01 1.269298000000000037e+01 2.656768000000000018e+00 -1.236302999999999985e-01 -1.146587000000000067e+01 -1.549646000000000079e+01 -8.865144999999999831e-01 -4.167900999999999634e+00 -6.284373000000000431e+00 -2.228521000000000196e+00 -3.162843000000000071e+00
-6.393779000000000323e+00 1.018812999999999924e+01 1.380654999999999966e+01 5.300614000000000381e+00 -1.440541999999999989e+00 -1.841547999999999874e+01 -1.564108000000000054e+01 -5.504172000000000509e-01 1.567990999999999913e+00 -8.154213999999999629e+00 -6.423076000000000008e+00 1.536068999999999907e+00
-6.447850999999999999e+00 9.361114000000000601e+00 1.225732999999999961e+01 2.404595000000000038e+00 7.638163000000000036e-01 -1.724200000000000088e+01 -1.430380000000000074e+01 -3.252064000000000343e-02 1.918056999999999901e+00 -7.795961000000000141e+00 -6.844960000000000377e+00 5.406774999999999665e+00
-6.703714999999999868e+00 9.002660000000000551e+00 1.308313000000000059e+01 2.667529000000000039e+00 1.350408999999999970e+00 -1.830240999999999829e+01 -1.329798000000000080e+01 1.327201000000000075e+00 7.017726999999999826e+00 -7.596415000000000362e+00 -8.447499999999999787e+00 4.831659000000000148e+00
-6.954388999999999932e+00 9.450354000000000809e+00 1.396080000000000076e+01 2.767650000000000166e+00 3.905297999999999825e-01 -1.905455999999999861e+01 -1.522809999999999953e+01 4.133286000000000016e+00 7.954536000000000051e+00 -4.112886999999999738e+00 -7.314936999999999578e+00 3.327837000000000156e+00
-6.673002999999999574e+00 1.125923000000000052e+01 1.255044000000000004e+01 1.060448000000000057e+00 1.554875999999999925e+00 -1.864582000000000050e+01 -1.626670000000000016e+01 -3.203389999999999710e-02 1.024172000000000082e+01 -3.251632999999999996e+00 -8.085375000000000867e+00 7.341836999999999946e+00
-7.162238999999999578e+00 1.102026000000000039e+01 1.435830999999999946e+01 2.632908000000000026e+00 1.336435999999999957e+00 -2.124376000000000175e+01 -1.789938000000000073e+01 2.848278999999999783e+00 1.087463999999999942e+01 -9.312626000000000515e-01 -7.841578000000000159e+00 4.680036999999999558e+00
-6.926921000000000106e+00 1.068524000000000029e+01 1.388350999999999935e+01 2.156163999999999970e+00 9.121042999999999790e-01 -1.823862000000000094e+01 -1.662356000000000122e+01 8.073576999999999559e-01 1.062601000000000084e+01 -2.089767999999999848e+00 -7.290175999999999767e+00 6.037467000000000361e+00
-6.797583000000000375e+00 9.442899000000000598e+00 1.571546999999999983e+01 3.102165999999999979e+00 2.079302000000000206e+00 -1.931965999999999894e+01 -2.221236000000000033e+01 3.839777999999999913e+00 1.182175999999999938e+01 -1.760464999999999947e+00 -5.922863000000000433e+00 4.638791999999999582e+00
-7.451627000000000223e+00 1.122344999999999970e+01 1.453532000000000046e+01 1.580702999999999969e+00 3.850487999999999911e+00 -2.026395000000000124e+01 -1.874419999999999931e+01 1.173146000000000022e+00 1.011555000000000071e+01 -2.904919999999999725e-01 -6.537355999999999945e+00 6.454183999999999699e+00
-7.091080999999999968e+00 1.158211999999999975e+01 1.395176999999999978e+01 2.534657999999999856e+00 3.603531999999999957e+00 -1.874820000000000064e+01 -1.984097999999999828e+01 -2.329470000000000152e+00 1.349333999999999989e+01 2.802308000000000021e-01 -5.170757000000000048e+00 6.563590999999999731e+00
-7.907771999999999579e+00 1.159937000000000040e+01 1.306706999999999930e+01 1.782348000000000043e+00 6.450946000000000069e+00 -2.312546000000000035e+01 -1.979508999999999830e+01 1.103299000000000030e+00 1.373495999999999917e+01 9.173826999999999954e-01 -6.350461000000000134e+00 5.678647999999999918e+00
-7.153154999999999930e+00 9.873341999999999175e+00 1.306306000000000012e+01 1.962939999999999907e+00 5.012552999999999592e+00 -2.306166999999999945e+01 -2.016791999999999874e+01 3.534346000000000210e+00 1.260477000000000025e+01 -1.416078000000000059e-01 -5.775965000000000238e+00 4.674615000000000187e+00
-7.282060000000000421e+00 1.040090000000000003e+01 1.134418999999999933e+01 -9.569406999999999774e-01 3.751819999999999933e+00 -2.122313000000000116e+01 -1.592542000000000080e+01 1.781821000000000099e+00 1.313378999999999941e+01 -1.198012999999999995e+00 -6.360698000000000185e+00 7.183437999999999768e+00
-8.103077000000000751e+00 9.831170000000000186e+00 1.104002999999999979e+01 -3.346274000000000193e+00 3.423874999999999780e+00 -1.567506000000000022e+01 -1.556241999999999948e+01 2.485897000000000023e+00 1.102431999999999945e+01 -1.168029999999999902e+00 -3.876059000000000143e+00 4.595028000000000112e+00
-8.859424000000000632e+00 3.748543000000000180e+00 1.089582000000000050e+01 -1.990898999999999974e+00 5.463974999999999582e+00 -1.192578999999999922e+01 -1.642034999999999911e+01 3.271838000000000246e-01 9.151524000000000214e+00 2.830388999999999822e+00 -3.318229000000000095e+00 3.101856999999999864e+00
-8.120162999999999798e+00 3.882509999999999906e+00 9.448318000000000438e+00 -9.358872000000000302e-01 5.600571999999999662e+00 -1.175122000000000000e+01 -1.964965000000000117e+01 -1.200708000000000109e+00 1.127996000000000087e+01 5.676506999999999969e+00 -1.481414999999999926e+00 3.341778999999999833e+00
-7.877708000000000155e+00 9.025874999999999204e+00 1.014563000000000059e+01 -4.533688999999999858e+00 1.820653000000000077e+00 -1.377350000000000030e+01 -1.724794999999999945e+01 1.840716999999999937e+00 1.159084999999999965e+01 6.744803000000000104e+00 -4.286097999999999852e-01 5.450104000000000060e-01
-8.533483000000000374e+00 1.021433000000000035e+01 8.018549999999999400e+00 -4.914990000000000414e+00 -1.440256999999999898e+00 -1.300225000000000009e+01 -1.455617999999999945e+01 1.570573999999999915e+00 1.103669000000000011e+01 6.655885999999999747e+00 9.096575000000000077e-01 2.079622000000000082e+00
-8.520937999999999235e+00 9.447585000000000122e+00 8.108223999999999876e+00 -2.917718999999999951e+00 2.073884000000000061e+00 -7.634096999999999689e+00 -1.622614000000000090e+01 2.337927000000000088e+00 1.137767999999999979e+01 4.772088000000000108e+00 9.203713000000000033e-01 1.252965000000000106e+00
-8.520073000000000008e+00 7.610166999999999682e+00 6.310389999999999944e+00 -8.442614000000000729e+00 1.264572999999999947e+00 -1.338845000000000063e+00 -9.599971000000000032e+00 -1.128427000000000069e+00 1.120162000000000013e+01 3.744632000000000183e+00 -4.631973999999999592e+00 1.363922000000000079e+00
-6.081464000000000425e+00 8.532816000000000400e+00 2.209134999999999849e+00 -1.132366000000000028e+01 -3.779438999999999715e-02 -7.818981000000000403e-01 -7.283492999999999995e+00 -2.722424999999999984e-01 1.593885000000000041e+01 5.803421000000000163e+00 -3.936056000000000221e+00 2.515702999999999800e+00
-4.604457000000000022e+00 9.235452999999999690e+00 -9.147393000000000329e-01 -1.327602000000000082e+01 -1.248623000000000038e+00 1.908099999999999907e+00 -7.474007000000000289e+00 -3.820034999999999958e-01 1.324057999999999957e+01 5.054604999999999571e+00 -4.937197000000000280e+00 2.973472000000000115e+00
-3.075973999999999986e+00 1.177422999999999931e+01 -2.483703000000000216e+00 -1.338409000000000049e+01 -3.121900000000000119e+00 5.256655999999999551e-01 -8.482425000000000104e-01 -2.091695000000000082e+00 9.039370999999999157e+00 6.163999999999999702e+00 -4.567690999999999946e+00 2.407650999999999986e+00
-3.291176999999999797e+00 1.413622999999999941e+01 -2.853470000000000173e-01 -1.461688999999999972e+01 -5.592890999999999835e+00 -5.339844000000000257e-01 2.221684000000000214e+00 -1.049574000000000007e+00 9.039370999999999157e+00 4.714446999999999832e+00 -4.369843999999999618e+00 5.003999999999999559e+00
-2.313571000000000044e+00 1.406914000000000087e+01 -5.021712000000000398e-01 -1.231504999999999939e+01 -7.632706999999999908e+00 -4.797412999999999816e-01 1.380557999999999952e+00 1.066884000000000027e-01 1.025160999999999945e+01 2.525125000000000064e+00 -3.203472999999999793e+00 4.617684999999999818e+00
-2.830274999999999874e+00 1.459904000000000046e+01 2.617324999999999791e-01 -1.133020999999999923e+01 -7.181282999999999639e+00 -9.778607999999999745e-01 1.240847999999999951e+00 -4.479908000000000001e+00 1.207244999999999990e+01 2.241832000000000047e+00 -3.316087000000000007e+00 7.226427000000000156e+00
-2.690770999999999802e+00 1.378992000000000040e+01 7.512598999999999805e-01 -1.173210000000000086e+01 -5.371315000000000062e+00 -2.266325000000000145e+00 -1.090378999999999987e+00 -4.217795999999999879e+00 1.531870999999999938e+01 3.728864000000000178e+00 -5.598117000000000232e+00 3.248444000000000109e+00
-3.037259000000000153e+00 1.337758000000000003e+01 2.660851000000000077e+00 -1.210824999999999996e+01 -6.261327999999999783e+00 -2.819450999999999929e+00 -1.629960999999999993e+00 -1.884098000000000050e+00 1.645178999999999903e+01 3.742563999999999780e+00 -7.804674999999999585e+00 1.985317999999999916e+00
-3.185414000000000190e+00 1.223662000000000027e+01 2.984748999999999874e+00 -1.138635999999999981e+01 -4.624742000000000353e+00 -5.144645999999999830e+00 -4.479466000000000392e+00 1.495128000000000013e+00 1.559497000000000000e+01 2.053657999999999983e+00 -6.777345000000000397e+00 3.533678000000000097e+00
-3.610846000000000000e+00 1.123878999999999984e+01 6.022294999999999732e+00 -1.237587000000000081e+01 -2.854980999999999991e+00 -5.578208000000000055e+00 -9.450018000000000029e+00 1.055110999999999910e+00 1.592606999999999928e+01 5.986424000000000412e+00 -7.381838000000000122e+00 1.586416000000000048e+00
-4.327180000000000248e+00 1.071654999999999980e+01 7.452062999999999882e+00 -9.847580999999999918e+00 -2.593195999999999835e+00 -7.995080999999999882e+00 -1.257239000000000040e+01 3.909625999999999824e+00 1.550467000000000084e+01 2.985736000000000168e+00 -6.062140999999999558e+00 3.733903999999999890e+00
-4.996798000000000073e+00 9.656734999999999403e+00 1.021857999999999933e+01 -8.721455999999999875e+00 -9.608872000000000524e-01 -8.601686000000000831e+00 -1.506339999999999968e+01 2.794827999999999757e-01 1.411306000000000083e+01 5.591466999999999743e+00 -2.856346999999999969e+00 2.924868000000000023e+00
-5.296567999999999721e+00 1.080386999999999986e+01 1.011184000000000083e+01 -7.365145000000000053e+00 7.877705000000000402e-01 -8.675411000000000428e+00 -1.869544000000000139e+01 3.079238999999999837e+00 1.107502999999999993e+01 3.471159999999999801e+00 -1.525937000000000099e+00 2.200067000000000217e+00
-6.097686000000000384e+00 1.149287999999999954e+01 1.214691000000000010e+01 -6.221241000000000021e+00 1.441092999999999957e+00 -1.225201999999999991e+01 -1.639125999999999905e+01 3.803516000000000119e+00 9.798054000000000485e+00 4.513441999999999732e-01 -3.771063999999999972e+00 3.043182999999999971e+00
-6.851869999999999905e+00 1.040559000000000012e+01 1.275555999999999912e+01 -8.521412000000000431e-01 4.222349000000000352e+00 -1.320890999999999948e+01 -1.858933000000000035e+01 9.319642999999999677e-01 6.433046000000000042e+00 -2.103984000000000076e+00 -7.031201000000000256e-01 2.911312999999999818e+00
-7.181055999999999884e+00 1.063092999999999932e+01 1.424253999999999998e+01 5.706046000000000173e-01 5.164547999999999917e+00 -1.317988000000000071e+01 -1.868806999999999974e+01 1.695667000000000035e+00 5.825687000000000282e+00 -6.877750000000000252e-01 -6.573782999999999710e+00 2.579023999999999983e+00
-7.428485000000000227e+00 9.527027999999999608e+00 1.465175999999999945e+01 4.081386000000000180e+00 5.062172000000000338e+00 -1.140132000000000012e+01 -1.626875000000000071e+01 4.204837000000000380e+00 3.879913000000000167e+00 -6.218719000000000108e+00 -6.864006999999999969e+00 5.003612999999999644e+00
-7.774324000000000012e+00 9.613286999999999694e+00 1.383365000000000045e+01 4.317651999999999823e+00 6.272145000000000081e+00 -1.045512000000000086e+01 -1.428045000000000009e+01 5.412450999999999901e+00 4.736729999999999663e+00 -6.162111999999999590e+00 -7.113042000000000087e+00 2.112928000000000139e+00
-8.051816999999999780e+00 1.039152999999999949e+01 1.484215000000000018e+01 5.521442000000000405e+00 4.565692000000000306e+00 -9.573477999999999710e+00 -1.214588000000000001e+01 6.443376999999999910e+00 5.106175000000000352e+00 -7.709888000000000297e+00 -7.233037000000000383e+00 8.434125000000000094e-01
-8.118432999999999566e+00 1.103388999999999953e+01 1.450219000000000058e+01 8.003878999999999522e+00 5.552662999999999904e+00 -1.071945999999999977e+01 -1.204550000000000054e+01 6.542915999999999954e+00 1.044335000000000013e+00 -4.810522999999999882e+00 -3.439890000000000114e+00 3.196113999999999900e-01
-8.676014000000000337e+00 1.151864999999999917e+01 1.527547000000000033e+01 9.171642999999999546e+00 6.051423999999999914e+00 -1.005250000000000021e+01 -1.271209999999999951e+01 4.696691999999999645e+00 3.008252000000000148e+00 -3.790821000000000218e+00 -4.999812999999999619e+00 1.392193000000000014e+00
-8.746522999999999826e+00 1.059834000000000032e+01 1.576498999999999917e+01 1.113897000000000048e+01 5.945340999999999987e+00 -8.886271000000000697e+00 -1.202256000000000036e+01 3.856327999999999978e+00 2.910118000000000205e+00 -7.064464000000000077e+00 -4.651258999999999588e+00 4.844051999999999580e+00
-9.177362000000000464e+00 1.016469999999999985e+01 1.638467999999999947e+01 1.306418999999999997e+01 5.593727999999999589e+00 -7.992024999999999935e+00 -1.236344000000000065e+01 4.408782999999999674e+00 2.165865999999999847e+00 -6.905498999999999832e+00 -5.182184999999999597e+00 2.826884999999999870e+00
-1.012965999999999944e+01 1.017365000000000030e+01 1.721049000000000007e+01 1.344316000000000066e+01 5.399242000000000097e+00 -5.395997999999999628e+00 -9.156259000000000370e+00 3.639482999999999802e+00 1.675607999999999986e+00 -6.455485999999999613e+00 -8.505831000000000586e+00 1.588546000000000014e+00
-9.705095999999999279e+00 1.022966000000000086e+01 1.695786000000000016e+01 1.111885000000000012e+01 4.911031999999999620e+00 -6.002602999999999689e+00 -9.502459999999999241e+00 4.089477999999999724e+00 2.290801999999999783e+00 -3.371825999999999990e+00 -6.485692000000000235e+00 1.961500000000000021e+00
-9.275771000000000654e+00 1.118660000000000032e+01 1.661054000000000030e+01 9.654000999999999166e+00 4.749341000000000257e+00 -7.067982999999999905e+00 -7.687053999999999832e+00 3.861924999999999830e+00 1.381205999999999934e+00 -3.529498999999999942e+00 -5.795963999999999672e+00 3.428336999999999968e+00
-9.785121999999999431e+00 1.082197000000000031e+01 1.719408999999999921e+01 1.180192000000000085e+01 4.501814000000000426e+00 -6.968664999999999665e+00 -9.497543999999999542e+00 2.314319999999999933e+00 2.250805999999999862e+00 -3.277998000000000189e+00 -5.815724999999999589e+00 4.622719000000000023e+00
-9.881584000000000145e+00 1.054487999999999914e+01 1.763074999999999903e+01 1.289202000000000048e+01 3.493170999999999804e+00 -6.077092000000000382e+00 -9.010403999999999414e+00 1.750912999999999942e+00 1.879297999999999913e+00 -5.210131999999999763e+00 -2.695164999999999811e+00 3.633016000000000023e+00
-9.759168000000000731e+00 9.967266999999999655e+00 1.694212999999999880e+01 1.363732000000000077e+01 2.446884999999999977e+00 -6.164185999999999943e+00 -7.877976000000000312e+00 2.420186999999999866e+00 3.784664999999999946e+00 -5.195399000000000100e+00 -4.589595000000000091e+00 1.679945000000000022e+00
-1.022677999999999976e+01 1.021582000000000079e+01 1.676847000000000065e+01 1.416506000000000043e+01 3.935182999999999875e+00 -4.146497000000000099e+00 -6.849205000000000432e+00 1.409947999999999979e+00 -2.883088999999999791e-01 -7.825427999999999606e+00 -4.886247000000000007e+00 4.264287999999999634e+00
-1.024104999999999954e+01 1.002073000000000036e+01 1.658545000000000158e+01 1.376317000000000057e+01 3.382239999999999913e+00 -3.627749999999999808e+00 -7.320776000000000394e+00 6.165536999999999823e-01 1.722614000000000090e+00 -6.049674000000000440e+00 -5.539786000000000321e+00 4.602000000000000313e+00
-1.006434999999999924e+01 1.062027999999999928e+01 1.719543000000000177e+01 1.304360999999999926e+01 1.672935999999999979e+00 -2.842370999999999981e+00 -5.567235000000000156e+00 1.977096999999999882e-01 5.680781999999999672e-03 -5.277853999999999601e+00 -2.357085999999999792e+00 2.495757999999999921e+00
-9.720451999999999870e+00 9.649281999999999471e+00 1.781378000000000128e+01 1.519713999999999920e+01 1.700026999999999955e+00 -4.502514999999999823e+00 -8.153707999999999956e+00 2.477135999999999783e+00 1.980731000000000019e+00 -8.286554999999999893e+00 -4.946481999999999601e+00 3.920380999999999894e+00
-9.741649000000000669e+00 8.833337000000000216e+00 1.736507999999999896e+01 1.531878000000000029e+01 3.099352000000000107e+00 -5.512506000000000128e+00 -7.314631000000000327e+00 1.114737000000000089e+00 1.878060999999999980e+00 -7.781486000000000125e+00 -6.682349000000000316e+00 4.799514000000000280e+00
-9.038290999999999187e+00 8.799685000000000201e+00 1.747081000000000017e+01 1.604348999999999847e+01 1.903923000000000032e+00 -8.747227000000000530e+00 -9.504509000000000540e+00 2.298500999999999905e+00 5.758066000000000351e+00 -8.405713999999999686e+00 -9.935997999999999664e+00 2.503696999999999839e+00
-8.226575000000000415e+00 9.535121999999999431e+00 1.623511999999999844e+01 1.382258999999999993e+01 4.945253000000000121e+00 -1.408901999999999965e+01 -1.408215000000000039e+01 3.258361999999999981e+00 7.014840999999999660e+00 -5.302927000000000390e+00 -1.106284999999999918e+01 1.804843999999999893e+00
-7.417022000000000226e+00 1.022860000000000014e+01 1.555218999999999951e+01 9.377499999999999503e+00 3.226538000000000128e+00 -1.329410000000000025e+01 -1.517115000000000080e+01 1.953642000000000101e+00 6.393875000000000419e+00 -4.011821000000000303e+00 -8.197274000000000171e+00 2.684365000000000112e+00
-6.206476999999999578e+00 1.049632000000000076e+01 1.337021999999999977e+01 4.043956999999999802e+00 2.824164000000000119e+00 -1.300644999999999918e+01 -1.481839000000000084e+01 2.344740999999999964e+00 5.996391000000000027e+00 -3.449110999999999816e+00 -6.079760000000000275e+00 4.040051000000000059e+00
-5.707508999999999943e+00 1.329280999999999935e+01 1.139203999999999972e+01 7.034753000000000256e-01 8.507928999999999631e-01 -1.450004999999999988e+01 -1.368965000000000032e+01 4.659699999999999953e+00 3.108448000000000100e+00 -4.724966000000000221e+00 6.846687000000000189e-01 3.097208999999999879e+00
-4.217308000000000057e+00 1.342038999999999938e+01 1.014897999999999989e+01 -3.318671000000000149e+00 -3.174656000000000144e+00 -1.114920000000000044e+01 -1.047920000000000051e+01 4.439690999999999832e+00 1.087217000000000100e+00 -7.227047999999999917e+00 -8.302566999999999586e-01 6.700301999999999758e+00
-2.959397000000000055e+00 1.455836000000000041e+01 8.074094000000000548e+00 -4.666559999999999597e+00 -7.670062999999999853e+00 -9.176204999999999501e+00 -4.778551000000000215e+00 3.253251000000000115e+00 -2.858347999999999889e+00 -6.264728999999999992e+00 -1.115957000000000088e+00 7.851115000000000066e+00
-2.684715000000000185e+00 1.605606999999999829e+01 7.379453999999999958e+00 -6.422886000000000095e+00 -7.773864999999999803e+00 -1.121108000000000082e+01 -5.395158999999999594e+00 6.756352999999999831e+00 6.072670000000000012e-01 -6.017622000000000249e+00 -4.395318999999999754e+00 4.324704999999999799e+00
-2.010339999999999794e+00 1.680450000000000088e+01 6.707232000000000305e+00 -6.656344999999999956e+00 -1.024513999999999925e+01 -9.034485999999999351e+00 -5.458662999999999599e+00 6.964193999999999996e+00 1.970423000000000036e+00 -5.820918999999999954e+00 -3.286087999999999898e+00 -6.207131999999999650e-01
-2.171472000000000069e+00 1.683005999999999958e+01 7.519987999999999673e+00 -4.559421000000000390e+00 -1.172203000000000017e+01 -1.175084000000000017e+01 -2.892675000000000107e+00 5.351607999999999699e+00 1.486761999999999917e+00 -3.582228000000000190e+00 -2.893965000000000121e+00 1.302297000000000038e-01
-2.383214000000000166e+00 1.669438999999999851e+01 7.975719999999999921e+00 -4.452282000000000295e+00 -1.083258999999999972e+01 -1.176956000000000024e+01 -5.035847000000000406e+00 6.489861000000000324e+00 1.588195000000000023e+00 -2.090285000000000171e+00 -2.834681999999999924e+00 -1.281806000000000001e+00
-2.501955000000000151e+00 1.711524000000000001e+01 7.530694999999999695e+00 -4.066769999999999996e+00 -1.070454999999999934e+01 -1.017970000000000041e+01 -6.668115000000000236e+00 5.222133999999999610e+00 5.854962999999999695e+00 -4.810522999999999882e+00 -4.286991000000000440e+00 -8.164850000000000163e-01
-2.721051000000000109e+00 1.770627999999999957e+01 7.560140999999999778e+00 -6.384990000000000165e+00 -8.129756999999999678e+00 -1.005288000000000004e+01 -7.844789999999999708e+00 7.461402999999999786e+00 1.605925000000000047e+00 -2.419846000000000164e+00 -3.884392000000000067e+00 -2.472897000000000123e+00
-2.955935999999999897e+00 1.635701999999999856e+01 9.125757999999999370e+00 -4.986571999999999782e+00 -9.924041000000000778e+00 -1.109763000000000055e+01 -6.437450000000000117e+00 8.647356999999999516e+00 2.092058999999999891e+00 -4.336212999999999873e+00 -5.155281999999999698e+00 -2.569137000000000004e+00
-2.983188000000000173e+00 1.607395999999999958e+01 8.363526999999999489e+00 -5.936785000000000423e+00 -7.990593999999999753e+00 -7.988586999999999883e+00 -4.779779999999999696e+00 5.879239000000000104e+00 -1.470453000000000010e+00 -6.751186999999999827e+00 -2.158047999999999966e+00 3.519495000000000262e-01
-3.650208999999999815e+00 1.520456000000000074e+01 9.316817000000000348e+00 -6.553885000000000183e+00 -6.759233000000000047e+00 -4.680140999999999885e+00 -4.960869999999999891e+00 3.317988000000000159e+00 -4.639192000000000426e+00 -6.548281000000000240e+00 -1.068578000000000028e+00 3.893851999999999869e+00
-4.516861999999999711e+00 1.418628000000000000e+01 1.076064000000000043e+01 -4.526671000000000333e+00 -3.713910999999999962e+00 -6.234473000000000376e+00 -7.830451000000000050e+00 2.157344999999999846e+00 -1.669194999999999984e+00 -5.858915999999999791e+00 -3.493459000000000092e+00 6.733609000000000400e+00
-5.635053000000000090e+00 1.298695999999999984e+01 1.181564999999999976e+01 -2.726834999999999898e+00 -4.746736999999999762e-01 -5.529695000000000249e+00 -1.239662000000000042e+01 1.485880000000000090e+00 4.177613000000000021e+00 -6.471771000000000384e+00 -5.180042000000000257e+00 4.731740000000000279e+00
-7.002621000000000429e+00 1.191182000000000052e+01 1.366433999999999926e+01 1.844573000000000018e+00 3.356860000000000177e+00 -1.032830000000000048e+01 -1.318449000000000026e+01 1.897909999999999986e+00 4.406456000000000373e+00 -3.851304999999999978e+00 -5.699302000000000312e+00 3.412652000000000019e+00
-7.873814999999999564e+00 9.843949000000000282e+00 1.454100999999999999e+01 5.842389999999999972e+00 5.251809999999999867e+00 -1.132720999999999911e+01 -1.451479999999999926e+01 1.823437999999999892e+00 8.537155000000000271e+00 -3.944617000000000040e+00 -1.095213999999999999e+01 2.416558999999999902e+00
-7.650393000000000221e+00 9.167723000000000511e+00 1.497766999999999982e+01 8.475008000000000763e+00 4.632991999999999777e+00 -8.987500000000000711e+00 -1.488435999999999915e+01 1.969460999999999906e+00 1.065362999999999971e+01 -6.434290999999999983e+00 -1.450506000000000029e+01 1.300794000000000006e+00
-7.804820000000000313e+00 8.771357999999999322e+00 1.528248999999999924e+01 1.084328999999999965e+01 5.824430000000000440e+00 -1.046771999999999991e+01 -1.512363000000000035e+01 4.428495999999999988e+00 8.488500999999999408e+00 -7.123396999999999757e+00 -1.372771999999999970e+01 1.060872000000000037e+00
-8.182885000000000630e+00 9.306376000000000204e+00 1.445233999999999952e+01 1.134154999999999980e+01 5.388976000000000433e+00 -8.383568999999999605e+00 -1.191357999999999961e+01 3.132051000000000140e+00 5.113597000000000392e+00 -7.853085000000000093e+00 -1.157305999999999990e+01 2.036633000000000138e+00
-8.544945999999999486e+00 8.290651999999999688e+00 1.606480000000000175e+01 1.263095999999999997e+01 4.412556999999999618e+00 -7.265090999999999966e+00 -9.382006999999999763e+00 2.121811999999999809e+00 4.736317999999999806e+00 -8.895790999999999116e+00 -1.054597000000000051e+01 3.105923000000000211e+00
-8.593825999999999965e+00 8.981360999999999706e+00 1.661924000000000134e+01 1.144963000000000086e+01 2.564659999999999940e+00 -4.572802000000000255e+00 -9.448788999999999660e+00 2.210885999999999907e+00 4.884343000000000323e+00 -8.221159999999999357e+00 -8.861527000000000598e+00 2.514348000000000027e+00
-9.416572999999999638e+00 9.642466000000000648e+00 1.743166000000000082e+01 1.127838999999999992e+01 4.062369000000000341e+00 -3.664420999999999928e+00 -9.370535000000000281e+00 1.177283999999999997e+00 4.547471999999999959e+00 -7.561778999999999584e+00 -8.251319999999999766e+00 5.457315000000000360e+00
-9.894344999999999501e+00 1.065584999999999916e+01 1.721416999999999931e+01 1.214719999999999978e+01 4.228336999999999790e+00 -6.160366999999999926e+00 -8.876839999999999620e+00 3.655788999999999955e+00 3.429650999999999783e+00 -6.984594000000000413e+00 -8.763674999999999216e+00 2.524417000000000133e+00
-1.030960999999999927e+01 1.039920000000000044e+01 1.695652000000000115e+01 1.383100999999999914e+01 6.071100999999999637e+00 -4.709172999999999831e+00 -8.762530999999999182e+00 1.020551999999999904e+00 3.070926000000000045e+00 -4.666549999999999976e+00 -7.635634999999999728e+00 7.541434999999999667e-01
-1.018632999999999988e+01 1.079556000000000004e+01 1.712147999999999826e+01 1.341601999999999961e+01 4.021874999999999645e+00 -4.038774000000000086e+00 -7.111825999999999759e+00 1.332799000000000067e+00 2.856514999999999915e+00 -6.407668000000000141e+00 -5.797869000000000383e+00 2.682621999999999840e+00
-1.059035000000000082e+01 1.017237000000000080e+01 1.764514000000000138e+01 1.381977999999999973e+01 3.725013000000000130e+00 -2.738087000000000160e+00 -6.612395000000000245e+00 2.463506999999999891e+00 2.535311999999999788e+00 -9.025290000000000035e+00 -6.415934000000000026e+00 3.887268000000000168e+00
-1.098074000000000083e+01 1.058450000000000024e+01 1.683438999999999908e+01 1.310723999999999911e+01 5.973002000000000145e+00 -3.481828000000000145e+00 -5.825350000000000250e+00 2.099178999999999906e+00 -1.704242999999999952e+00 -5.904925000000000423e+00 -2.839681000000000122e+00 3.700403000000000109e+00
-1.082090999999999958e+01 1.020645000000000024e+01 1.566962999999999973e+01 1.451032999999999973e+01 6.966247000000000078e+00 -4.047177999999999720e+00 -7.939841999999999622e+00 1.822464000000000084e+00 1.853733999999999993e+00 -7.123139000000000109e+00 -2.151619999999999866e+00 2.122028999999999943e+00
-1.119572999999999929e+01 9.557484999999999786e+00 1.531728999999999985e+01 1.456460000000000043e+01 5.625951999999999842e+00 -3.327885000000000204e+00 -4.958002999999999716e+00 2.765623999999999860e-01 8.695074999999999887e-01 -4.679215000000000124e+00 -3.104429999999999801e+00 3.182024000000000186e+00
-1.276725000000000065e+01 7.247880000000000322e+00 1.558431000000000033e+01 1.541094999999999970e+01 6.684215000000000018e+00 -5.093077000000000076e+00 -7.851346000000000380e+00 3.185106000000000215e+00 -1.633734999999999937e+00 -4.845676000000000094e+00 -1.951629999999999976e+00 5.015812000000000381e+00
-1.399488000000000021e+01 5.363818000000000197e+00 1.913748000000000005e+01 1.308805000000000085e+01 4.988027999999999906e+00 -3.570831999999999784e+00 -7.097076999999999636e+00 6.487427000000000277e+00 1.029901000000000011e-01 -8.876146999999999565e+00 -5.975954999999999906e+00 2.803455000000000030e+00
-1.449817999999999962e+01 5.615352999999999817e+00 1.944431000000000154e+01 1.343238999999999983e+01 5.578329000000000093e+00 -5.114467999999999570e+00 -4.936697999999999809e+00 5.109695000000000320e+00 -3.703621999999999748e-01 -6.148153999999999897e+00 -7.051617000000000246e+00 2.353431000000000051e+00
