-9.265544000000000224e+00 9.858012999999999693e+00 2.107329999999999970e+01 1.126798999999999928e+01 1.746455000000000091e+00 -9.385965000000000558e+00 -6.818424000000000262e+00 1.852516999999999969e+00 -4.273382999999999932e+00 -1.016440000000000055e+01 -5.952567000000000164e+00 5.715795999999999655e-01
-8.995411999999999964e+00 1.239849000000000068e+01 1.979360000000000142e+01 8.331531999999999272e+00 2.762160000000000171e+00 -4.335962999999999568e+00 -6.485784999999999911e+00 -3.360203999999999969e+00 -7.342581000000000024e+00 -8.201553999999999789e+00 -4.755156999999999634e+00 -9.366797999999999513e-01
-9.611181000000000196e+00 1.208920999999999957e+01 2.126828000000000074e+01 9.505433999999999273e+00 6.143811000000000355e+00 -5.686944000000000443e+00 -8.873234999999999317e+00 -3.096354999999999968e+00 -7.417005999999999766e+00 -8.864076000000000732e+00 -5.245680000000000121e+00 1.490336000000000105e+00
-9.063758999999999233e+00 1.261808000000000085e+01 2.046940999999999988e+01 1.091488000000000014e+01 4.041335000000000122e+00 -8.950402999999999665e+00 -7.452245999999999704e+00 8.204080999999999735e-01 -5.320293000000000383e+00 -9.070052999999999699e+00 -4.840368999999999922e+00 1.836626000000000092e+00
-9.202242000000000033e+00 1.256173000000000073e+01 2.007264999999999944e+01 9.883964999999999890e+00 4.980699999999999683e+00 -6.533314999999999984e+00 -8.117917000000000272e+00 1.544898000000000104e+00 -6.461060999999999943e+00 -8.132975999999999317e+00 -3.568862000000000201e+00 -2.834982999999999809e-01
-9.914998000000000644e+00 1.306845000000000034e+01 2.108295999999999992e+01 8.324704999999999799e+00 6.096331000000000166e+00 -8.633827999999999392e+00 -7.622891000000000084e+00 5.371251999999999693e-01 -4.828261999999999610e+00 -7.507772000000000112e+00 -2.772873999999999839e+00 7.125662999999999858e-01
-9.710772999999999655e+00 1.319147000000000070e+01 2.066509999999999891e+01 8.399803999999999604e+00 5.300647999999999804e+00 -8.580413999999999319e+00 -7.233633000000000202e+00 8.097280999999999507e-01 -6.733952000000000382e+00 -4.931353999999999793e+00 -2.923475999999999964e+00 1.226890999999999954e+00
-9.629082000000000363e+00 1.301596999999999937e+01 2.098243000000000080e+01 7.061289999999999623e+00 5.014835999999999849e+00 -9.467605999999999966e+00 -7.337042000000000286e+00 3.965409000000000184e+00 -6.433771000000000129e+00 -7.289920000000000400e+00 -2.086920000000000108e+00 1.291633999999999949e+00
-9.792299999999999116e+00 1.197780000000000022e+01 2.131156999999999968e+01 7.840352000000000210e+00 4.589375000000000426e+00 -8.035418999999999201e+00 -8.669562000000000879e+00 2.999480000000000146e+00 -7.070103999999999722e+00 -6.152438000000000073e+00 -2.454070999999999891e+00 1.017541000000000029e+00
-9.489948000000000050e+00 1.234171000000000085e+01 1.945373000000000019e+01 7.896866000000000163e+00 3.482432999999999890e+00 -8.472716999999999388e+00 -6.197184000000000026e+00 2.467230999999999952e+00 -6.551610000000000156e+00 -6.126993999999999829e+00 -1.348727000000000009e+00 1.733242000000000116e-01
-9.927690999999999377e+00 1.238687000000000005e+01 1.956713999999999842e+01 5.915076000000000001e+00 5.076280999999999821e+00 -6.945426999999999573e+00 -7.706640000000000157e+00 5.628623000000000376e-01 -5.211135999999999768e+00 -4.191286999999999985e+00 -2.494454000000000171e+00 -4.647364999999999968e-01
-9.923622999999999195e+00 1.177497999999999934e+01 2.065902000000000172e+01 6.972157000000000160e+00 3.902617999999999920e+00 -8.325938000000000727e+00 -8.447411000000000669e+00 9.807833000000000245e-01 -6.443280999999999814e+00 -3.970769999999999911e+00 -8.148149999999999837e-02 -2.159864999999999979e-01
-1.029237000000000002e+01 1.219286999999999921e+01 2.044508000000000081e+01 7.928346999999999589e+00 3.468157999999999852e+00 -1.207403000000000048e+01 -7.206502000000000407e+00 3.014187999999999867e+00 -5.938018999999999714e+00 -3.878686000000000078e+00 -3.185410000000000075e+00 9.327782000000000018e-01
-9.553250000000000242e+00 1.117685999999999957e+01 1.859546999999999883e+01 6.958503000000000327e+00 4.450037000000000020e+00 -9.984809000000000268e+00 -8.064443999999999946e+00 3.446989999999999998e+00 -4.887387999999999622e+00 -3.691609000000000140e+00 -2.862346000000000057e+00 -9.545694000000000123e-01
-9.608416000000000068e+00 1.072992999999999952e+01 1.965050000000000097e+01 8.078167000000000542e+00 4.145915999999999713e+00 -1.218998000000000026e+01 -8.222898000000000707e+00 2.317359999999999864e+00 -5.572924000000000433e+00 -4.169477999999999795e+00 -1.132733999999999908e+00 -6.885687999999999809e-01
-9.480835000000000790e+00 1.164034999999999975e+01 1.969844000000000150e+01 7.170905000000000307e+00 3.305235000000000145e+00 -1.486111000000000004e+01 -8.880705999999999989e+00 5.803595999999999755e+00 -6.808790000000000120e+00 -4.144033000000000300e+00 -4.756268999999999636e+00 1.194731999999999905e+00
-9.188084999999999170e+00 1.021008999999999922e+01 2.040572999999999837e+01 6.036449000000000176e+00 4.330250999999999628e+00 -1.456581000000000081e+01 -1.045897000000000077e+01 2.424510999999999861e+00 -7.292964999999999698e+00 -4.917297999999999725e+00 -1.925944000000000100e+00 7.366319999999999535e-01
-8.772145999999999333e+00 1.032451000000000008e+01 2.177235999999999905e+01 5.559681999999999569e+00 1.254583999999999921e+00 -1.684957999999999956e+01 -1.201050000000000040e+01 4.690424000000000149e+00 -5.995078000000000351e+00 -8.624413999999999803e+00 -2.527057000000000109e+00 4.455008999999999775e-01
-8.972955999999999932e+00 1.023460999999999999e+01 2.066653000000000162e+01 6.861024999999999707e+00 2.855879999999999974e+00 -2.059681000000000139e+01 -1.324158000000000079e+01 3.561319000000000123e+00 -5.555558000000000440e+00 -8.657854999999999634e+00 -4.237402999999999587e+00 1.046078999999999981e+00
-8.595748000000000388e+00 1.071100000000000030e+01 1.956749999999999901e+01 5.108705999999999747e+00 3.501984000000000208e+00 -2.205200999999999922e+01 -1.539625999999999983e+01 6.605472999999999928e+00 -3.045373000000000108e+00 -7.087093000000000309e+00 -4.576026999999999845e+00 -6.153068999999999900e-01
-7.654843999999999760e+00 9.823171000000000319e+00 1.841658999999999935e+01 3.495587000000000000e+00 2.212257999999999836e+00 -1.810241999999999862e+01 -1.591684000000000054e+01 5.849293000000000298e+00 -7.878190999999999944e-01 -8.637983999999999440e+00 -4.925024999999999764e+00 1.603636000000000061e+00
-7.627505000000000202e+00 1.011631999999999998e+01 1.851139999999999830e+01 3.205808999999999909e+00 3.132071999999999967e+00 -2.141234000000000037e+01 -1.489062000000000019e+01 5.353284999999999627e+00 -1.341208000000000122e-01 -5.336523999999999823e+00 -5.651360999999999635e+00 1.550181000000000031e+00
-8.100561000000000789e+00 9.941031999999999869e+00 1.941687999999999903e+01 3.505447999999999897e+00 2.592721000000000053e+00 -2.117698000000000036e+01 -1.632301000000000002e+01 4.702679999999999971e+00 4.767996000000000123e+00 -4.166812000000000182e+00 -7.222775999999999641e+00 6.816856000000000027e-01
-7.864602999999999788e+00 9.055350000000000676e+00 1.823628000000000071e+01 3.283564000000000149e+00 4.881394000000000233e+00 -2.037750000000000128e+01 -1.560072000000000081e+01 4.911376999999999882e+00 5.169063999999999659e+00 -4.929898999999999809e+00 -5.676370000000000360e+00 1.386832000000000065e+00
-7.431578000000000017e+00 9.365273999999999432e+00 1.690041000000000082e+01 4.377815000000000012e+00 4.363146000000000413e+00 -1.940650000000000119e+01 -1.768068999999999846e+01 5.332625000000000171e+00 3.507321999999999829e+00 -3.779574000000000211e+00 -5.639320999999999806e+00 -6.067879999999999940e-01
-7.592355000000000409e+00 9.850699999999999790e+00 1.758193999999999946e+01 3.668921999999999795e+00 4.307907000000000153e+00 -1.899265000000000114e+01 -1.680545000000000044e+01 6.705269000000000368e+00 2.635724000000000178e+00 -3.410267999999999855e+00 -5.348489999999999966e+00 -1.503915000000000113e-01
-7.402287000000000283e+00 1.082756999999999969e+01 1.690684999999999860e+01 2.615634000000000015e+00 6.453829999999999956e+00 -1.827655999999999992e+01 -1.670243999999999929e+01 2.111988999999999894e+00 2.425680999999999976e+00 2.907897999999999872e-01 -5.933486000000000260e+00 -6.174366000000000021e-01
-7.882990999999999637e+00 1.127020000000000088e+01 1.736908000000000030e+01 2.835243000000000180e+00 6.550652000000000363e+00 -1.958280999999999850e+01 -1.695840000000000103e+01 3.960331000000000046e+00 2.437257999999999925e+00 9.518573999999999646e-01 -4.795354999999999812e+00 -2.005337000000000092e-02
-7.710334999999999717e+00 1.190295000000000059e+01 1.651976000000000155e+01 1.492556999999999912e+00 5.727039999999999687e+00 -1.930791999999999931e+01 -1.692418999999999940e+01 3.662342000000000208e+00 4.564981999999999651e+00 -8.369992000000000543e-01 -4.182571000000000261e+00 1.796588000000000074e+00
-7.568922999999999845e+00 1.182616999999999940e+01 1.711291999999999902e+01 2.280342000000000091e+00 5.862343000000000082e+00 -2.093074999999999974e+01 -1.535732999999999926e+01 2.841906999999999961e+00 5.100013999999999825e+00 1.580696000000000101e+00 -2.879202999999999957e+00 2.234881999999999813e+00
-7.518313000000000024e+00 1.140010999999999974e+01 1.697125000000000128e+01 1.144368999999999970e+00 2.632753000000000121e+00 -1.868129000000000062e+01 -1.387461000000000055e+01 3.511420999999999903e+00 3.533370999999999817e+00 5.512911999999999813e-01 -1.149035999999999946e+00 1.877942999999999918e+00
-7.786654999999999660e+00 1.089209999999999923e+01 1.574056000000000033e+01 3.277576999999999852e-01 5.843722999999999779e+00 -1.709624000000000166e+01 -1.603087000000000018e+01 3.204851999999999812e+00 5.982362000000000180e+00 1.701616999999999935e+00 -3.865251000000000214e+00 3.360859000000000041e+00
-7.601467999999999670e+00 1.136031999999999975e+01 1.585218000000000060e+01 -3.362308000000000050e-03 4.527619999999999756e+00 -1.934918000000000049e+01 -1.524920999999999971e+01 3.007009000000000043e+00 7.043743000000000087e+00 3.479083999999999843e+00 -2.443883000000000028e+00 -1.073714000000000057e-01
-6.854701000000000377e+00 1.134418999999999933e+01 1.434136999999999951e+01 -1.649480000000000057e+00 2.865810000000000191e+00 -1.877465000000000117e+01 -1.335678000000000054e+01 4.692524999999999835e+00 9.786298999999999637e+00 3.882315999999999878e+00 -5.685632000000000019e+00 -1.453346999999999944e+00
-6.956570000000000142e+00 1.268776000000000082e+01 1.321621999999999986e+01 -4.411847999999999992e+00 2.346941000000000166e+00 -1.819491999999999976e+01 -1.060130999999999979e+01 4.898596999999999646e+00 5.921167999999999765e+00 4.984175999999999718e+00 -3.028138999999999914e+00 -6.127512000000000514e-01
-7.003762000000000043e+00 1.195048000000000066e+01 1.148574999999999946e+01 -6.767617000000000438e+00 2.086265000000000036e+00 -1.409637999999999991e+01 -8.957376999999999256e+00 4.319774999999999920e+00 8.274647999999999115e+00 5.005742999999999832e+00 -4.568431999999999604e+00 2.293022999999999811e+00
-8.067201000000000732e+00 6.616821999999999981e+00 1.180522999999999989e+01 -1.643412000000000095e+00 1.523017999999999983e+00 -1.570313999999999943e+01 -8.178074999999999761e+00 1.731009999999999938e+00 9.794981999999999189e+00 3.264625000000000110e+00 -1.387073000000000000e+00 3.824708999999999914e+00
-8.508687000000000111e+00 8.642189999999999372e+00 1.082424999999999926e+01 -7.650983000000000089e+00 1.933273000000000019e+00 -1.368599999999999994e+01 -6.667046000000000028e+00 1.137482000000000104e+00 1.173002999999999929e+01 1.515751999999999988e+00 -3.245200999999999780e-01 3.108700999999999937e+00
-6.850145000000000373e+00 6.610800000000000232e+00 8.226933000000000717e+00 -6.639418000000000042e+00 -1.681124999999999980e+00 -7.646755999999999887e+00 -5.890888999999999598e+00 2.003438000000000052e+00 1.040154000000000067e+01 -9.378285000000000093e-02 -1.440423000000000009e+00 2.547736000000000001e+00
-5.533660000000000245e+00 9.827686999999999173e+00 4.306264999999999787e+00 -1.289808000000000021e+01 2.382577999999999918e-01 -3.647228000000000137e+00 -4.269765999999999728e+00 -1.459162000000000070e+00 8.848546000000000689e+00 -1.184981000000000062e+00 -2.826779999999999848e+00 3.492687999999999793e+00
-5.400547999999999682e+00 9.821020000000000749e+00 2.369721999999999884e+00 -1.099329000000000001e+01 4.883827000000000029e-01 -1.897162000000000015e+00 -1.852039999999999909e+00 8.766095000000000415e-01 1.122724999999999973e+01 1.035460000000000047e+00 -5.445742000000000083e+00 3.100394999999999790e+00
-4.427910999999999930e+00 8.268603000000000591e+00 4.564326000000000216e-01 -1.358839000000000041e+01 4.970719000000000110e-01 3.188883999999999830e+00 -2.783901000000000181e+00 5.455290999999999890e-01 1.304859000000000080e+01 -1.602510000000000101e+00 -6.002952999999999761e+00 4.453185999999999645e+00
-3.612635000000000041e+00 1.283294000000000068e+01 1.236701999999999968e+00 -1.164527999999999963e+01 -1.635817000000000077e+00 1.956455999999999973e+00 1.878154000000000101e+00 -1.486124000000000001e+00 9.377788999999999930e+00 3.751195999999999975e-01 -3.206341999999999803e+00 2.805004999999999971e+00
-1.276485000000000092e+00 1.396531000000000056e+01 -1.115197999999999912e+00 -1.223736000000000068e+01 -2.844235999999999986e+00 2.758532999999999902e+00 3.494950999999999919e+00 -5.977573000000000469e-01 8.251079999999999970e+00 -2.072381000000000029e+00 -3.109090000000000131e+00 6.056550000000000544e-01
-1.417408999999999919e+00 1.375474999999999959e+01 -1.672941999999999929e+00 -1.357890000000000086e+01 -6.918851000000000084e+00 3.723022999999999971e+00 6.188696000000000197e+00 9.638004000000000016e-01 8.215934999999999988e+00 -2.053479999999999972e+00 -4.129961999999999911e+00 3.343821000000000154e+00
-2.271253000000000188e+00 1.352848999999999968e+01 1.971537000000000095e+00 -1.191610000000000014e+01 -8.578177999999999415e+00 4.745703999999999922e+00 5.829320000000000057e+00 2.007924000000000098e-01 1.105110999999999954e+01 -2.984500000000000153e+00 -6.841362000000000165e+00 3.880507000000000151e+00
-2.823395000000000099e+00 1.408037999999999990e+01 3.464103000000000154e+00 -1.145449999999999946e+01 -7.108151000000000330e+00 3.890646999999999966e+00 4.665478000000000236e+00 -1.791117000000000070e+00 1.320405000000000051e+01 -3.742983000000000171e+00 -8.129910000000000636e+00 5.351071000000000133e+00
-2.513882999999999868e+00 1.470991000000000071e+01 3.187914000000000136e+00 -9.927860000000000795e+00 -7.510027000000000008e+00 2.893152999999999864e+00 6.797748000000000346e+00 -2.928625999999999951e+00 1.001577999999999946e+01 3.343872999999999984e-02 -8.877364999999999284e+00 1.778059000000000056e+00
-2.517951000000000050e+00 1.463742000000000054e+01 3.208305999999999880e+00 -1.117572000000000010e+01 -6.471357000000000248e+00 6.406744999999999912e+00 3.925888000000000044e+00 -4.768563999999999581e+00 1.323465000000000025e+01 -2.300168999999999908e+00 -9.038156000000000745e+00 4.139053999999999789e+00
-2.662291999999999881e+00 1.428922000000000025e+01 5.487224000000000323e+00 -9.267896000000000356e+00 -7.807631999999999906e+00 2.413730999999999849e+00 2.683014000000000010e+00 -2.761772999999999811e+00 1.459165999999999919e+01 -3.346557000000000004e-01 -1.222118000000000038e+01 5.745918999999999777e+00
-2.308192000000000021e+00 1.370959000000000039e+01 4.510544999999999582e+00 -9.875519000000000602e+00 -6.561041999999999597e+00 1.294210000000000083e+00 2.747889999999999944e+00 -1.503282000000000007e+00 1.272400999999999982e+01 -2.881752999999999787e+00 -7.476929000000000158e+00 7.082098000000000226e+00
-2.434470999999999830e+00 1.282305000000000028e+01 5.810993999999999993e+00 -1.071829999999999927e+01 -8.031689999999999330e+00 1.588637999999999995e+00 7.795807000000000153e-01 1.380670999999999982e+00 1.250858999999999988e+01 -3.274322999999999873e+00 -9.216359000000000634e+00 7.649453000000000280e+00
-2.498585999999999974e+00 1.241826999999999970e+01 6.538674000000000319e+00 -1.047289999999999921e+01 -1.000071999999999939e+01 1.160457999999999990e+00 -5.859683999999999449e-01 3.520175000000000054e+00 1.466774000000000022e+01 -6.757527999999999757e+00 -8.314227000000000700e+00 6.902777000000000385e+00
-2.103477999999999959e+00 1.330353000000000030e+01 7.101427000000000156e+00 -1.080250000000000021e+01 -1.218698999999999977e+01 6.189367000000000063e-01 2.508043999999999940e+00 3.925314999999999888e+00 9.863618000000000663e+00 -7.433862999999999666e+00 -3.571455999999999964e+00 8.451287000000000660e+00
-2.797845999999999833e+00 1.455268000000000050e+01 8.898443999999999576e+00 -1.113817000000000057e+01 -1.378641999999999967e+01 -2.600661999999999807e+00 2.784850000000000048e+00 5.068075999999999581e+00 9.264084999999999681e+00 -6.217623999999999818e+00 -3.541446000000000094e+00 9.112562000000000495e+00
-2.745121999999999840e+00 1.445266999999999946e+01 9.115961000000000425e+00 -1.064624000000000059e+01 -1.268599999999999994e+01 -5.575772999999999868e+00 3.505173999999999790e+00 5.231602999999999781e+00 6.115498999999999796e+00 -5.360272000000000148e+00 -2.224184999999999857e+00 7.003937999999999775e+00
-2.652854000000000045e+00 1.469528000000000034e+01 9.070168000000000674e+00 -9.767799999999999372e+00 -1.199178999999999995e+01 -5.035554999999999559e+00 1.044983999999999913e+00 4.221378999999999770e+00 4.536038999999999710e+00 -5.506879999999999775e+00 -1.217019999999999991e+00 7.988502000000000436e+00
-3.333715999999999902e+00 1.565108000000000033e+01 9.473720000000000141e+00 -8.234711000000000780e+00 -1.129635000000000034e+01 -7.450037000000000020e+00 5.468121999999999705e-01 5.552177999999999614e+00 3.293143999999999849e+00 -8.060276999999999248e+00 -2.107111000000000178e+00 9.125978999999999175e+00
-3.268136000000000152e+00 1.744395000000000095e+01 8.718849999999999767e+00 -8.423596999999999113e+00 -7.711120000000000196e+00 -9.528836000000000084e+00 7.292522999999999644e-01 4.800550000000000317e+00 1.185680000000000067e+00 -5.726911999999999558e+00 -3.656852000000000213e+00 4.831635000000000346e+00
-3.245353000000000154e+00 1.814488000000000056e+01 9.846503000000000227e+00 -7.268659000000000425e+00 -7.694672999999999874e+00 -7.317587999999999759e+00 -5.089031000000000526e-01 2.507849999999999913e+00 -1.674301999999999957e+00 -6.148803000000000019e+00 -3.788930999999999827e+00 4.953028999999999904e+00
-4.180074000000000289e+00 1.709768000000000043e+01 1.200914999999999999e+01 -5.982866999999999713e+00 -3.783600999999999992e+00 -8.550015000000000143e+00 -2.653361999999999998e+00 3.622072999999999876e+00 -6.174525000000000041e+00 -3.499201999999999924e+00 -4.194613000000000369e+00 2.096025000000000027e+00
-4.463223000000000162e+00 1.788592999999999833e+01 1.085073000000000043e+01 -7.284589000000000425e+00 -2.138239000000000001e+00 -7.655876000000000126e+00 -1.082173999999999969e+00 5.825480999999999909e+00 -7.144942000000000348e+00 -4.112772999999999790e+00 -6.085384999999999600e+00 2.272058000000000133e-01
-4.944090000000000096e+00 1.794593000000000060e+01 1.147250999999999976e+01 -8.119027000000000882e+00 2.587395000000000111e-01 -6.005256000000000149e+00 -1.733297000000000088e+00 4.648228999999999722e+00 -4.380059000000000147e+00 -5.002112999999999587e+00 -8.770664999999999267e+00 3.816095999999999933e-01
-5.111214000000000368e+00 1.917852999999999852e+01 1.144961999999999946e+01 -5.957834000000000074e+00 6.696145999999999487e-01 -6.311842999999999648e+00 6.714533999999999780e-01 3.651661999999999964e+00 -8.905502999999999503e+00 -4.404535000000000089e+00 -7.563252000000000308e+00 4.369820999999999844e-01
-5.783125000000000071e+00 1.950415999999999883e+01 1.351280000000000037e+01 -5.322902000000000022e+00 2.168191000000000201e+00 -6.417802000000000007e+00 -2.722563000000000066e+00 4.092342999999999620e+00 -9.930085000000000051e+00 -2.685226000000000113e+00 -6.534413999999999945e+00 -1.495395999999999948e-01
-6.132018000000000413e+00 1.954007999999999967e+01 1.422582000000000058e+01 -5.465894999999999726e+00 4.826156000000000112e+00 -6.897223999999999577e+00 -5.038846000000000380e+00 3.699459000000000053e+00 -9.933806000000000580e+00 -3.360832999999999959e+00 -6.227096000000000409e+00 -1.985560999999999909e+00
-5.671330000000000204e+00 1.896948000000000079e+01 1.242773000000000039e+01 -3.014924000000000159e+00 4.046610000000000262e+00 -5.611817000000000277e+00 -1.043641999999999959e+00 2.099908999999999804e+00 -1.046512000000000064e+01 -7.613426999999999722e+00 -7.923734999999999751e+00 1.657762000000000124e-02
-5.578084999999999738e+00 1.810960999999999999e+01 1.241877999999999993e+01 -2.245344999999999924e+00 4.937564000000000064e+00 -5.317389000000000365e+00 -2.084416000000000047e+00 1.587442999999999937e+00 -1.106175999999999959e+01 -6.474248000000000225e+00 -6.129472999999999949e+00 -3.694012999999999991e+00
-6.216148999999999702e+00 1.755385000000000062e+01 1.416858000000000040e+01 -1.318740000000000023e+00 3.683835999999999888e+00 -4.282549000000000383e+00 -4.393227999999999689e+00 3.528229000000000060e+00 -1.133506000000000036e+01 -6.693795999999999857e+00 -5.799370999999999832e+00 -3.984931000000000001e+00
-5.868884000000000434e+00 1.799195999999999884e+01 1.396573000000000064e+01 -3.311907999999999852e+00 2.798468999999999873e+00 -4.942623000000000211e+00 -1.871307000000000054e+00 3.599311999999999845e+00 -1.242868999999999957e+01 -6.606800999999999924e+00 -6.211350000000000371e+00 -2.355704999999999938e+00
-6.568296000000000134e+00 1.858362999999999943e+01 1.451703000000000010e+01 -2.656495000000000051e+00 2.331113999999999908e+00 -3.518251999999999935e+00 -2.240511999999999837e+00 1.689866000000000090e+00 -1.081573999999999991e+01 -5.416248999999999647e+00 -5.988317999999999586e+00 -4.830852000000000146e+00
-6.447714000000000389e+00 1.798422000000000054e+01 1.487764999999999915e+01 -1.026685999999999988e+00 1.517122000000000082e+00 -4.755456999999999823e+00 -2.877873000000000125e+00 5.523573000000000510e-01 -1.111839999999999939e+01 -4.334986999999999924e+00 -4.551574999999999704e+00 -4.037322999999999773e+00
-6.490024000000000015e+00 1.764354000000000156e+01 1.369705000000000084e+01 3.076554000000000233e-01 4.635614000000000345e+00 -6.003518999999999828e+00 -3.626113999999999837e+00 2.656495000000000051e+00 -1.127055999999999969e+01 -5.784343999999999930e+00 -7.145715000000000039e+00 -2.856612000000000151e+00
-5.825272000000000006e+00 1.836963000000000079e+01 1.225636000000000081e+01 -4.353735000000000244e-01 2.052439000000000124e+00 -3.741026999999999880e+00 -1.567371000000000070e+00 -2.131018000000000079e-01 -1.038696999999999981e+01 -8.226513999999999882e+00 -6.359359999999999680e+00 3.715999999999999859e-01
-5.926002000000000436e+00 1.828575000000000017e+01 1.326595000000000013e+01 1.459179000000000004e+00 1.099730000000000096e+00 -6.876814000000000426e+00 -5.830732000000000276e-02 -2.790661000000000058e+00 -9.166403999999999996e+00 -5.798640999999999934e+00 -7.053463999999999956e+00 1.041085999999999956e-01
-5.625113999999999947e+00 1.755728999999999829e+01 1.335754000000000019e+01 3.028681000000000179e+00 -4.108823000000000163e-03 -6.403037999999999563e+00 -5.258102999999999527e-01 -3.253753000000000117e+00 -8.416366999999999265e+00 -5.921986000000000416e+00 -7.381344000000000349e+00 7.890228999999999715e-01
-5.767178000000000360e+00 1.789711000000000141e+01 1.419182999999999950e+01 2.315615999999999897e+00 4.244550000000000267e-01 -5.963133000000000017e+00 -3.032789999999999875e+00 -2.945434000000000108e+00 -7.792438999999999893e+00 -6.477641000000000204e+00 -6.632221999999999618e+00 2.475325999999999915e+00
-5.579225000000000101e+00 1.759816000000000003e+01 1.421043000000000056e+01 1.225537000000000099e+00 -5.189439999999999609e-01 -3.480906000000000056e+00 -3.788501000000000118e+00 -2.205187000000000008e+00 -9.805217000000000738e+00 -8.259712000000000387e+00 -4.226473999999999620e+00 3.192612000000000005e+00
-5.720149000000000150e+00 1.667376000000000147e+01 1.475172000000000061e+01 1.494073999999999902e+00 -1.270250000000000101e+00 -4.126215000000000188e+00 -6.050130000000000230e+00 1.265575999999999923e-01 -7.414939000000000391e+00 -1.087490000000000023e+01 -2.423690999999999818e+00 1.545282000000000044e+00
-5.683372000000000313e+00 1.619801000000000002e+01 1.619204999999999828e+01 2.500709000000000071e+00 -2.318540000000000045e+00 -5.894084999999999575e+00 -9.176384999999999792e+00 1.069483999999999990e-01 -2.832848999999999950e+00 -9.247436999999999685e+00 -2.693033999999999928e+00 1.052680999999999978e+00
-5.713639999999999830e+00 1.499616999999999933e+01 1.661850000000000094e+01 -1.224592999999999932e-01 -3.227181999999999995e+00 -7.548180000000000334e+00 -8.007037000000000404e+00 4.676416999999999824e+00 -4.581419000000000352e+00 -9.886210000000000164e+00 -1.112357999999999958e+00 8.380060999999999760e-01
-5.347496999999999723e+00 1.345021000000000022e+01 1.658416000000000068e+01 -2.000322999999999851e+00 -1.618438000000000043e+00 -9.593541000000000096e+00 -1.226411000000000051e+01 5.276599000000000039e+00 -1.962077999999999989e+00 -6.919159999999999755e+00 -1.130325999999999942e+00 1.105711000000000110e+00
-5.906149000000000093e+00 1.318050000000000033e+01 1.645750999999999920e+01 -3.372972999999999999e+00 -1.594233000000000011e+00 -8.224320999999999771e+00 -1.624082999999999899e+01 7.965969000000000522e-01 2.120951999999999948e+00 -1.576823000000000086e+00 -2.399424999999999919e+00 2.644638000000000044e+00
-6.778705999999999676e+00 1.152012000000000036e+01 1.656268999999999991e+01 -3.181432000000000038e+00 -1.242320000000000091e+00 -1.226553999999999967e+01 -1.536243999999999943e+01 -1.243284999999999973e+00 4.093211000000000155e+00 -6.603430000000000133e-01 -3.681490000000000151e+00 6.345431999999999739e+00
-6.960474999999999746e+00 1.076327000000000034e+01 1.793432999999999922e+01 -1.891467000000000009e+00 3.813193000000000277e-01 -1.584079999999999977e+01 -1.896957000000000093e+01 2.604670000000000041e+00 6.767958000000000141e+00 -3.217617999999999867e+00 -2.672658000000000200e+00 4.111793999999999727e+00
-7.144034999999999691e+00 8.358719999999999928e+00 1.797869999999999990e+01 -1.331634999999999902e+00 5.128985999999999823e-01 -1.421926999999999985e+01 -1.809039999999999893e+01 3.104179999999999939e+00 7.962475999999999665e+00 -3.612852999999999870e+00 -3.260988999999999916e+00 5.256937999999999889e+00
-7.604722999999999900e+00 9.545292999999999140e+00 1.593088999999999977e+01 -6.219841000000000397e-01 1.862206999999999946e+00 -1.561889000000000038e+01 -1.558145000000000024e+01 2.662797999999999998e+00 6.492172000000000054e+00 -1.900087000000000081e+00 -2.502975000000000172e+00 3.370016000000000123e+00
-8.314712999999999354e+00 8.363452000000000552e+00 1.637308000000000163e+01 1.533141000000000087e+00 1.190036000000000094e+00 -1.817537000000000091e+01 -1.554684999999999917e+01 4.815782999999999703e+00 8.463190000000000879e+00 -1.568341999999999903e+00 -4.720145999999999731e+00 3.820876000000000161e+00
-8.754084000000000643e+00 7.794146999999999714e+00 1.880547999999999931e+01 -8.977277999999999647e-01 -3.917596000000000273e-02 -1.407639999999999958e+01 -1.730598000000000170e+01 3.975388999999999839e+00 1.186605999999999916e+01 -2.169070000000000054e+00 -5.697671999999999848e+00 4.156730999999999732e+00
-9.320057999999999510e+00 7.767261999999999666e+00 1.736263999999999896e+01 -4.094002999999999837e+00 4.162672999999999845e+00 -1.292864999999999931e+01 -1.618618000000000023e+01 2.591188999999999965e+00 1.023118999999999978e+01 -3.028845000000000010e+00 -5.588008000000000308e+00 7.721010999999999846e+00
-8.966770999999999603e+00 5.445305000000000284e+00 1.662637000000000143e+01 -5.878478999999999788e-01 3.954753000000000185e+00 -1.243055999999999983e+01 -1.880168000000000106e+01 2.223691000000000084e+00 1.065211000000000041e+01 -1.619957000000000091e+00 -4.017149999999999999e+00 5.811939999999999884e+00
-8.022776000000000352e+00 8.648211999999999122e+00 1.515884999999999927e+01 -5.248857999999999580e-01 1.927996999999999961e+00 -1.208140999999999998e+01 -1.764962999999999838e+01 1.255136999999999947e+00 1.073149000000000086e+01 -3.261742999999999726e-01 -4.195909000000000333e+00 3.863469999999999960e+00
-7.731976999999999656e+00 1.107469999999999999e+01 1.379221000000000075e+01 -1.649480000000000057e+00 1.931721000000000021e+00 -1.181478000000000073e+01 -1.636743999999999843e+01 8.092027999999999999e-01 9.157408999999999466e+00 8.379638000000000364e-01 -4.445801999999999587e+00 3.471604000000000134e+00
-9.661466000000000776e+00 1.079810999999999943e+01 1.465118999999999971e+01 -2.521468000000000043e+00 2.609789000000000136e+00 -1.141395999999999944e+01 -1.668042000000000158e+01 2.553021000000000207e+00 9.055695000000000050e+00 6.540457999999999862e-03 -2.622456999999999816e+00 4.971982999999999819e+00
-1.194082000000000043e+01 8.127083999999999975e+00 1.478641999999999967e+01 6.035838999999999788e-02 5.001491999999999827e+00 -9.410284000000000759e+00 -1.784111000000000047e+01 1.016150000000000109e+00 7.550658999999999565e+00 -3.504070000000000240e-01 -2.562624000000000013e+00 6.254705999999999655e+00
-9.844210999999999601e+00 1.129987999999999992e+01 1.012555000000000049e+01 -1.637721999999999900e+00 4.722506000000000093e+00 -7.337564000000000419e+00 -1.731031000000000120e+01 -1.487349999999999950e+00 4.033256999999999870e+00 2.144569000000000059e-01 -6.559194000000000413e-01 3.586608000000000018e+00
