-9.629301999999999140e+00 1.148080999999999996e+01 2.073813000000000173e+01 1.285765999999999920e+01 3.639731999999999967e+00 -1.188005000000000067e+01 -7.525661999999999630e+00 2.456029999999999880e-01 -2.989805999999999853e-01 -8.043971000000000871e+00 -6.382681999999999967e+00 1.361825000000000063e+00
-9.394852999999999454e+00 1.308339999999999925e+01 2.043047999999999931e+01 8.299656000000000589e+00 3.284105999999999970e+00 -9.098074000000000439e+00 -7.054050000000000153e+00 -1.432644999999999946e+00 1.218482000000000065e+00 -4.899788000000000032e+00 -7.393083999999999989e+00 -3.466516000000000042e-01
-9.679562999999999917e+00 1.275944999999999929e+01 2.110774999999999935e+01 8.167092999999999492e+00 4.920608999999999789e+00 -7.567839000000000205e+00 -5.332144999999999690e+00 -3.853852999999999862e-01 -2.786988000000000021e+00 -6.170234999999999914e+00 -7.396084000000000103e+00 -8.669364000000000514e-01
-9.872396999999999423e+00 1.231653000000000020e+01 2.282407999999999859e+01 8.189520999999999162e+00 5.136479999999999713e+00 -4.886631999999999643e+00 -7.114902999999999977e+00 -1.650458999999999898e+00 -4.567573000000000327e+00 -7.335055999999999798e+00 -5.013258999999999688e+00 2.106447000000000180e+00
-1.018933999999999962e+01 1.252891999999999939e+01 2.318288000000000082e+01 1.052638999999999925e+01 7.878542999999999630e+00 -8.136734000000000577e+00 -8.161016999999999300e+00 -2.563263000000000069e+00 -3.867668000000000106e+00 -6.962420999999999971e+00 -4.945098999999999911e+00 3.000626000000000015e+00
-9.767333999999999961e+00 1.365133999999999936e+01 2.132542000000000115e+01 6.692080999999999946e+00 7.152318000000000175e+00 -5.469133000000000244e+00 -6.507571999999999690e+00 -1.910563999999999873e-01 -6.027148999999999646e+00 -8.161139999999999617e+00 -4.906518000000000157e+00 1.970436999999999994e+00
-9.778470999999999691e+00 1.260791000000000039e+01 2.224351000000000056e+01 6.126986999999999739e+00 3.734878000000000142e+00 -6.285485000000000433e+00 -5.351360999999999812e+00 5.431612000000000107e-01 -5.746737000000000428e+00 -6.560063999999999673e+00 -4.704180000000000028e+00 9.588991000000000042e-01
-9.968374999999999986e+00 1.417149999999999999e+01 2.228756999999999877e+01 5.689649000000000179e+00 5.023864999999999803e+00 -8.340821999999999292e+00 -6.523585999999999885e+00 -3.931275000000000186e-01 -5.948965000000000281e+00 -4.795638000000000289e+00 -4.034150999999999598e+00 3.656800999999999802e-02
-9.949180000000000135e+00 1.526701000000000086e+01 2.104016999999999982e+01 4.308752000000000137e+00 5.997156999999999627e+00 -6.246368000000000364e+00 -8.945703999999999212e+00 9.566265000000000185e-02 -6.157206999999999653e+00 -5.792932999999999666e+00 -4.072089000000000070e+00 3.528652000000000122e+00
-1.036020000000000074e+01 1.617996000000000123e+01 2.226851999999999876e+01 1.482479000000000102e+00 4.750282999999999589e+00 -5.229330000000000034e+00 -7.144929000000000308e+00 -3.928693999999999797e-01 -6.034290999999999627e+00 -4.810621000000000258e+00 -3.051613000000000131e+00 1.810146000000000033e+00
-1.012912000000000035e+01 1.485079999999999956e+01 2.087738999999999834e+01 2.552194000000000074e+00 6.091054999999999886e+00 -6.836947999999999581e+00 -8.579783000000000825e+00 1.134921999999999986e+00 -7.067234000000000016e+00 -4.018680999999999948e+00 -3.460574999999999957e+00 5.846529999999999783e-01
-1.012677000000000049e+01 1.328175000000000061e+01 2.126194999999999879e+01 3.750866999999999951e+00 4.662001000000000062e+00 -6.133270000000000444e+00 -7.591319999999999624e+00 4.025114000000000192e-01 -4.165371999999999630e+00 -3.986993000000000009e+00 -4.682317000000000284e+00 -1.080630999999999953e-01
-1.088185000000000002e+01 1.323300000000000054e+01 2.233648000000000167e+01 3.369998999999999967e+00 5.968770000000000131e+00 -9.467133000000000465e+00 -8.134994999999999976e+00 3.728330000000000255e-01 -5.602770999999999724e+00 -3.350296000000000163e+00 -5.331341000000000108e+00 1.956009000000000109e+00
-1.054527000000000037e+01 1.338005000000000067e+01 2.343451999999999913e+01 4.750093999999999816e+00 3.719279999999999919e+00 -1.158624999999999972e+01 -9.596672999999999121e+00 1.734426000000000023e+00 -4.405190000000000161e+00 -4.769353999999999871e+00 -5.526818999999999704e+00 -1.407982999999999985e+00
-9.695387999999999451e+00 1.367610999999999954e+01 2.159385999999999939e+01 4.904684999999999739e+00 4.730941999999999759e+00 -1.211814999999999998e+01 -1.344563999999999915e+01 -7.182669999999999333e-02 -2.341184000000000154e+00 -5.179079999999999906e+00 -7.196105000000000196e+00 9.228292999999999635e-01
-9.247735000000000483e+00 1.210589000000000048e+01 2.205496000000000123e+01 3.804132000000000069e+00 3.456615999999999911e+00 -1.410290999999999961e+01 -1.292798999999999943e+01 2.649910000000000113e-02 -6.346655000000000157e+00 -4.241966999999999821e+00 -4.063944000000000223e+00 4.325412000000000007e-02
-8.529733999999999483e+00 1.164366000000000057e+01 2.013103999999999871e+01 3.975141999999999953e+00 2.657394000000000034e+00 -1.679474000000000089e+01 -1.215371000000000024e+01 1.897011999999999921e+00 -5.486996999999999680e+00 -5.302145000000000330e+00 -6.280655000000000321e+00 1.461850000000000094e-01
-8.717731999999999815e+00 1.131190999999999924e+01 2.199148999999999887e+01 3.698001999999999789e+00 7.678973999999999522e-01 -1.903078000000000003e+01 -1.344483999999999924e+01 3.063502000000000169e+00 -1.988976000000000077e+00 -3.335557999999999801e+00 -7.415375000000000050e+00 -1.576367999999999991e+00
-8.541309000000000040e+00 1.101408999999999949e+01 1.971810999999999936e+01 3.668766000000000194e+00 4.353561000000000236e-01 -1.803669999999999973e+01 -1.225459999999999994e+01 2.428641999999999967e+00 -1.119922000000000084e+00 -3.779427999999999788e+00 -4.151608999999999661e+00 -7.634777000000000369e-01
-8.428772999999999627e+00 1.205752000000000024e+01 1.995705999999999847e+01 1.698344999999999994e+00 -5.164109999999999534e-01 -2.016645000000000110e+01 -1.075168000000000035e+01 3.386608999999999980e+00 1.513340999999999992e-01 -3.673065999999999942e+00 -4.793345000000000411e+00 -2.646588000000000274e-01
-8.440203000000000344e+00 1.222583999999999982e+01 1.749363999999999919e+01 1.674314999999999998e+00 1.678798999999999930e+00 -1.956055999999999884e+01 -1.138903999999999961e+01 3.583260999999999807e+00 1.896209999999999951e+00 -2.186458000000000013e+00 -5.927207000000000114e+00 -1.175200999999999940e+00
-8.047499999999999432e+00 1.244857000000000014e+01 1.661176000000000030e+01 9.894735000000000058e-01 1.013403999999999971e+00 -1.971618000000000137e+01 -9.627098999999999407e+00 2.618326000000000153e+00 2.857733000000000079e+00 -2.148629000000000122e+00 -4.035436999999999941e+00 -7.076164000000000065e-02
-8.214838000000000306e+00 1.195181999999999967e+01 1.791516000000000020e+01 -1.816467999999999902e-02 1.977025000000000032e+00 -1.909753999999999863e+01 -1.004345999999999961e+01 2.273282000000000025e+00 1.499646999999999952e+00 -2.313206999999999791e+00 -5.107998000000000260e+00 1.016083000000000069e+00
-8.315065000000000595e+00 1.197756000000000043e+01 1.641948999999999970e+01 5.349150000000000293e-01 3.645659000000000205e+00 -1.853885000000000005e+01 -1.093064000000000036e+01 4.221991000000000049e+00 2.860739999999999839e+00 -1.456417999999999990e+00 -6.107039000000000328e+00 -6.309871999999999703e-01
-8.153587999999999170e+00 1.312631000000000014e+01 1.600991000000000142e+01 6.433669999999999667e-02 2.343570000000000153e+00 -2.073491999999999891e+01 -7.877169999999999561e+00 4.343543999999999627e+00 2.402156000000000180e+00 -9.798776999999999626e-01 -5.243890000000000384e+00 1.753138000000000085e+00
-8.063910999999999163e+00 1.243102000000000018e+01 1.605097999999999914e+01 -8.860312000000000188e-01 4.644218999999999653e+00 -2.144369999999999976e+01 -1.337357000000000085e+01 5.851980000000000182e+00 7.180454000000000114e+00 1.084719999999999906e+00 -6.870091999999999643e+00 1.591968000000000050e+00
-8.062884999999999636e+00 1.217746999999999957e+01 1.748543000000000092e+01 -1.692221999999999893e+00 2.652401999999999926e+00 -2.178213999999999828e+01 -1.064319000000000059e+01 5.680361000000000438e+00 6.979352999999999696e+00 5.251538999999999513e-01 -7.789614000000000260e+00 2.575002000000000013e+00
-7.804257999999999917e+00 1.374573999999999963e+01 1.643703000000000003e+01 -1.735875000000000057e+00 3.358432000000000084e-01 -1.899421999999999855e+01 -9.597073999999999216e+00 3.045952999999999911e+00 5.029618000000000144e+00 3.012251000000000012e+00 -6.284512999999999572e+00 1.707391000000000103e+00
-8.189194999999999780e+00 1.387679999999999936e+01 1.476848999999999990e+01 -4.202906999999999726e+00 6.437403999999999904e-01 -1.372024000000000044e+01 -1.003786000000000023e+01 5.805816999999999783e-01 7.275553999999999633e+00 3.573536999999999964e+00 -5.208522999999999570e+00 1.556602000000000041e+00
-8.570176000000000016e+00 1.194225999999999921e+01 1.274900000000000055e+01 -2.643790999999999780e+00 4.794268999999999892e+00 -1.635808000000000106e+01 -1.351449999999999996e+01 1.148600000000000065e+00 9.148982999999999421e+00 6.101409999999999556e+00 -6.026661999999999964e+00 -2.623095999999999872e+00
-8.984565999999999164e+00 6.324690999999999619e+00 1.298644999999999960e+01 1.188919000000000059e+00 4.560927999999999649e+00 -1.727690000000000126e+01 -1.307732000000000028e+01 1.853398000000000101e+00 8.431411999999999907e+00 4.154227999999999810e+00 -5.001041999999999987e+00 1.727802000000000060e+00
-9.686009000000000313e+00 6.428059000000000189e+00 1.272921000000000014e+01 1.778442999999999996e+00 3.393602000000000007e+00 -1.612040000000000006e+01 -1.148391999999999946e+01 2.886721999999999788e+00 8.078452000000000410e+00 5.834890999999999828e+00 -4.959888000000000297e+00 1.698066000000000075e+00
-9.636628999999999223e+00 7.697731000000000101e+00 1.177153999999999989e+01 -1.192808000000000090e+00 4.633924999999999628e+00 -1.680920000000000059e+01 -1.029007999999999967e+01 1.809009000000000089e+00 7.618739999999999846e+00 7.936581000000000330e+00 -3.498514000000000124e+00 3.428065000000000279e-02
-9.163334000000000756e+00 1.154867999999999917e+01 8.009206999999999965e+00 -6.402409999999999712e+00 7.584372000000000114e+00 -1.246085000000000065e+01 -1.015356000000000058e+01 -6.935244000000000408e-01 1.076830999999999960e+01 5.107800000000000118e+00 -3.759365999999999985e+00 3.182643000000000000e-01
-8.991452000000000666e+00 1.054367000000000054e+01 8.947831000000000756e+00 -5.958263999999999783e+00 3.357102999999999948e+00 -1.312541000000000047e+01 -7.239411999999999736e+00 -3.027695000000000039e-02 8.074693999999999150e+00 6.087900000000000311e+00 -2.715526999999999802e+00 1.750323000000000073e+00
-9.519842999999999833e+00 7.435800999999999661e+00 8.000992999999999356e+00 -6.071202999999999683e+00 1.323796999999999890e+00 -1.144933999999999941e+01 -4.918582999999999927e+00 -3.088699999999999779e+00 1.121147999999999989e+01 6.495415000000000383e+00 -1.022235999999999922e+00 3.491878999999999955e+00
-8.399321000000000481e+00 8.373134999999999550e+00 4.528383999999999965e+00 -8.718054999999999666e+00 1.528126000000000095e+00 -8.210715000000000430e+00 -4.494212000000000096e+00 -2.025180999999999898e+00 1.152346999999999966e+01 6.968270999999999660e+00 -6.587140999999999691e-01 3.489238999999999979e+00
-7.460350000000000037e+00 8.823078000000000642e+00 3.708488000000000007e+00 -1.126558999999999955e+01 -7.934248000000000411e-01 -2.991163999999999934e+00 1.798888999999999960e+00 -4.383193000000000339e+00 1.068937000000000026e+01 3.068257000000000012e+00 -4.150751999999999775e+00 6.199929000000000023e+00
-6.470678999999999625e+00 9.167899000000000242e+00 2.137767999999999891e+00 -1.241699999999999982e+01 3.495691000000000215e-01 -3.793060000000000098e+00 2.469075000000000131e+00 -4.374160999999999966e+00 1.495871999999999957e+01 2.687269999999999825e+00 -8.158708999999999989e+00 6.229312000000000182e+00
-5.464450000000000252e+00 1.223812999999999995e+01 5.838484999999999925e-01 -1.338818999999999981e+01 5.879008000000000012e-01 -1.495368999999999948e+00 6.961802999999999741e+00 -4.286673999999999651e+00 8.930215999999999710e+00 5.150786000000000087e+00 -1.166338999999999970e+01 5.069799999999999862e+00
-2.851948000000000150e+00 1.326341999999999999e+01 -8.184869000000000172e-01 -1.260603000000000051e+01 -1.139380000000000059e+00 4.604745000000000088e-01 5.949717999999999840e+00 -8.550455999999999335e-02 5.094270999999999994e+00 3.833422999999999803e+00 -8.675055999999999656e+00 3.037926999999999822e+00
-2.347881000000000107e+00 1.417345000000000077e+01 -1.033168000000000086e+00 -1.319876000000000005e+01 -3.959118999999999833e+00 4.030747000000000080e-01 7.088714000000000404e+00 1.214699999999999946e-01 6.444087999999999816e+00 3.949856000000000034e+00 -8.530803999999999832e+00 1.228455000000000075e+00
-2.962578999999999851e+00 1.437434000000000012e+01 1.567274999999999974e+00 -1.043215999999999966e+01 -5.691391000000000311e+00 2.148452999999999946e+00 7.377366000000000312e+00 -2.435258999999999840e+00 8.912172999999999234e+00 -1.444585999999999926e-01 -7.977591000000000321e+00 1.775835999999999970e+00
-3.070718999999999976e+00 1.458516999999999975e+01 3.649124000000000034e+00 -9.971595999999999904e+00 -6.497476999999999947e+00 2.419719000000000175e+00 8.620051999999999381e+00 -4.884886999999999979e+00 1.045744999999999969e+01 -5.414115999999999929e-01 -8.451069000000000386e+00 3.967471999999999888e+00
-2.696625000000000050e+00 1.459549999999999947e+01 3.735370000000000079e+00 -1.299491000000000085e+01 -6.404201999999999728e+00 6.081824000000000119e+00 5.904879000000000211e+00 -2.408418999999999865e+00 9.147104000000000568e+00 -3.097737999999999881e-01 -8.697347000000000605e+00 2.973001000000000005e+00
-2.865136000000000127e+00 1.559018000000000015e+01 4.344691000000000081e+00 -1.266491000000000078e+01 -6.576088000000000378e+00 3.377657999999999827e+00 7.055884999999999962e+00 -4.054151000000000060e+00 8.364879999999999427e+00 6.921886000000000427e-01 -8.392125000000000057e+00 2.628139000000000003e+00
-2.952322000000000113e+00 1.537232000000000021e+01 4.806909000000000098e+00 -1.318914999999999971e+01 -6.869323999999999764e+00 3.058345000000000091e+00 7.459437999999999569e+00 -4.071699999999999875e+00 8.430659999999999599e+00 9.444601000000000246e-01 -7.229542000000000357e+00 1.268923000000000023e+00
-2.977524999999999977e+00 1.579710999999999999e+01 5.997176999999999758e+00 -1.285434000000000054e+01 -6.397651999999999894e+00 -1.616120999999999919e+00 8.331799999999999429e+00 1.451578000000000035e+00 4.201158999999999644e+00 2.453708000000000000e-01 -6.443768999999999636e+00 3.931754000000000193e+00
-2.190653999999999879e+00 1.599253000000000036e+01 3.851856999999999864e+00 -1.050425000000000075e+01 -7.183460000000000178e+00 -2.758589000000000180e+00 6.176315999999999917e+00 2.597679999999999989e+00 7.264653000000000027e+00 -4.372605999999999993e-01 -7.434021999999999686e+00 2.608257000000000048e+00
-3.419462999999999919e+00 1.604928999999999917e+01 7.683264999999999567e+00 -1.178302000000000049e+01 -1.004531000000000063e+01 -1.832964999999999955e+00 4.152947000000000166e+00 1.691327999999999943e+00 1.089724000000000004e+01 1.694682999999999884e-01 -8.697131999999999863e+00 3.298684999999999867e+00
-2.519322999999999979e+00 1.411650000000000027e+01 8.114867000000000274e+00 -1.021228999999999942e+01 -1.014545000000000030e+01 -4.061351000000000155e+00 2.757327000000000083e+00 3.724943000000000115e+00 1.067207999999999934e+01 -1.113013999999999948e+00 -4.406461000000000183e+00 1.367280000000000051e+00
-2.599181999999999881e+00 1.469907000000000075e+01 8.925428999999999391e+00 -1.171613999999999933e+01 -9.277908999999999295e+00 -4.043918999999999819e+00 1.021810000000000107e+00 5.537130999999999581e+00 6.977097999999999800e+00 -2.454450000000000021e+00 -1.295091999999999910e+00 1.243058999999999914e+00
-3.250220000000000109e+00 1.486212000000000089e+01 1.114803000000000033e+01 -7.323140999999999678e+00 -1.256494999999999962e+01 -7.568689000000000000e+00 2.189230999999999927e+00 5.074664000000000286e+00 7.289462000000000330e+00 -2.402128999999999959e+00 -1.030810000000000004e+00 2.099936000000000025e+00
-3.579768000000000061e+00 1.703537999999999997e+01 1.120701999999999998e+01 -9.728096000000000743e+00 -9.510002000000000066e+00 -8.286398000000000152e+00 8.772837999999999470e-01 7.661586999999999925e+00 2.087537000000000198e+00 -2.202424000000000159e+00 -1.291662000000000088e+00 1.544988999999999946e+00
-3.442028999999999783e+00 1.769147999999999854e+01 1.102332999999999963e+01 -8.962756000000000611e+00 -7.007831000000000365e+00 -7.924566999999999695e+00 -2.843968999999999969e+00 7.989081999999999795e+00 2.855264000000000135e-01 -3.341207999999999956e+00 9.917091000000000101e-01 1.848503000000000007e+00
-3.718532999999999866e+00 1.760976000000000141e+01 1.005259999999999998e+01 -9.232286999999999466e+00 -3.565747000000000000e+00 -7.489603999999999928e+00 -4.382914999999999672e+00 9.904241999999999990e+00 -4.275132000000000154e+00 -4.415388000000000090e+00 1.945311000000000012e+00 -3.792023999999999950e-01
-4.497931000000000346e+00 1.788748999999999967e+01 1.155946999999999925e+01 -8.058846000000000842e+00 -3.475903999999999883e+00 -6.455133000000000010e+00 -4.158718999999999610e+00 5.948241000000000334e+00 -6.328987999999999836e+00 -3.277587000000000028e+00 2.383208999999999911e+00 -2.182516000000000123e+00
-4.823376999999999803e+00 1.743813000000000102e+01 1.182904000000000089e+01 -6.373974999999999724e+00 -3.696454999999999824e+00 -5.074137999999999593e+00 -5.948031999999999764e-01 3.291380000000000194e+00 -5.315216000000000385e+00 -3.798833000000000126e+00 -1.116330999999999962e+00 -1.406047999999999965e+00
-5.145451999999999693e+00 1.822275000000000134e+01 1.173719000000000001e+01 -6.391195999999999877e+00 -1.366170000000000107e+00 -2.581713000000000147e+00 -1.260585000000000067e+00 1.643326000000000064e+00 -6.789075999999999667e+00 -2.469924999999999926e+00 -3.290173999999999932e+00 -1.800527999999999906e+00
-5.555445999999999884e+00 1.820499999999999829e+01 1.173420999999999914e+01 -4.880138999999999783e+00 1.035552999999999946e+00 -3.509463000000000221e+00 -4.238538000000000028e-01 5.044501999999999597e-01 -6.336882000000000126e+00 -3.318363000000000174e+00 -4.414606000000000030e+00 -8.525085000000000024e-01
-6.919063999999999659e+00 1.910605999999999938e+01 1.286138000000000048e+01 -5.634266000000000219e+00 4.806746000000000407e+00 -2.775170999999999832e+00 3.556276999999999910e-01 -2.594457000000000013e-01 -8.339617000000000502e+00 -2.922146999999999828e+00 -5.416433999999999749e+00 -4.473740000000000272e+00
-6.678753000000000384e+00 1.904072000000000031e+01 1.387168999999999919e+01 -4.704322999999999588e+00 4.387170000000000236e+00 -3.603428000000000075e+00 -2.431208999999999953e+00 2.394060000000000077e+00 -6.763891000000000098e+00 -4.021383000000000152e+00 -7.482034999999999769e+00 -3.039217999999999975e+00
-7.464598999999999762e+00 1.860325999999999880e+01 1.439775000000000027e+01 -1.479160000000000030e+00 6.706849000000000061e+00 -7.153285000000000338e+00 -2.263062000000000129e+00 1.564872000000000041e+00 -8.977499999999999147e+00 -2.417850000000000055e+00 -6.593163999999999803e+00 -3.370004000000000222e+00
-7.111165999999999876e+00 1.869999999999999929e+01 1.422114999999999974e+01 -6.994017999999999624e-01 5.788460999999999856e+00 -6.925385999999999598e+00 -3.164649999999999963e+00 -3.695433000000000138e-03 -8.264815000000000467e+00 -1.030724999999999891e+00 -5.658210000000000406e+00 -5.301409999999999734e+00
-6.594497999999999749e+00 1.829043000000000063e+01 1.265267000000000053e+01 9.382104999999999473e-01 4.336946000000000190e+00 -3.507762000000000047e+00 -1.805862000000000078e+00 -4.424195000000000211e-01 -9.674773999999999319e+00 -4.468446000000000140e+00 -5.600124000000000102e+00 -3.261090999999999962e+00
-6.470532000000000394e+00 1.872594000000000136e+01 1.140601999999999983e+01 1.858540999999999999e+00 5.126185999999999687e+00 -4.036265000000000214e+00 -9.150831999999999855e-01 -2.054858999999999991e+00 -8.536958999999999520e+00 -3.774270000000000014e+00 -7.495324000000000098e+00 -2.504504999999999981e+00
-6.786747000000000085e+00 1.844762000000000057e+01 1.262467000000000006e+01 1.927826999999999957e+00 3.352424000000000071e+00 -3.138703000000000021e+00 -1.123666000000000054e+00 -6.251642000000000365e+00 -8.585072999999999510e+00 -8.902193000000000467e-01 -6.154622999999999955e+00 -2.435181000000000040e+00
-6.746011000000000202e+00 1.761814000000000036e+01 1.220351999999999926e+01 2.644306999999999963e+00 4.110780000000000101e+00 -2.058311999999999919e+00 7.003291000000000377e-01 -7.008312000000000097e+00 -9.646957999999999700e+00 -1.632050000000000001e+00 -7.022489000000000203e+00 -2.429726000000000052e+00
-6.556398999999999866e+00 1.817671999999999954e+01 1.264334000000000024e+01 3.134508999999999990e+00 3.280987000000000098e+00 -3.841530999999999807e+00 -1.512153999999999998e-01 -5.662719000000000058e+00 -8.315184999999999604e+00 -3.507505000000000095e+00 -6.665611000000000175e+00 6.419220000000000481e-02
-6.430530000000000079e+00 1.788553999999999888e+01 1.318731999999999971e+01 4.075666000000000011e+00 2.217852999999999852e+00 -2.756463000000000108e+00 -1.394301999999999930e+00 -4.631202000000000041e+00 -7.350278000000000311e+00 -4.379279000000000366e+00 -5.720798000000000272e+00 -2.683094999999999786e+00
-6.465111000000000274e+00 1.756879999999999953e+01 1.366821000000000019e+01 6.013246999999999787e+00 1.095760000000000067e+00 -2.686307999999999918e+00 -3.640266000000000002e+00 -4.157896000000000036e+00 -7.301412000000000013e+00 -4.937617000000000367e+00 -3.847675000000000178e+00 -6.973203999999999514e-01
-6.818103999999999942e+00 1.818939999999999912e+01 1.400534999999999997e+01 4.413681000000000409e+00 1.414263000000000048e+00 -3.914663000000000004e+00 -2.807938000000000045e+00 -1.534583999999999948e+00 -8.578305999999999543e+00 -6.239749999999999908e+00 -3.336257999999999946e+00 -4.583800000000000097e-01
-7.315870000000000317e+00 1.895236999999999838e+01 1.477111000000000018e+01 3.748463999999999796e+00 1.833526999999999907e+00 -7.011273000000000089e+00 -1.317034999999999956e+00 -2.803271000000000068e+00 -7.792322999999999666e+00 -3.727597999999999967e+00 -3.381698000000000093e+00 -6.557962000000000513e-01
-6.574862000000000428e+00 1.800860000000000127e+01 1.485510999999999981e+01 3.734446999999999850e+00 2.209429999999999783e+00 -4.602184000000000275e+00 -5.495887999999999884e+00 -3.834271999999999903e+00 -6.216973000000000305e+00 -5.160166000000000253e+00 -2.057716000000000101e+00 -8.189020000000000188e-01
-5.875322999999999851e+00 1.745822000000000074e+01 1.562461000000000055e+01 1.911807000000000034e+00 -1.520585999999999993e+00 -5.272273000000000209e+00 -6.305795999999999957e+00 -1.155216999999999938e+00 -5.653139999999999610e+00 -4.821674999999999933e+00 -1.645110000000000072e+00 -2.621687999999999796e+00
-5.676333999999999769e+00 1.365523999999999916e+01 1.555888999999999989e+01 2.951884999999999870e+00 -2.075238000000000138e+00 -7.375230000000000175e+00 -1.218373000000000062e+01 -3.918370999999999937e-01 -5.053434999999999455e-01 -2.802766000000000091e+00 -1.349747999999999948e+00 -5.565601999999999494e-01
-6.821913999999999589e+00 1.304245000000000054e+01 1.798610000000000042e+01 1.950253999999999932e+00 3.221172999999999953e-01 -1.286350000000000016e+01 -1.483484999999999943e+01 -1.011212000000000000e+00 5.285128000000000048e-02 -1.123577000000000048e+00 -8.796992999999999618e-01 5.492869999999999697e-01
-7.189707000000000292e+00 1.242204000000000086e+01 1.777439999999999998e+01 1.664703000000000044e+00 1.411766999999999994e+00 -1.495880000000000010e+01 -1.623488000000000042e+01 -3.372322000000000042e+00 6.207653999999999783e+00 -2.683631000000000100e+00 -3.639120999999999828e+00 2.017240000000000144e+00
-8.031819999999999737e+00 1.043406000000000056e+01 1.907107999999999848e+01 7.179398999999999642e-01 1.018083000000000071e+00 -1.430657000000000068e+01 -1.754482000000000141e+01 -3.752721000000000195e+00 6.827493999999999730e+00 -2.414165000000000116e+00 -5.231671999999999656e+00 3.339857999999999993e+00
-8.588784999999999670e+00 9.454598999999999975e+00 2.026022999999999996e+01 -1.398260999999999976e+00 2.459616000000000025e+00 -1.769400999999999868e+01 -1.761647999999999925e+01 7.966212999999999766e-02 7.088360999999999912e+00 -5.428855000000000208e-01 -6.546438000000000201e+00 1.756305999999999923e+00
-8.641683000000000447e+00 8.129341999999999402e+00 1.989246999999999943e+01 -1.156763999999999903e+00 1.229586999999999986e+00 -1.675349999999999895e+01 -1.469313000000000002e+01 4.228991999999999751e-01 6.902295999999999765e+00 -9.553137000000000434e-01 -7.877064999999999984e+00 3.881784000000000123e+00
-9.271179999999999310e+00 8.950241000000000113e+00 1.800290000000000035e+01 -3.577338000000000129e+00 2.016954999999999831e+00 -1.259605999999999959e+01 -1.397889999999999944e+01 -3.246124000000000009e+00 9.538403999999999883e+00 -9.020099999999999785e-01 -9.289783999999999153e+00 5.725566999999999851e+00
-8.205460000000000420e+00 6.795503000000000071e+00 1.514259999999999984e+01 -1.196012000000000075e+00 1.933351999999999959e+00 -1.234136999999999951e+01 -1.458502999999999972e+01 -1.353417000000000092e+00 9.822575999999999752e+00 -5.453417999999999877e-01 -7.791114000000000317e+00 5.006634000000000029e+00
-8.153734000000000037e+00 8.848238000000000270e+00 1.266573999999999955e+01 2.046371999999999858e+00 2.904771999999999910e+00 -1.561783999999999928e+01 -1.655956000000000117e+01 1.890818000000000110e+00 9.133195999999999870e+00 -1.151825000000000099e+00 -5.417076999999999920e+00 2.940099000000000018e+00
-8.857376999999999612e+00 1.246105000000000018e+01 1.171926999999999985e+01 8.292766999999999777e-01 3.878064000000000178e+00 -1.559019999999999939e+01 -1.481883999999999979e+01 7.579104000000000396e-02 7.024835999999999636e+00 1.110511999999999944e+00 -2.631076999999999888e+00 3.258392999999999873e+00
-9.267956999999999113e+00 9.417151999999999745e+00 1.352520999999999951e+01 -9.096602000000000299e-01 4.148215000000000430e+00 -1.356377999999999950e+01 -1.736986999999999881e+01 1.949400999999999939e+00 1.029168999999999912e+01 1.734680999999999917e+00 -5.764738000000000362e+00 3.275987999999999900e+00
-1.179341999999999935e+01 7.632200000000000095e+00 1.795100000000000051e+01 -3.778786000000000200e+00 3.539906999999999915e+00 -1.293195000000000050e+01 -1.706960000000000122e+01 3.294767000000000112e-01 9.404588000000000392e+00 1.574770000000000003e+00 -4.350303000000000253e+00 5.782223000000000113e+00
-1.150314000000000014e+01 1.100707000000000058e+01 1.106626999999999938e+01 -2.324999000000000038e+00 4.735933000000000170e+00 -8.664811000000000263e+00 -1.319382000000000055e+01 5.728396000000000043e-01 8.297219000000000122e+00 2.116159000000000123e+00 -3.393486999999999920e+00 2.232778999999999847e+00
-1.079495999999999967e+01 8.973449999999999704e+00 1.209002000000000088e+01 -2.254513000000000211e+00 1.064875999999999934e+00 -1.194425000000000026e+01 -1.680897999999999826e+01 1.619582999999999995e+00 8.034098000000000184e+00 1.154236000000000040e+00 -4.023433999999999955e+00 3.697213000000000083e+00
