-1.038408000000000087e+01 9.739795000000000869e+00 2.324614000000000047e+01 8.281451999999999813e+00 4.328113000000000099e+00 -8.142557999999999296e+00 -7.243813000000000279e+00 5.907187000000000410e+00 -3.696971000000000007e+00 -9.088113999999999137e+00 -9.766510000000000469e-01 2.246496000000000048e+00
-9.109591999999999246e+00 1.177966999999999942e+01 2.210272000000000148e+01 8.271058999999999273e+00 2.233858999999999817e+00 -1.026736999999999966e+01 -7.225564999999999571e+00 3.001994999999999969e+00 -7.750888999999999918e+00 -9.156942000000000803e+00 4.782989000000000268e-01 4.600285000000000402e+00
-9.488778999999999186e+00 1.174371999999999971e+01 2.281122999999999834e+01 9.493190999999999491e+00 2.453314000000000217e+00 -1.223359999999999914e+01 -6.495684999999999931e+00 3.561212999999999962e+00 -8.473269999999999413e+00 -6.440845999999999627e+00 -1.155025999999999969e-01 2.320648999999999962e+00
-9.272754000000000829e+00 1.133524000000000065e+01 2.212813999999999837e+01 1.017220000000000013e+01 2.140515999999999863e+00 -1.143548999999999971e+01 -5.098112000000000421e+00 4.505824999999999747e+00 -7.859352000000000338e+00 -6.678594000000000364e+00 -1.712658000000000014e+00 3.482463999999999782e+00
-9.268580000000000041e+00 1.180134999999999934e+01 2.322164000000000073e+01 7.291813000000000322e+00 1.997192000000000078e+00 -1.046119000000000021e+01 -5.004269999999999996e+00 4.573031000000000290e+00 -7.510566999999999993e+00 -5.646955000000000169e+00 -3.022187000000000179e+00 2.992172000000000054e+00
-9.381660000000000110e+00 1.102430999999999983e+01 2.265778999999999854e+01 8.423102999999999341e+00 3.017011000000000109e+00 -1.018446999999999925e+01 -2.979967999999999950e+00 2.608302999999999816e+00 -7.907557999999999865e+00 -7.186663000000000245e+00 -1.986930000000000085e+00 5.034409000000000134e+00
-9.691290000000000404e+00 1.081264999999999965e+01 2.272618999999999900e+01 8.908877000000000379e+00 2.581081000000000181e+00 -1.085482999999999976e+01 -3.517323999999999895e+00 2.796851999999999894e+00 -7.189074999999999882e+00 -6.035231999999999708e+00 -2.073983999999999828e+00 4.151495999999999853e+00
-1.010346999999999973e+01 1.130643000000000065e+01 2.413119999999999976e+01 6.613578000000000401e+00 1.946549000000000085e+00 -9.598610000000000753e+00 -3.138233000000000050e+00 3.672391999999999879e+00 -7.730685000000000251e+00 -6.059662999999999577e+00 -1.519506000000000023e+00 4.409093000000000373e+00
-9.974289000000000627e+00 1.210228999999999999e+01 2.424859000000000009e+01 7.040072999999999581e+00 1.697303999999999924e+00 -9.867314000000000362e+00 -3.477478000000000069e+00 3.393406000000000144e+00 -9.329992000000000729e+00 -3.091633999999999993e+00 -1.169556000000000040e+00 2.546565000000000190e+00
-1.038546999999999976e+01 1.168496000000000024e+01 2.433502000000000010e+01 7.896912999999999627e+00 5.788453999999999544e-01 -9.700324999999999420e+00 -3.246598000000000095e+00 2.933959999999999901e+00 -8.108890000000000597e+00 -3.862670000000000048e+00 -1.628819000000000017e+00 1.873658999999999963e+00
-1.034432999999999936e+01 1.108820000000000050e+01 2.269893000000000072e+01 5.961133000000000237e+00 2.252394999999999925e+00 -7.567505999999999844e+00 -1.911958000000000046e+00 1.581550000000000011e+00 -8.847576999999999359e+00 -4.304537999999999975e+00 -2.219405000000000072e+00 3.219332999999999778e+00
-1.124718999999999980e+01 1.133210000000000051e+01 2.290597999999999956e+01 5.906857999999999720e+00 2.584722000000000186e+00 -7.976370000000000182e+00 -1.943238999999999939e+00 1.469748000000000054e+00 -8.935836999999999364e+00 -2.519727000000000050e+00 -2.608925000000000161e+00 1.642762000000000056e+00
-1.102759000000000000e+01 1.077100000000000080e+01 2.302105999999999852e+01 6.662462999999999802e+00 3.304653000000000063e+00 -8.485746999999999929e+00 -3.236915999999999904e+00 8.773427999999999782e-01 -8.669639999999999347e+00 -1.993268999999999957e+00 -2.704635999999999818e+00 1.099623000000000017e+00
-1.065912999999999933e+01 1.154346999999999923e+01 2.310748999999999853e+01 3.765913999999999984e+00 2.772730999999999835e+00 -7.258755999999999986e+00 -4.811745000000000161e+00 2.953457999999999917e+00 -7.827450999999999937e+00 -4.898511000000000060e+00 -3.001412999999999887e+00 1.325816000000000106e+00
-1.008459000000000039e+01 1.146102999999999916e+01 2.266980999999999824e+01 4.920300000000000118e+00 1.808519999999999905e+00 -1.022892000000000046e+01 -4.683644000000000140e+00 1.434071000000000096e+00 -8.146461999999999648e+00 -4.657086999999999755e+00 -2.912873999999999963e+00 3.282003000000000004e+00
-9.515409000000000006e+00 1.130100999999999978e+01 2.297669000000000139e+01 3.645048000000000066e+00 2.397705000000000197e+00 -1.396355999999999931e+01 -7.783031000000000255e+00 2.656217999999999968e+00 -5.394816999999999751e+00 -3.528248000000000051e+00 -4.118037000000000170e+00 1.904647999999999897e+00
-9.168020000000000280e+00 1.119317999999999991e+01 2.340234999999999843e+01 2.515681999999999974e+00 1.723783999999999983e+00 -1.770060000000000144e+01 -9.444254000000000815e+00 4.926898000000000444e+00 -6.519153000000000198e+00 -5.161741000000000135e+00 -2.621538000000000146e+00 1.937297000000000047e+00
-7.933279999999999887e+00 1.057332000000000072e+01 2.251220999999999961e+01 3.491848000000000063e+00 -1.063300999999999968e-01 -1.878982999999999848e+01 -1.152739000000000047e+01 3.821944999999999926e+00 -5.866244000000000014e+00 -5.683733000000000146e+00 -3.766602999999999923e+00 1.557819000000000065e+00
-7.302692999999999657e+00 1.098836000000000013e+01 2.046662999999999855e+01 3.227790999999999855e+00 -8.861723999999999712e-01 -1.769779000000000124e+01 -1.320313999999999943e+01 2.365200999999999887e+00 -3.575038000000000160e+00 -9.562032000000000309e+00 -5.311080999999999719e+00 3.179767000000000010e+00
-7.505403000000000269e+00 1.153292000000000073e+01 2.096254000000000062e+01 2.546091000000000104e+00 -6.213703000000000420e-01 -2.057104999999999961e+01 -1.273653999999999975e+01 2.074390999999999874e+00 -1.814453000000000094e+00 -8.255342000000000624e+00 -6.969818000000000069e+00 2.319957000000000047e+00
-6.747227999999999781e+00 1.096354999999999968e+01 1.869650000000000034e+01 1.279692000000000052e+00 4.050691000000000153e-01 -1.904372000000000043e+01 -1.462603999999999971e+01 3.783779000000000003e+00 -1.433767000000000014e+00 -7.156451999999999813e+00 -6.035712000000000188e+00 2.321201999999999988e+00
-6.790553000000000061e+00 1.182074000000000069e+01 1.743477000000000032e+01 -1.707313999999999998e+00 4.428034000000000137e-01 -1.772581999999999880e+01 -1.164320999999999984e+01 2.140975000000000072e+00 -8.875492999999999855e-01 -7.165646999999999878e+00 -4.369555000000000078e+00 1.992496000000000045e+00
-6.460651999999999617e+00 1.054536000000000051e+01 1.844508000000000081e+01 9.374298000000000353e-02 -7.200090999999999575e-01 -1.838297000000000025e+01 -1.421491999999999933e+01 3.862807999999999797e+00 3.717194000000000109e+00 -6.879298999999999609e+00 -4.740527000000000157e+00 2.447925999999999824e+00
-6.493840999999999752e+00 1.080636999999999937e+01 1.853197000000000116e+01 -1.348181000000000074e+00 -7.070999999999999508e-01 -1.964079999999999870e+01 -1.187930000000000064e+01 6.029774999999999885e+00 1.174678000000000111e+00 -5.166731999999999658e+00 -4.278791000000000011e+00 2.510871999999999993e+00
-6.594202000000000119e+00 1.084003000000000050e+01 1.770837999999999823e+01 -5.329781000000000102e-02 -2.294631000000000032e-01 -1.862685000000000102e+01 -1.325229999999999997e+01 3.553329999999999878e+00 2.301495000000000068e+00 -5.343531999999999726e+00 -4.223639999999999617e+00 5.237913999999999959e+00
-6.354328999999999894e+00 1.138857999999999926e+01 1.625668999999999897e+01 -1.314373000000000069e-01 -5.558317000000000396e-01 -1.836135000000000161e+01 -1.325154999999999994e+01 3.677785000000000082e+00 5.993513000000000090e+00 -5.902566000000000201e+00 -4.075003999999999849e+00 2.905015000000000125e+00
-6.471781000000000006e+00 1.189062999999999981e+01 1.737977000000000061e+01 -1.331628999999999952e+00 -5.147874000000000061e-01 -1.886792000000000158e+01 -1.395574000000000048e+01 2.702681000000000111e+00 6.328120000000000189e+00 -3.258976000000000095e+00 -6.643609999999999793e+00 3.919493000000000116e+00
-6.214021999999999935e+00 1.191802000000000028e+01 1.662505000000000166e+01 -1.895542000000000060e+00 -1.014601000000000086e+00 -1.896403000000000105e+01 -1.213438999999999979e+01 1.708909000000000011e+00 6.799546999999999564e+00 -2.623758000000000035e+00 -5.317758999999999681e+00 7.649252999999999858e+00
-6.097165999999999642e+00 1.086856000000000044e+01 1.655941999999999936e+01 -1.078734000000000082e+00 -1.601137999999999950e+00 -2.100835000000000008e+01 -1.298826999999999998e+01 2.083102999999999927e+00 1.026116999999999990e+01 -1.799131000000000036e+00 -4.620580000000000354e+00 4.893712999999999980e+00
-5.624572999999999823e+00 1.033226999999999940e+01 1.505503999999999998e+01 -1.588757999999999893e+00 7.512978999999999630e-01 -2.074445000000000050e+01 -1.276632999999999996e+01 3.296746000000000176e+00 8.675330000000000652e+00 -7.753731999999999847e-01 -6.908483999999999625e+00 5.160993999999999637e+00
-5.546471000000000373e+00 1.069227000000000061e+01 1.522605000000000075e+01 -3.860192000000000068e+00 -2.159870999999999874e+00 -1.750116999999999834e+01 -1.270674999999999955e+01 5.079769999999999897e+00 9.629526000000000252e+00 -2.798455999999999833e+00 -6.755396000000000178e+00 6.114048000000000371e+00
-5.343163999999999803e+00 1.069968000000000075e+01 1.516920000000000002e+01 -6.312540000000000262e+00 -1.540564999999999962e+00 -1.529667000000000066e+01 -1.161192999999999920e+01 3.261899000000000104e+00 9.078347000000000833e+00 -4.715791999999999901e-02 -8.366649000000000669e+00 6.070884000000000391e+00
-5.698701999999999934e+00 1.029804000000000030e+01 1.562120999999999960e+01 -6.321392999999999596e+00 -6.173982000000000081e-01 -1.663699000000000083e+01 -1.387195000000000000e+01 5.175184999999999924e+00 1.138869000000000042e+01 -1.621804999999999941e+00 -7.568317999999999657e+00 6.111142000000000074e+00
-5.294275999999999982e+00 1.001962999999999937e+01 1.316337000000000046e+01 -6.210919999999999774e+00 -8.904754999999999754e-01 -1.686925000000000097e+01 -1.006837999999999944e+01 6.605379000000000111e+00 6.882844000000000406e+00 1.068019999999999969e+00 -6.043377999999999695e+00 4.353201999999999572e+00
-5.590192000000000050e+00 5.428707000000000171e+00 1.151618000000000031e+01 -2.980640999999999874e+00 -2.056309000000000053e-01 -1.484615999999999936e+01 -1.132183999999999990e+01 2.958229000000000219e+00 9.332492000000000232e+00 2.128556000000000115e+00 -4.471201999999999899e+00 4.043865000000000265e+00
-8.478806999999999761e+00 2.391005999999999965e+00 1.434375999999999962e+01 -3.720079999999999831e+00 5.619642999999999722e-01 -1.411933999999999934e+01 -1.038006999999999991e+01 3.420786000000000104e+00 1.075137999999999927e+01 1.311547000000000018e+00 -3.768334999999999990e+00 4.255670000000000286e+00
-6.852159999999999584e+00 3.901727000000000167e+00 1.151479999999999926e+01 -3.847103999999999857e+00 -6.789646999999999766e-01 -1.235734000000000066e+01 -8.527433999999999514e+00 3.747479999999999922e+00 1.109590999999999994e+01 -4.689522000000000135e-02 -3.761410000000000142e+00 4.721612999999999616e+00
-6.264897999999999634e+00 5.519988999999999812e+00 7.743926000000000087e+00 -5.498426000000000258e+00 -1.603455000000000075e+00 -1.089607999999999954e+01 -7.752494999999999692e+00 4.379711000000000354e+00 1.204692000000000007e+01 -2.480846999999999802e+00 -7.271109000000000044e-01 3.793461999999999890e+00
-5.206832000000000349e+00 7.752410000000000245e+00 3.991540999999999784e+00 -7.185546000000000433e+00 4.712696000000000107e-01 -8.088497000000000270e+00 -8.215372999999999593e+00 4.766765999999999615e+00 1.096086999999999989e+01 -1.777325999999999961e+00 1.569201999999999986e+00 3.215736000000000150e+00
-4.721521000000000079e+00 4.538991000000000220e+00 2.884637000000000118e+00 -1.006245999999999974e+01 -2.850341999999999931e+00 -6.246808999999999834e+00 -9.585388999999999271e+00 3.867372000000000032e+00 1.024025999999999925e+01 -2.374451999999999785e+00 2.766697999999999880e+00 1.794111000000000011e+00
-6.889920000000000044e+00 8.411068000000000211e+00 6.684360000000000301e-03 -6.993083999999999634e+00 9.624354999999999716e-02 -1.950336999999999987e+00 -4.517185999999999702e+00 -3.317823999999999884e+00 1.047526000000000046e+01 1.543776999999999955e+00 -1.532119000000000009e+00 7.166860000000000452e-01
-5.521628999999999898e+00 7.889903999999999584e+00 2.058733000000000146e+00 -1.417614000000000019e+01 -1.401874999999999982e+00 3.819073000000000051e-01 -3.845769999999999911e+00 -2.917494000000000032e+00 1.176370999999999967e+01 4.384920000000000151e+00 -2.979154999999999998e+00 2.302664000000000044e+00
-1.887756999999999907e+00 1.020105000000000040e+01 -4.625214999999999854e+00 -1.302715000000000067e+01 -3.559019000000000155e+00 1.995737000000000094e+00 5.283699000000000368e+00 -6.086530999999999914e+00 9.773082000000000491e+00 -1.852721999999999980e+00 -5.556169999999999831e+00 1.361922999999999995e+00
-5.321846999999999550e-01 1.159595999999999982e+01 -5.953039000000000414e+00 -1.260604000000000013e+01 -2.017870999999999970e+00 2.570788999999999991e+00 3.800104000000000148e+00 -3.363665000000000127e+00 1.050502999999999965e+01 -2.434610999999999859e+00 -2.795399999999999885e+00 1.316823000000000077e+00
-1.574549999999999894e+00 9.215206999999999482e+00 -3.639784999999999826e-01 -1.487631999999999977e+01 -5.593029999999999724e+00 5.235009999999999941e+00 5.255768999999999913e+00 -6.625420000000000087e+00 1.389894999999999925e+01 -2.849158000000000079e+00 -7.472361000000000253e+00 4.861894000000000382e+00
6.367753000000000441e-01 1.393477999999999994e+01 -2.915173999999999932e+00 -1.505338000000000065e+01 -8.368487999999999261e+00 2.910374000000000017e+00 3.889848999999999890e+00 -1.732061000000000073e+00 1.224967000000000006e+01 -1.200690999999999953e+00 -7.146152999999999977e+00 4.225372000000000128e+00
6.051763999999999477e-01 1.564461000000000013e+01 -2.062927000000000177e+00 -1.463111999999999924e+01 -6.800858999999999988e+00 2.075828000000000007e+00 4.624944000000000166e+00 -3.958766999999999925e+00 1.107713000000000036e+01 -9.471815999999999569e-01 -6.587222999999999828e+00 5.756012000000000128e+00
9.366664999999999575e-01 1.512829999999999941e+01 -1.057700000000000085e+00 -1.289742999999999995e+01 -8.194380999999999915e+00 9.397398000000000140e-01 7.775719999999999743e+00 -3.012080000000000091e+00 8.759335999999999345e+00 -1.816205999999999987e+00 -7.465930000000000177e+00 5.455805999999999933e+00
5.089886000000000132e-01 1.568341000000000030e+01 -4.175905999999999785e-01 -1.370537999999999990e+01 -7.690263999999999989e+00 3.387716000000000172e+00 6.777347999999999928e+00 -2.959394000000000080e+00 8.498455999999999122e+00 -3.618093000000000004e+00 -5.825988999999999862e+00 3.703123000000000165e+00
4.494208000000000230e-02 1.574160000000000004e+01 8.710249000000000463e-02 -1.435666999999999938e+01 -6.338117999999999697e+00 2.485559999999999992e-01 8.748025999999999414e+00 -2.536246999999999918e+00 8.873825000000000074e+00 -2.891979000000000077e+00 -7.908623000000000403e+00 4.882784000000000013e+00
-2.905228000000000255e-01 1.707773999999999859e+01 7.683457000000000203e-01 -1.474043999999999954e+01 -7.504902000000000406e+00 2.681782999999999806e-01 9.778050999999999604e+00 -3.200422000000000100e+00 6.354703999999999908e+00 -1.507004000000000010e+00 -6.132659000000000304e+00 3.496160000000000156e+00
7.475234999999999519e-02 1.587653000000000070e+01 -5.709554000000000018e-02 -1.442134000000000071e+01 -6.751871000000000400e+00 1.072689999999999921e+00 7.014559000000000211e+00 -3.112265999999999977e+00 8.085160000000000124e+00 -1.603679000000000077e+00 -6.433887999999999607e+00 3.617626000000000008e+00
-9.139020999999999950e-02 1.681758999999999915e+01 7.406154000000000348e-01 -1.441709999999999958e+01 -7.167609999999999815e+00 -7.954276999999999598e-01 6.476458000000000048e+00 -3.761298000000000030e+00 1.144612000000000052e+01 1.084308000000000050e+00 -8.790791999999999717e+00 2.545043000000000166e+00
-1.027181000000000066e-01 1.616749000000000080e+01 2.222341999999999818e+00 -1.473159000000000063e+01 -9.534941999999999140e+00 3.038186999999999971e-01 6.791126000000000218e+00 -1.197319999999999940e+00 9.460805000000000575e+00 -6.080309000000000408e-01 -7.759738999999999720e+00 4.303951999999999778e+00
2.228100000000000080e-01 1.656513999999999953e+01 1.385347000000000106e+00 -1.457646000000000086e+01 -7.537009000000000292e+00 -3.472863999999999951e+00 6.640308000000000099e+00 -6.835290000000000532e-01 9.873393000000000086e+00 6.043477999999999906e-01 -9.362336000000000880e+00 2.912071000000000076e+00
6.326019000000000503e-01 1.704209000000000174e+01 1.680212999999999957e+00 -1.487170000000000059e+01 -1.003872999999999927e+01 -2.050050000000000150e+00 4.908331000000000444e+00 7.136846000000000023e-01 1.181581000000000081e+01 -7.474184000000000383e-02 -9.651445999999999970e+00 1.657288000000000094e+00
6.067662999999999807e-01 1.761174000000000106e+01 3.001642999999999950e-01 -1.433319000000000010e+01 -9.222806000000000282e+00 -5.457113999999999798e+00 6.878637000000000334e+00 4.707900999999999891e-01 1.127101000000000042e+01 9.072455000000000380e-01 -9.689780000000000726e+00 1.645113999999999965e+00
1.769366999999999912e+00 1.784337000000000018e+01 -1.194040999999999908e+00 -1.344131999999999927e+01 -9.628284000000000731e+00 -4.910092999999999819e+00 4.309530999999999779e+00 2.310855999999999799e+00 1.057166999999999923e+01 2.451944999999999819e+00 -8.405972000000000222e+00 -1.416997000000000062e+00
1.776720000000000077e+00 1.804561999999999955e+01 1.014299000000000034e-01 -1.377042999999999928e+01 -1.063917000000000002e+01 -7.006470000000000198e+00 6.303296999999999706e+00 3.097411000000000136e+00 9.046445999999999543e+00 2.283814000000000011e+00 -9.062343999999999511e+00 3.280771000000000104e-01
1.322213000000000083e+00 1.910820000000000007e+01 1.884031999999999929e+00 -1.311220999999999925e+01 -1.180132000000000048e+01 -7.000062999999999924e+00 4.029123000000000232e+00 2.380965000000000220e+00 8.850077000000000638e+00 3.403458000000000094e+00 -7.712501999999999747e+00 1.061854999999999993e+00
1.150506000000000029e+00 1.992632000000000048e+01 2.672036999999999995e+00 -1.106750000000000078e+01 -1.263809000000000005e+01 -9.941798000000000357e+00 2.958133999999999819e+00 3.467664000000000080e+00 6.754176000000000180e+00 5.382670000000000066e+00 -4.778366000000000113e+00 3.733156999999999726e-01
6.759260999999999742e-01 2.055302999999999969e+01 4.541064999999999685e+00 -9.752216000000000662e+00 -1.344673000000000052e+01 -1.200374000000000052e+01 9.986277000000000070e-01 2.025438999999999989e+00 9.225447000000000841e+00 5.270233000000000168e+00 -4.403685000000000294e+00 2.810111000000000026e+00
3.603347000000000078e-01 2.030086000000000013e+01 5.077186000000000199e+00 -1.009711000000000070e+01 -1.299225999999999992e+01 -1.195889000000000024e+01 -1.490787000000000084e+00 1.948069999999999968e+00 8.336824000000000012e+00 4.946843999999999575e+00 -1.721562000000000037e+00 2.998259000000000007e+00
5.187266000000000377e-01 2.027148000000000039e+01 5.856410000000000338e+00 -7.512345999999999968e+00 -1.478166000000000047e+01 -1.228445999999999927e+01 -2.558424000000000031e+00 3.061110999999999915e+00 9.506175999999999959e+00 2.923236000000000168e+00 -2.708839999999999915e+00 2.620718000000000103e+00
7.594476999999999478e-02 2.053021000000000029e+01 7.249862000000000251e+00 -7.536210999999999771e+00 -1.553369999999999962e+01 -1.265848000000000084e+01 -2.516716999999999871e+00 1.918199999999999905e+00 8.514761000000000024e+00 4.534924000000000177e+00 -3.180529999999999746e-01 3.236073000000000199e+00
-5.421215000000000339e-01 2.108502999999999972e+01 7.696784000000000070e+00 -7.648223999999999911e+00 -1.623211999999999833e+01 -1.272375000000000078e+01 -2.240031999999999801e+00 1.831911999999999985e+00 7.811874000000000429e+00 5.809826000000000157e+00 -1.734669000000000016e+00 7.884866999999999848e-01
-5.031693999999999889e-01 1.956403999999999854e+01 6.759959000000000273e+00 -6.212843999999999589e+00 -1.541454000000000057e+01 -1.290315999999999974e+01 -2.410213999999999857e+00 2.465594999999999981e+00 7.707664000000000293e+00 5.370585000000000164e+00 -1.085717000000000043e+00 1.942553999999999892e+00
-4.512995000000000201e-01 1.981050000000000111e+01 7.282213999999999743e+00 -6.021923000000000137e+00 -1.673028000000000048e+01 -1.268530999999999942e+01 -4.349984000000000073e+00 2.907617000000000118e+00 7.571907000000000387e+00 4.698063000000000322e+00 1.116122000000000059e+00 2.101234999999999964e+00
-6.794474000000000347e-01 1.922173000000000087e+01 8.316558000000000561e+00 -5.184713999999999601e+00 -1.668724999999999881e+01 -1.332323000000000057e+01 -5.959818000000000282e+00 2.396107000000000209e+00 6.701717000000000368e+00 4.189206000000000429e+00 3.513834000000000124e+00 3.228187000000000140e+00
-1.403440000000000021e+00 1.745457000000000036e+01 9.258929000000000187e+00 -5.193182000000000187e+00 -1.736382000000000048e+01 -1.273497000000000057e+01 -3.762728000000000073e+00 3.522009000000000167e+00 5.968701000000000256e+00 3.518523000000000067e+00 3.898655000000000204e+00 4.167958999999999747e+00
-1.605156000000000027e+00 1.785678000000000054e+01 7.414857999999999727e+00 -3.604603000000000002e+00 -1.543341000000000030e+01 -1.479250000000000043e+01 -3.053700000000000081e+00 5.397959000000000174e+00 5.866616999999999749e+00 3.378500999999999976e+00 2.102164999999999839e+00 4.575383000000000422e+00
-2.321397000000000155e+00 1.744801000000000002e+01 8.286054999999999282e+00 -1.887842999999999938e+00 -1.565220000000000056e+01 -1.592739000000000082e+01 -4.265079000000000065e+00 6.967957000000000178e+00 8.130884999999999252e+00 4.125631000000000270e+00 1.011508000000000074e+00 3.482324999999999893e+00
-2.273699999999999832e+00 1.775236999999999910e+01 7.177300999999999931e+00 -8.296885999999999983e-01 -1.328752000000000066e+01 -1.455423000000000044e+01 -4.219648000000000287e+00 2.663478000000000012e+00 7.704474000000000267e+00 5.400007999999999697e+00 2.429856000000000016e+00 1.568748000000000031e+00
-1.371045999999999987e+00 1.820279999999999987e+01 8.013372000000000384e+00 -1.961364000000000107e+00 -1.404848999999999926e+01 -1.307815000000000083e+01 -5.760962000000000138e+00 3.234726000000000212e+00 6.552135999999999960e+00 2.895389000000000213e+00 1.949572000000000083e+00 1.230634999999999923e+00
-1.483131999999999895e+00 2.028346000000000160e+01 7.082556000000000296e+00 -1.414771999999999919e+00 -9.228101999999999805e+00 -1.289154000000000089e+01 -9.039096000000000686e+00 -4.259072999999999887e-01 2.617316000000000198e+00 4.906387999999999749e+00 6.517713999999999785e+00 1.566810999999999954e+00
-2.122263999999999928e+00 1.911646999999999963e+01 5.921114000000000210e+00 -1.648036000000000056e+00 -1.215019000000000027e+01 -1.517412999999999990e+01 -6.575747999999999927e+00 1.375369999999999981e+00 5.966219999999999857e+00 5.457803000000000182e+00 3.583577000000000012e+00 1.567503000000000091e+00
-7.325944999999999929e+00 1.642451000000000150e+01 8.004127999999999687e+00 -3.427603000000000177e-01 -1.034357999999999933e+01 -1.372888999999999982e+01 -4.623317000000000121e+00 2.771131000000000011e+00 8.313784999999999314e+00 7.654008000000000145e+00 2.380640000000000089e+00 2.183701000000000114e-01
-6.544717000000000340e+00 1.542439000000000071e+01 5.762589000000000183e+00 -1.943656999999999968e+00 -9.990401000000000309e+00 -1.091690000000000005e+01 -8.706552999999999543e+00 2.339480000000000004e+00 3.896903000000000006e+00 3.052486000000000033e+00 3.423564999999999969e+00 -7.835187000000000124e-01
