-9.233729999999999549e+00 1.039175999999999966e+01 2.307971999999999824e+01 9.439603999999999218e+00 5.536883000000000221e-01 -5.521289999999999587e+00 -1.027148000000000039e+01 3.998105999999999938e+00 -5.670378999999999836e-01 -1.017656999999999989e+01 -4.202397999999999634e+00 1.670481000000000105e+00
-8.584030999999999523e+00 9.060394000000000503e+00 2.203215000000000146e+01 9.354101999999999251e+00 1.539843000000000073e+00 -8.836316000000000059e+00 -1.276549999999999940e+01 4.359226999999999741e+00 4.784031999999999729e-01 -1.066320999999999941e+01 -5.982698000000000071e+00 2.667974000000000068e+00
-9.643928999999999974e+00 9.432123999999999953e+00 2.098103000000000051e+01 7.372177999999999898e+00 3.290061999999999820e+00 -4.778843000000000174e+00 -1.006621999999999950e+01 2.456081999999999876e+00 -1.318578000000000028e+00 -9.477301999999999893e+00 -3.526904000000000039e+00 1.069566999999999934e+00
-9.235775999999999542e+00 1.068877999999999950e+01 2.053116999999999948e+01 7.185793000000000319e+00 1.851580999999999921e+00 -6.740016999999999925e+00 -6.956428999999999974e+00 3.776641000000000137e+00 -2.461432999999999982e+00 -8.965868999999999645e+00 -2.960662999999999823e+00 5.365339999999999554e-01
-8.690391999999999229e+00 1.163071000000000055e+01 2.104467999999999961e+01 7.237817999999999863e+00 -4.080157999999999840e-01 -7.701113999999999571e+00 -6.864963999999999622e+00 4.586501000000000161e+00 -3.009440000000000115e+00 -9.437006999999999479e+00 -2.236264999999999947e+00 -7.582212000000000396e-01
-8.950905000000000555e+00 1.186505000000000010e+01 2.052958999999999889e+01 6.888119999999999798e+00 2.496792999999999818e+00 -1.091777000000000086e+01 -6.142694999999999794e+00 4.021099999999999675e+00 -5.515679999999999694e+00 -8.027310999999999197e+00 -1.687503999999999893e+00 1.837161999999999962e+00
-9.348644999999999428e+00 1.168157000000000068e+01 2.064896999999999849e+01 5.294347000000000136e+00 3.200540000000000052e-01 -7.109755999999999965e+00 -6.664858999999999867e+00 4.020132000000000261e+00 -5.303442000000000434e+00 -7.899297999999999931e+00 -2.749856999999999996e+00 -1.168890000000000068e-01
-9.223316999999999766e+00 1.247930000000000028e+01 1.928160000000000096e+01 4.030367000000000033e+00 2.157207999999999792e+00 -6.983168000000000042e+00 -4.553874000000000422e+00 2.418566000000000216e+00 -8.723717000000000610e+00 -4.578392000000000017e+00 -1.117517000000000094e+00 -7.336941000000000157e-01
-9.560997000000000412e+00 1.128350000000000009e+01 2.265042000000000044e+01 4.335277999999999743e+00 6.423200000000000021e-01 -6.860293000000000418e+00 -8.540096000000000132e+00 2.359751000000000154e+00 -2.814611999999999892e+00 -3.802252999999999883e+00 -5.283272000000000190e+00 6.308424000000000254e-01
-9.495729000000000752e+00 1.100488000000000000e+01 2.188866000000000156e+01 4.440233000000000096e+00 6.711846999999999674e-01 -7.965424999999999756e+00 -6.646823000000000370e+00 1.469049999999999967e+00 -3.187272999999999801e+00 -3.028903999999999819e+00 -4.437552000000000163e+00 -6.414583000000000368e-01
-9.259577000000000169e+00 1.134027000000000029e+01 1.968126000000000175e+01 4.688143000000000171e+00 2.636700999999999961e+00 -9.469623000000000346e+00 -6.455735999999999919e+00 3.436577999999999911e+00 -3.361788999999999916e+00 -3.456647999999999943e+00 -5.679287000000000418e+00 -2.741981000000000002e+00
-8.750825999999999993e+00 1.077848000000000006e+01 2.028053999999999846e+01 4.323967999999999812e+00 2.822115000000000151e+00 -1.019164999999999921e+01 -9.832622999999999891e+00 3.634806999999999899e+00 -4.425883999999999929e+00 -5.734849999999999781e+00 -4.532029999999999781e+00 -1.018864999999999910e+00
-8.057242000000000459e+00 1.069355000000000011e+01 1.942390999999999934e+01 3.756218000000000057e+00 7.747579999999999467e-01 -1.201249999999999929e+01 -8.372626000000000346e+00 4.894614999999999938e+00 -6.421840000000000437e+00 -6.818158999999999637e+00 -4.529740000000000322e+00 -4.334960999999999953e-01
-7.347853999999999886e+00 9.745266000000000872e+00 1.865938999999999837e+01 4.874527999999999750e+00 9.516816999999999638e-01 -1.464708000000000077e+01 -1.298794000000000004e+01 7.412296000000000440e+00 -3.713309999999999889e+00 -1.066878999999999955e+01 -4.620887999999999884e+00 1.571854000000000084e+00
-6.919804000000000066e+00 1.037677000000000049e+01 1.980538999999999916e+01 3.213801000000000130e+00 -8.195924999999999461e-01 -1.550348999999999933e+01 -1.461711999999999989e+01 4.751087000000000060e+00 -2.656261999999999901e+00 -9.715040999999999372e+00 -5.047285999999999717e+00 3.170952999999999911e+00
-6.347457999999999601e+00 1.042651000000000039e+01 1.942866000000000071e+01 3.604214999999999947e+00 -2.701570999999999945e+00 -1.460439000000000043e+01 -1.712402000000000157e+01 6.410984000000000016e+00 -4.576023000000000174e-01 -1.245693999999999946e+01 -6.567668000000000283e+00 3.163526000000000060e+00
-5.794824000000000197e+00 1.069650000000000034e+01 1.793162999999999840e+01 5.760309000000000346e+00 -3.274110999999999994e+00 -1.537763999999999953e+01 -1.678350000000000009e+01 2.658183000000000185e+00 2.877279999999999838e+00 -9.779512000000000427e+00 -7.330981000000000414e+00 2.088305000000000078e+00
-6.029302999999999635e+00 9.571550000000000225e+00 1.830558999999999870e+01 3.372138000000000080e+00 -1.498423000000000060e+00 -1.484975999999999985e+01 -1.771574999999999989e+01 4.636845000000000105e+00 2.284089999999999954e+00 -1.132094000000000023e+01 -6.459247999999999656e+00 2.242550000000000043e+00
-5.660569999999999879e+00 1.050280000000000058e+01 1.694256000000000029e+01 4.306777000000000299e+00 -9.343721999999999861e-01 -1.772266000000000119e+01 -1.570739000000000019e+01 5.122614999999999696e+00 2.599960999999999967e+00 -1.056649999999999956e+01 -7.158464999999999634e+00 2.448958000000000190e+00
-5.967381999999999742e+00 1.047645999999999944e+01 1.634525000000000006e+01 3.263112000000000013e+00 2.562120999999999982e-01 -1.626895000000000024e+01 -1.697931000000000168e+01 4.797316000000000358e+00 3.233359999999999790e+00 -7.546873999999999860e+00 -7.173240999999999978e+00 1.071811999999999987e+00
-6.200745999999999647e+00 1.036111000000000004e+01 1.745409000000000077e+01 2.373259000000000007e+00 -3.277457999999999760e-02 -1.552946999999999989e+01 -1.667270999999999859e+01 4.096373999999999960e+00 5.495441999999999716e+00 -7.327422999999999575e+00 -6.049290000000000056e+00 1.206539000000000028e+00
-6.414958000000000382e+00 1.060066999999999915e+01 1.685559999999999903e+01 1.739460000000000006e+00 1.591798999999999964e+00 -1.532752999999999943e+01 -1.827440999999999960e+01 5.342386000000000301e+00 4.583479999999999777e+00 -6.724860999999999756e+00 -6.500452000000000119e+00 7.866414000000000462e-01
-6.238679000000000308e+00 1.176764000000000010e+01 1.567994999999999983e+01 1.343617999999999979e+00 3.203467999999999982e+00 -1.563044999999999973e+01 -1.645413999999999888e+01 3.707902999999999949e+00 5.199468999999999674e+00 -5.153057000000000443e+00 -6.207862000000000435e+00 2.094869000000000092e+00
-6.033765999999999963e+00 1.313782999999999923e+01 1.725208999999999904e+01 2.665955999999999992e+00 -4.161657999999999746e-01 -1.683098000000000027e+01 -1.664565999999999946e+01 2.858106999999999953e+00 6.118478999999999779e+00 -4.788234000000000101e+00 -5.452250000000000263e+00 2.323386000000000173e+00
-6.200002999999999709e+00 1.369781000000000049e+01 1.490316999999999936e+01 -8.500254999999999894e-01 5.068468000000000195e+00 -1.643934000000000140e+01 -1.647131999999999863e+01 1.160935999999999968e+00 5.957641999999999882e+00 -2.360940999999999956e+00 -4.655848999999999904e+00 1.791562000000000099e+00
-5.924801000000000428e+00 1.217160999999999937e+01 1.432484000000000002e+01 6.478405999999999887e-01 5.165588999999999764e+00 -1.732805000000000106e+01 -1.742676000000000158e+01 2.414331000000000116e-01 5.949351000000000056e+00 7.107580999999999483e-01 -3.964748000000000161e+00 8.994315000000000504e-01
-5.626914000000000193e+00 1.224155000000000015e+01 1.446200999999999937e+01 -1.782250999999999974e-01 3.237086999999999826e+00 -1.684249000000000152e+01 -1.622612000000000165e+01 -6.720186999999999689e-01 8.288121000000000294e+00 7.904177000000000008e-01 -3.945810999999999957e+00 2.561748000000000136e+00
-5.687903999999999627e+00 1.212165000000000070e+01 1.396786999999999956e+01 -1.208771000000000040e+00 2.427178000000000058e+00 -1.821081999999999823e+01 -1.617846000000000117e+01 1.912706000000000017e+00 8.421599000000000501e+00 -6.902589999999999559e-01 -3.735212999999999894e+00 4.315436000000000050e+00
-5.942651999999999823e+00 1.127782999999999980e+01 1.402203000000000088e+01 -2.364177999999999891e+00 2.724314000000000124e+00 -1.757453999999999894e+01 -1.590235000000000021e+01 5.661876000000000353e+00 7.581349999999999589e+00 -2.235406999999999922e+00 -4.804641000000000162e+00 5.603282000000000096e+00
-5.357103999999999644e+00 1.220566999999999958e+01 1.061289000000000016e+01 -2.785353000000000190e+00 1.823735000000000106e+00 -1.647683999999999926e+01 -1.565629000000000026e+01 4.036106000000000193e+00 1.166403999999999996e+01 3.955292999999999726e-01 -6.571206000000000103e+00 2.277959000000000067e+00
-6.712100999999999651e+00 5.762973999999999819e+00 1.146874000000000038e+01 -3.442677000000000209e+00 3.154228999999999949e+00 -1.365404999999999980e+01 -1.495463999999999949e+01 2.984450999999999965e+00 1.029527000000000037e+01 2.662573000000000079e+00 -3.528360999999999859e+00 1.574791000000000052e+00
-8.375956999999999653e+00 5.640124000000000137e+00 1.244119000000000064e+01 -4.089144000000000112e+00 2.799701999999999913e+00 -1.251922000000000068e+01 -1.374197999999999986e+01 1.316081999999999974e+00 1.283716000000000079e+01 3.912949999999999928e+00 -3.643024000000000040e+00 3.473914999999999864e+00
-7.036207000000000100e+00 7.180176999999999587e+00 1.081410999999999945e+01 -7.420097000000000165e+00 8.929335000000000466e-01 -1.178123000000000076e+01 -1.172676000000000052e+01 2.045342999999999911e+00 1.317168000000000028e+01 2.956414999999999793e+00 -5.855132000000000225e+00 1.618317999999999923e+00
-6.485431000000000168e+00 1.228219999999999956e+01 4.641766999999999754e+00 -6.640176000000000300e+00 -1.956183000000000005e+00 -1.198094999999999999e+01 -8.127862000000000364e+00 2.165151999999999965e+00 8.756123999999999796e+00 7.855946000000000318e+00 2.030881999999999965e-01 -5.956858999999999904e-01
-7.057962999999999987e+00 1.168338999999999928e+01 6.279923000000000144e+00 -2.144768000000000008e+00 -2.048550000000000093e+00 -6.847672000000000203e+00 -7.390992999999999924e+00 -1.707216000000000067e+00 8.776851000000000624e+00 -2.113592999999999833e+00 -1.767830999999999930e+00 6.654493999999999687e+00
-9.445152000000000214e+00 1.013789000000000051e+01 5.197964999999999947e+00 3.032707999999999932e-02 6.042864999999999487e-01 -4.492630000000000123e+00 -3.924786999999999804e+00 -1.195546999999999915e+00 9.646532000000000551e+00 1.638466999999999896e+00 -2.428965999999999958e+00 4.309045000000000236e+00
-7.688508999999999816e+00 9.504789000000000598e+00 6.536477999999999788e+00 -5.374838999999999700e+00 -1.419639000000000095e+00 3.085895999999999972e+00 -4.126349999999999740e-01 -4.770692000000000377e+00 1.432987999999999928e+01 3.535419000000000089e+00 -9.830266999999999200e+00 3.348860999999999866e+00
-4.152166000000000246e+00 7.408845000000000347e+00 3.040375000000000050e+00 -1.248371000000000031e+01 -2.800730000000000164e+00 6.116935999999999929e+00 -2.421419000000000210e+00 -4.661048000000000080e+00 1.844200000000000017e+01 1.665434000000000081e+00 -9.471709999999999852e+00 3.169916999999999874e+00
-1.830243999999999982e+00 1.042787000000000042e+01 -1.270853999999999928e+00 -1.181823999999999941e+01 -3.021459999999999813e+00 4.585268000000000121e+00 1.736566999999999972e+00 -6.005328000000000443e+00 1.247859000000000052e+01 4.096136000000000443e+00 -1.048995000000000033e+01 2.692846999999999991e+00
-2.437733999999999845e+00 9.947139999999999205e+00 -1.191001999999999894e+00 -1.373908999999999914e+01 -4.239211000000000062e+00 3.636050000000000004e+00 4.287696999999999647e+00 -7.761072999999999666e+00 1.305893000000000015e+01 3.798884999999999845e+00 -1.150234999999999985e+01 5.060058999999999862e+00
-1.094823000000000102e+00 1.367420000000000080e+01 -2.826391000000000098e+00 -1.181869000000000014e+01 -6.540576999999999863e+00 3.604124000000000105e+00 6.686816000000000315e+00 -4.000525999999999804e+00 7.937015999999999849e+00 1.799646000000000079e+00 -6.675672999999999746e+00 3.030527000000000193e+00
-1.493679999999999897e+00 1.517700999999999922e+01 -1.039994000000000085e+00 -9.949415000000000120e+00 -5.517407999999999646e+00 2.178255000000000052e+00 4.927520000000000344e+00 -3.960831999999999908e+00 7.668401000000000245e+00 2.030565999999999871e+00 -4.101886000000000365e+00 2.174669000000000185e+00
-1.602087000000000039e+00 1.713897000000000048e+01 7.278229999999999977e-01 -1.185579000000000072e+01 -7.091722999999999999e+00 1.479983999999999966e+00 9.003059000000000367e+00 -3.285546000000000078e+00 5.034487000000000378e+00 5.455497000000000263e-01 -4.263372000000000384e+00 5.848899000000000292e+00
-1.760513999999999912e+00 1.647182000000000102e+01 9.021536999999999473e-01 -1.092159999999999975e+01 -6.971510000000000318e+00 -6.497251000000000554e-01 9.866604999999999848e+00 -6.245792999999999484e-01 5.032829000000000441e+00 -1.423724999999999991e-02 -4.284805999999999671e+00 5.842853999999999992e+00
-1.392897000000000052e+00 1.535253999999999941e+01 -1.707120000000000026e-01 -1.118987000000000087e+01 -6.095721000000000167e+00 1.044539000000000106e+00 8.308702000000000254e+00 -2.219609999999999861e+00 5.344968999999999859e+00 3.159438000000000191e+00 -4.649189999999999934e+00 4.152210000000000178e+00
-1.111186999999999925e+00 1.584234999999999971e+01 -6.031788999999999623e-01 -1.137218000000000018e+01 -6.206766000000000005e+00 5.779107999999999468e-01 6.195999999999999730e+00 -2.542610000000000148e-01 6.477460999999999913e+00 2.205693000000000126e+00 -5.748167999999999722e+00 5.341775000000000162e+00
-1.931213999999999986e+00 1.568520999999999965e+01 1.635054999999999925e+00 -1.289493000000000045e+01 -7.221784999999999677e+00 7.854246999999999757e-01 6.004052999999999862e+00 -1.870349000000000039e+00 9.692545000000000854e+00 1.413435999999999915e+00 -7.290816999999999659e+00 7.439534000000000091e+00
-2.326537000000000077e+00 1.554737000000000080e+01 2.730058000000000096e+00 -1.308267000000000024e+01 -4.640939999999999621e+00 -3.004023999999999806e+00 2.160394999999999843e+00 7.463244999999999463e-01 1.029692999999999969e+01 2.965094000000000118e+00 -6.112344000000000221e+00 4.426845000000000141e+00
-2.921940000000000204e+00 1.557166999999999923e+01 3.318276000000000003e+00 -1.316139000000000081e+01 -3.923398000000000163e+00 -4.086511999999999922e+00 1.720679000000000070e+00 -6.800059999999999993e-01 1.242097000000000051e+01 3.450489999999999835e+00 -7.018413999999999930e+00 5.335039000000000087e+00
-3.520131999999999817e+00 1.458319000000000010e+01 7.029427000000000092e+00 -1.214170000000000016e+01 -5.680068999999999591e+00 -5.951166999999999874e+00 -4.057644000000000251e-01 5.773819999999999508e-01 1.416324000000000005e+01 2.559667000000000137e+00 -6.857967999999999620e+00 5.537646999999999764e+00
-4.361543000000000170e+00 1.384404999999999930e+01 1.025553999999999988e+01 -9.754887000000000086e+00 -5.479034999999999656e+00 -8.877891999999999229e+00 -3.276377000000000095e+00 2.296821000000000002e+00 1.381668999999999947e+01 2.060941999999999830e+00 -5.860959000000000252e+00 5.292375999999999969e+00
-5.163719000000000392e+00 1.362059999999999960e+01 1.124183000000000021e+01 -7.920893999999999657e+00 -3.353914000000000062e+00 -8.886801999999999424e+00 -6.917352000000000167e+00 -2.315094000000000041e-01 1.568206999999999951e+01 -5.089327000000000156e-01 -4.723898000000000152e+00 5.288748000000000005e+00
-5.780319999999999681e+00 1.234192000000000000e+01 1.372160000000000046e+01 -4.984878000000000142e+00 -3.489280000000000159e-01 -1.022617999999999938e+01 -1.134113999999999933e+01 4.258296999999999777e+00 9.054171000000000191e+00 -3.520189999999999930e+00 -3.470092999999999872e+00 7.436770000000000103e+00
-6.068909999999999805e+00 1.214639999999999986e+01 1.535698000000000008e+01 -2.081885999999999903e+00 1.188711999999999991e+00 -9.455517000000000394e+00 -1.566660000000000075e+01 4.561570999999999820e+00 7.200813000000000130e+00 -7.590700000000000225e-01 -6.612618000000000329e+00 5.439193000000000389e+00
-6.737204000000000192e+00 1.229855000000000054e+01 1.652156000000000091e+01 1.199004999999999932e-01 2.386766999999999861e+00 -8.934319000000000344e+00 -1.234725000000000072e+01 4.702678999999999832e+00 3.345282999999999785e+00 -1.390457999999999972e+00 -7.509115000000000428e+00 3.492395999999999834e+00
-7.386903000000000219e+00 1.157415999999999912e+01 1.765213999999999928e+01 4.562831000000000081e+00 3.199733000000000160e+00 -7.742691999999999908e+00 -1.031828999999999930e+01 1.568769999999999998e+00 4.544928999999999775e+00 -5.505169999999999675e+00 -8.335065000000000168e+00 5.585664000000000406e+00
-8.306784000000000390e+00 1.286829000000000001e+01 1.750547999999999860e+01 5.609211000000000169e+00 5.338438000000000017e+00 -5.609270000000000422e+00 -1.017529000000000039e+01 3.965672999999999782e+00 3.079155000000000086e+00 -7.608556000000000097e+00 -9.579713999999999174e+00 4.874551000000000300e+00
-8.357919000000000764e+00 1.266527999999999921e+01 1.771974000000000160e+01 7.464465999999999823e+00 5.871246000000000187e+00 -3.478448000000000206e+00 -1.056991999999999976e+01 3.027775999999999801e+00 3.858884000000000203e+00 -8.020801999999999765e+00 -6.941207999999999601e+00 1.891569999999999974e+00
-9.102451000000000292e+00 1.220794000000000068e+01 1.766913999999999874e+01 8.723470000000000724e+00 8.181782000000000110e+00 -2.561897000000000091e+00 -5.676353999999999900e+00 4.572705000000000020e+00 -4.331787000000000276e+00 -9.020732000000000639e+00 -5.019608999999999988e+00 7.059782999999999475e-01
-9.992022999999999655e+00 1.136910999999999916e+01 1.896338000000000079e+01 9.526464000000000709e+00 9.497332999999999359e+00 2.725067000000000128e+00 -6.210970999999999798e+00 1.613304999999999989e+00 -5.186958999999999875e+00 -1.008172000000000068e+01 -3.997835999999999945e+00 1.228302000000000005e+00
-9.810909999999999798e+00 1.118267999999999951e+01 1.868785000000000096e+01 1.090806000000000076e+01 7.938298999999999772e+00 3.228816999999999826e+00 -4.166974999999999874e+00 1.105509000000000075e+00 -4.022962999999999845e+00 -1.012604999999999933e+01 -3.168763000000000218e+00 3.710623000000000116e-01
-9.541285999999999490e+00 1.286646999999999963e+01 1.784268000000000143e+01 1.140479000000000021e+01 5.714698000000000278e+00 1.461051000000000100e+00 -4.425910000000000011e+00 1.070656000000000052e+00 -1.735594000000000081e+00 -8.545873999999999526e+00 -2.866601999999999872e+00 2.473657999999999912e+00
-1.002046999999999954e+01 1.268276999999999965e+01 1.883886000000000038e+01 1.062214999999999954e+01 5.376811000000000007e+00 2.507530000000000037e+00 -1.502051000000000025e+00 -1.724520999999999971e-01 -4.867772000000000432e+00 -7.205607999999999791e+00 -4.199646000000000212e-01 2.041497000000000117e+00
-1.031464000000000070e+01 1.304495999999999967e+01 1.912546000000000035e+01 1.103700000000000081e+01 6.231545999999999808e+00 9.186938999999999522e-01 -4.087105000000000210e+00 1.438917000000000113e-01 -3.116802999999999990e+00 -4.690597000000000349e+00 -8.290901000000000520e-01 1.375118999999999980e+00
-9.545377999999999474e+00 1.318460999999999927e+01 1.825103000000000009e+01 8.608109000000000677e+00 4.475214000000000247e+00 8.218045999999999962e-01 -1.508491999999999944e+00 1.850017999999999940e+00 -2.396767000000000092e+00 -5.564062999999999981e+00 -2.486817999999999973e+00 1.494818999999999898e+00
-9.386392999999999986e+00 1.362604999999999933e+01 1.841430000000000078e+01 8.196885999999999228e+00 3.590254999999999974e+00 2.727650999999999826e-01 -1.097115999999999980e+00 2.148451000000000111e+00 -4.150637999999999828e+00 -5.033722000000000030e+00 5.004636999999999558e-01 1.447911000000000059e-01
-1.022334000000000032e+01 1.422554000000000052e+01 1.834709000000000145e+01 8.904878000000000071e+00 5.046054999999999957e+00 1.059015999999999957e+00 -5.526061000000000334e+00 2.555559000000000136e+00 -1.881922000000000095e+00 -4.194971999999999923e+00 1.219289999999999957e-01 2.691539000000000015e-01
-1.040723999999999982e+01 1.291915999999999976e+01 1.825775000000000148e+01 8.609014999999999418e+00 6.847552999999999557e+00 4.250423999999999758e+00 -5.379202000000000261e+00 -3.951271000000000089e-01 -9.032204999999999817e-01 -2.977759999999999962e+00 -1.962196999999999969e+00 -1.549479999999999968e+00
-1.039254999999999995e+01 1.333493999999999957e+01 1.817512999999999934e+01 1.077144000000000013e+01 4.233768000000000420e+00 2.451846999999999888e+00 -2.677347999999999839e+00 1.068235000000000046e+00 9.247711000000000126e-02 -7.085653999999999897e+00 -5.646823999999999621e+00 1.126640000000000003e-01
-1.088158999999999921e+01 1.226585000000000036e+01 1.988484000000000052e+01 1.034031000000000056e+01 4.542791000000000246e+00 1.811485999999999930e+00 -2.976217999999999808e+00 3.094457999999999931e-01 1.400728999999999891e+00 -7.049699000000000382e+00 -6.379128999999999827e+00 3.392806999999999906e-01
-1.027075999999999922e+01 1.254629000000000083e+01 2.063750999999999891e+01 9.622370000000000090e+00 2.588480000000000114e+00 1.209362000000000048e+00 -3.032900999999999847e+00 -1.133342999999999989e+00 5.060972999999999861e-02 -7.663729000000000013e+00 -4.801936000000000426e+00 1.869116000000000000e+00
-9.035325000000000273e+00 1.042718999999999951e+01 1.959627000000000052e+01 9.374459999999999127e+00 7.951331000000000371e-01 -2.393733000000000111e+00 -5.848977999999999788e+00 1.999114000000000058e+00 2.490896000000000082e-02 -6.883871000000000073e+00 -4.774049999999999905e+00 7.643596999999999753e-01
-7.922616999999999798e+00 1.060657999999999923e+01 1.716354000000000113e+01 9.708323999999999288e+00 2.008808999999999845e+00 -8.171082999999999430e+00 -1.035778999999999961e+01 2.707800999999999902e+00 3.604363000000000206e+00 -5.405363999999999614e+00 -7.405479999999999841e+00 1.335911000000000071e+00
-6.833896000000000193e+00 1.223042000000000051e+01 1.594994999999999941e+01 5.401563999999999588e+00 2.773553999999999853e+00 -1.353823000000000043e+01 -1.157732000000000028e+01 8.100652000000000186e+00 9.878588000000000369e-01 -3.767227000000000103e+00 -5.382743999999999751e+00 3.109535999999999967e-01
-5.165764000000000244e+00 1.493221999999999916e+01 1.429241999999999990e+01 -1.437229000000000090e+00 4.857714000000000198e-01 -1.169547999999999988e+01 -7.981861999999999568e+00 5.273405000000000342e+00 -3.315361999999999920e+00 -2.774737000000000009e+00 -5.244309999999999805e-01 2.360003999999999991e+00
-4.644369000000000192e+00 1.549333000000000027e+01 1.322152999999999956e+01 -5.137332999999999927e+00 -1.880794999999999995e+00 -8.879376999999999853e+00 -8.293613999999999820e+00 5.271710999999999814e+00 -3.680146999999999835e+00 -5.419931000000000054e+00 2.083692000000000100e+00 5.778945000000000221e+00
-2.570872000000000046e+00 1.654811000000000121e+01 1.086036000000000001e+01 -7.634983000000000075e+00 -6.770476000000000383e+00 -8.080133000000000010e+00 -4.125321999999999711e+00 6.306664999999999743e+00 -5.432775000000000354e+00 -7.289608000000000310e+00 1.586956000000000033e+00 6.788528999999999591e+00
-1.945346000000000020e+00 1.764603999999999928e+01 8.756131999999999138e+00 -9.729552999999999230e+00 -6.561291999999999902e+00 -9.854210000000000136e+00 -2.276278000000000024e+00 6.859480999999999717e+00 -2.289404000000000217e+00 -4.737709999999999866e+00 -4.647941999999999574e+00 3.207571000000000172e+00
-1.222941000000000056e+00 1.913069000000000131e+01 8.307852999999999710e+00 -9.211112999999999218e+00 -9.217864000000000502e+00 -1.011073000000000022e+01 -3.465317000000000203e+00 6.672143000000000157e+00 2.852329000000000114e-01 -2.650443000000000104e+00 -2.801257999999999804e+00 -1.000728999999999980e+00
-9.773047999999999735e-01 2.007579000000000136e+01 8.703951999999999245e+00 -8.551075000000000870e+00 -1.275702000000000069e+01 -1.075108999999999959e+01 -3.904745999999999911e-02 5.996131000000000100e+00 4.361212999999999895e-01 -2.310417000000000165e+00 -8.848610000000000086e-01 -1.575733999999999968e+00
-7.714613000000000165e-01 1.932393000000000072e+01 7.170948000000000100e+00 -8.607170999999999239e+00 -9.223976000000000397e+00 -8.943970999999999449e+00 -4.399715999999999738e+00 4.616997999999999713e+00 3.482492000000000143e+00 -1.982480000000000020e+00 -1.637977000000000016e+00 -6.250493999999999772e-01
-1.196908000000000083e+00 1.957030999999999921e+01 8.467558000000000362e+00 -6.774084000000000216e+00 -1.010417999999999950e+01 -1.033085999999999949e+01 -3.405628999999999795e+00 4.219571000000000183e+00 4.114647999999999861e+00 -8.737549999999999484e-01 -1.185774000000000106e+00 -2.411210000000000075e+00
-9.607554999999999845e-01 1.933256000000000085e+01 7.471776000000000195e+00 -6.409004000000000367e+00 -1.044647999999999932e+01 -9.064246999999999943e+00 -3.467464999999999797e+00 4.771417999999999715e+00 2.841216000000000186e+00 -2.142418999999999851e+00 -2.137626000000000026e+00 -3.043388000000000204e+00
-1.361658000000000035e+00 2.052155000000000129e+01 9.375579999999999359e+00 -7.645840999999999887e+00 -1.069810999999999979e+01 -9.445494000000000057e+00 -3.457158999999999871e+00 6.014526000000000039e+00 2.684524000000000132e+00 -3.381327999999999889e+00 -2.500344999999999818e+00 -3.879900999999999822e+00
-1.674978000000000078e+00 1.912115000000000009e+01 1.006301999999999985e+01 -8.884033999999999764e+00 -9.653211999999999904e+00 -5.031647000000000425e+00 -3.722964000000000162e+00 4.613609000000000293e+00 2.686517999999999962e-01 -6.505099999999999660e+00 -3.042863000000000095e+00 6.071788999999999659e-01
-2.035343999999999820e+00 1.790332000000000079e+01 1.101492000000000004e+01 -7.188474000000000252e+00 -7.085270999999999653e+00 -7.470213000000000214e+00 -3.381581999999999866e+00 5.322780999999999985e+00 -3.128410000000000135e+00 -7.223895999999999873e+00 -3.280514000000000152e+00 4.490408000000000399e+00
-2.921753999999999962e+00 1.700022999999999840e+01 1.118016000000000076e+01 -6.138022000000000311e+00 -3.799109000000000069e+00 -7.374437999999999604e+00 -4.541851000000000305e+00 1.594184000000000045e+00 -2.252095999999999876e+00 -6.503239999999999910e+00 -2.282880000000000020e+00 6.728074999999999584e+00
-4.346109000000000222e+00 1.614028000000000063e+01 1.231152999999999942e+01 -4.190026999999999724e+00 4.304190999999999989e-01 -8.930977999999999639e+00 -7.511656999999999584e+00 -1.061335999999999946e-01 -1.025091999999999892e+00 -5.062858000000000303e+00 -2.076859999999999928e+00 6.594039000000000428e+00
-6.263225000000000264e+00 1.584462000000000081e+01 1.576218000000000075e+01 -3.089812999999999921e+00 3.287005999999999872e+00 -8.239017000000000479e+00 -1.258643999999999963e+01 -1.472680999999999907e+00 4.052882999999999569e+00 -2.618517000000000206e+00 -5.784378000000000242e+00 7.163863000000000092e+00
-5.610363999999999685e+00 1.197654999999999959e+01 1.505536000000000030e+01 2.841936000000000018e+00 3.118571999999999900e+00 -7.912711999999999968e+00 -1.448743999999999943e+01 -2.529290999999999831e-02 9.656480999999999426e+00 -4.355840999999999852e+00 -1.155396000000000001e+01 5.277694000000000329e+00
-6.361032999999999937e+00 1.158982999999999919e+01 1.619741000000000142e+01 5.319681000000000104e+00 3.835096000000000060e+00 -8.262033000000000627e+00 -1.378879000000000055e+01 3.778093999999999841e+00 6.204286999999999885e+00 -5.388936000000000170e+00 -1.058796000000000070e+01 2.677992999999999846e+00
-7.467232000000000092e+00 1.047419000000000011e+01 1.876770000000000138e+01 9.716466999999999743e+00 2.155510000000000037e+00 -1.017197999999999958e+01 -1.087651999999999930e+01 2.787916000000000061e+00 4.689599000000000295e+00 -5.219698000000000171e+00 -8.680303999999999576e+00 3.227262000000000075e+00
-8.004248000000000474e+00 1.023689000000000071e+01 1.966069999999999851e+01 1.045251000000000019e+01 3.202109999999999790e+00 -8.096838999999999231e+00 -1.032644999999999946e+01 1.305190000000000072e+00 6.001581999999999972e+00 -4.271842000000000361e+00 -1.117501000000000033e+01 1.971370000000000067e+00
-7.813094000000000428e+00 1.082729999999999926e+01 1.904441999999999879e+01 1.049820000000000064e+01 3.946820000000000217e+00 -6.593754999999999811e+00 -9.616199999999999193e+00 2.832692999999999905e+00 1.984385999999999983e+00 -5.875881999999999827e+00 -6.500867999999999647e+00 1.689135000000000053e+00
-8.599463999999999331e+00 1.149104999999999954e+01 2.044775999999999883e+01 1.028377000000000052e+01 2.582028000000000212e+00 -5.008259999999999934e+00 -6.659705999999999904e+00 2.647050000000000125e+00 5.907404000000000543e-01 -7.030171000000000170e+00 -7.098116000000000092e+00 2.674364999999999881e+00
-8.682582999999999274e+00 1.188162999999999947e+01 1.929740999999999929e+01 1.034211999999999954e+01 3.993002999999999858e+00 -3.424619999999999997e+00 -7.632321000000000133e+00 3.649087000000000192e+00 2.695717000000000141e+00 -7.913555999999999813e+00 -8.787060000000000315e+00 2.753128999999999937e+00
-8.659712000000000742e+00 1.210485000000000078e+01 1.881791000000000125e+01 9.225623000000000573e+00 4.921088000000000129e+00 -1.649429999999999952e+00 -6.539041000000000103e+00 2.770246999999999904e+00 1.387049999999999894e+00 -6.198859999999999815e+00 -7.748846999999999596e+00 2.177258999999999833e+00
-9.130528999999999229e+00 1.320867999999999931e+01 2.049322000000000088e+01 7.777973000000000248e+00 3.059145000000000003e+00 -1.907059000000000060e+00 -5.064873000000000403e+00 1.136490000000000000e+00 -4.687946000000000057e-01 -4.904779000000000444e+00 -4.819416000000000366e+00 3.919547999999999810e+00
-9.811654000000000764e+00 1.262599999999999945e+01 2.082171999999999912e+01 9.607440999999999676e+00 3.127740999999999882e+00 -3.918347999999999942e+00 -4.690426999999999680e+00 4.234456999999999804e-01 1.037187999999999999e+00 -5.462086000000000219e+00 -4.421111999999999931e+00 2.817382999999999971e+00
-1.000596999999999959e+01 1.290870999999999924e+01 1.977653000000000105e+01 9.149169000000000551e+00 5.433182000000000400e+00 -1.384748000000000090e+00 -7.098563999999999652e+00 3.089617000000000058e-01 4.825484999999999913e-01 -3.688187999999999800e+00 -5.627261999999999986e+00 3.367342999999999975e+00
-1.027782000000000018e+01 1.197677999999999976e+01 1.964686999999999983e+01 9.723705000000000709e+00 4.623950999999999922e+00 1.795523999999999898e+00 -2.323513999999999857e+00 -1.576030999999999960e+00 -3.297951999999999995e+00 -4.923995999999999817e+00 -3.212673000000000112e+00 4.625479999999999592e+00
-1.013948000000000071e+01 9.596075000000000799e+00 1.976744000000000057e+01 1.068548999999999971e+01 4.393373000000000417e+00 -3.072700999999999905e+00 -3.540894000000000208e+00 4.289036000000000293e+00 -2.039442999999999895e+00 -6.611416000000000182e+00 -3.407455000000000123e+00 4.104537999999999798e+00
-1.223938000000000059e+01 6.635640000000000427e+00 2.283107000000000042e+01 1.269093999999999944e+01 4.693906000000000134e+00 -5.563981000000000066e+00 -4.248562999999999867e+00 5.258640999999999899e+00 -4.211237999999999926e-01 -6.733850000000000335e+00 -5.451000999999999763e+00 3.759084999999999788e+00
-1.295731999999999928e+01 7.471974000000000338e+00 2.253103000000000122e+01 1.338851999999999975e+01 6.109634999999999927e+00 -2.230023000000000089e+00 -5.097078999999999915e+00 3.791647999999999907e+00 -1.533304000000000000e+00 -8.068225999999999232e+00 -5.151544999999999597e+00 3.815911999999999971e+00
-9.977705000000000268e+00 1.005296000000000056e+01 1.907010999999999967e+01 1.590789000000000009e+01 5.128235000000000099e+00 -5.144497999999999571e+00 -7.184015999999999735e+00 2.520948000000000189e+00 -2.684035000000000171e+00 -8.848394000000000759e+00 -4.149748999999999910e+00 3.966257999999999728e-01
