-9.682299999999999685e+00 9.667412999999999812e+00 2.163069000000000131e+01 1.118260000000000076e+01 3.079131999999999980e+00 -1.028060999999999936e+01 -1.084863999999999962e+01 -3.050703000000000165e-01 -1.998650999999999955e+00 -5.225997999999999699e+00 -5.921622000000000163e+00 -5.653152000000000177e-01
-9.390636999999999901e+00 9.254561000000000703e+00 2.178659000000000034e+01 9.856505999999999545e+00 -2.132163999999999948e+00 -1.022442999999999991e+01 -8.120661999999999381e+00 3.332094000000000111e+00 -1.687311999999999923e+00 -8.188447000000000031e+00 -7.201636999999999844e+00 7.303256999999999666e-01
-9.638851000000000724e+00 9.033927000000000263e+00 2.180206000000000088e+01 9.797240999999999644e+00 1.118325000000000014e+00 -8.197649000000000186e+00 -3.991769999999999818e+00 -4.175092000000000247e-01 -5.698253000000000235e+00 -7.241643999999999970e+00 -8.087782000000000693e+00 1.682166000000000050e+00
-9.339081999999999439e+00 1.083465999999999951e+01 2.160476999999999848e+01 9.935259999999999536e+00 4.025282999999999944e+00 -7.957874000000000336e+00 -7.188504000000000005e+00 -3.077993999999999897e+00 -3.223079999999999945e+00 -4.718696999999999697e+00 -8.965706000000000842e+00 6.753466000000000191e-01
-9.132860000000000866e+00 1.251876999999999995e+01 1.986439999999999984e+01 1.178717999999999932e+01 5.252228999999999814e+00 -8.092826000000000519e+00 -5.655571000000000126e+00 -3.268028000000000155e+00 -8.171841000000000577e+00 -3.590561999999999809e+00 -6.041700999999999766e+00 2.922706999999999944e+00
-9.182959999999999567e+00 1.196812000000000076e+01 2.081408000000000058e+01 1.192082000000000086e+01 3.993745000000000100e+00 -9.415037999999999130e+00 -4.201849000000000167e+00 -2.379418999999999951e+00 -6.745453999999999617e+00 -5.383134000000000086e+00 -7.960478000000000165e+00 4.469749000000000194e+00
-8.952830999999999761e+00 1.224291000000000018e+01 1.913288999999999973e+01 1.107241999999999926e+01 5.956247000000000291e+00 -9.404367000000000587e+00 -4.486547999999999981e+00 -1.545531999999999906e+00 -7.807555999999999941e+00 -6.208694999999999631e+00 -5.245988999999999791e+00 3.086069000000000173e+00
-9.789151999999999632e+00 1.225282999999999944e+01 2.202643000000000129e+01 1.269444000000000017e+01 3.187311999999999923e+00 -1.049715999999999916e+01 -4.940763999999999712e+00 -2.129316999999999904e+00 -6.907147000000000148e+00 -7.622385999999999662e+00 -4.537221999999999866e+00 4.607318000000000247e+00
-9.623884000000000327e+00 1.148262000000000072e+01 2.255330000000000013e+01 9.746328999999999354e+00 4.278268999999999878e+00 -9.066988000000000270e+00 -5.318831000000000309e+00 -1.204582000000000042e+00 -6.062854999999999883e+00 -6.006094000000000044e+00 -5.452516000000000140e+00 4.125586000000000197e+00
-9.378579999999999472e+00 1.229545000000000066e+01 2.194171000000000049e+01 1.008480999999999916e+01 2.143832000000000182e+00 -7.701465999999999923e+00 -5.654423999999999673e+00 -1.882848999999999995e+00 -5.252487000000000350e+00 -4.623776999999999582e+00 -5.005581000000000280e+00 2.377397000000000205e+00
-9.912012000000000711e+00 1.225577999999999967e+01 2.150651999999999830e+01 9.947590999999999184e+00 3.320587000000000177e+00 -7.647171000000000163e+00 -6.213489000000000040e+00 -2.881974000000000036e+00 -3.812149999999999928e+00 -3.713134000000000157e+00 -6.928842999999999641e+00 3.503982999999999848e+00
-9.601639999999999731e+00 1.133248999999999995e+01 2.157306000000000168e+01 8.360970000000000013e+00 2.346966000000000108e+00 -7.990827999999999598e+00 -4.161287999999999876e+00 -2.414476000000000067e+00 -4.597470999999999641e+00 -3.817359000000000169e+00 -6.992121000000000031e+00 2.315030999999999839e+00
-9.594988000000000739e+00 1.134777000000000058e+01 2.129492000000000118e+01 8.076580999999999122e+00 9.165472000000000063e-01 -7.246396999999999977e+00 -5.013469999999999871e+00 -1.903370000000000006e+00 -2.263066999999999940e+00 -3.949235999999999969e+00 -9.939045999999999381e+00 1.716194999999999915e+00
-9.931345999999999563e+00 1.223137999999999970e+01 2.000598000000000098e+01 7.763551999999999786e+00 3.093374999999999986e+00 -6.618401000000000423e+00 -5.201737999999999751e+00 -2.753502999999999812e+00 -3.096579000000000192e+00 -4.044687999999999839e+00 -8.587531000000000247e+00 1.066254999999999953e+00
-1.005774000000000079e+01 1.107807999999999993e+01 2.178155999999999892e+01 8.911853000000000691e+00 5.245214999999999739e-01 -6.045955000000000190e+00 -6.074965999999999866e+00 -3.793028000000000066e+00 -4.354614999999999903e+00 -4.590542000000000122e+00 -6.999096999999999902e+00 4.019744000000000206e+00
-1.042901999999999951e+01 1.162898999999999994e+01 2.227400000000000091e+01 8.327958000000000638e+00 3.254565999999999848e-01 -8.098160999999999277e+00 -7.486213000000000228e+00 -2.586555000000000160e+00 -2.673957000000000139e+00 -4.013048000000000393e+00 -7.631132000000000026e+00 1.758699999999999930e+00
-9.583553999999999462e+00 1.097433000000000014e+01 2.073091000000000150e+01 7.287447000000000230e+00 1.726032999999999928e+00 -7.675417000000000378e+00 -8.104207000000000605e+00 -7.204102999999999479e-01 -5.318115999999999843e+00 -7.577982999999999691e+00 -7.580060999999999716e+00 3.669767999999999919e+00
-9.856507000000000573e+00 9.966060000000000585e+00 2.090111999999999881e+01 8.016918000000000433e+00 4.454951999999999579e+00 -1.107995999999999981e+01 -1.084749000000000052e+01 -3.093454999999999955e-01 -6.234694000000000180e+00 -7.540227999999999930e+00 -6.919624999999999915e+00 2.815776000000000057e+00
-1.024816000000000038e+01 1.026121999999999979e+01 2.324224999999999852e+01 6.707530000000000214e+00 1.354354000000000058e+00 -1.466339999999999932e+01 -8.027291999999999206e+00 2.464859999999999829e+00 -7.282845000000000013e+00 -1.057100999999999935e+01 -6.124660000000000437e+00 1.650559000000000109e+00
-9.625754000000000588e+00 1.101024999999999920e+01 2.090382999999999925e+01 4.658329000000000164e+00 -1.455846000000000084e-01 -1.539935999999999972e+01 -8.902817000000000647e+00 4.427196999999999605e+00 -6.421115999999999602e+00 -9.883174000000000348e+00 -5.349625999999999770e+00 4.849785999999999819e-01
-8.539972000000000563e+00 8.808735000000000426e+00 1.822421999999999898e+01 3.777712999999999877e+00 6.011632999999999560e-01 -1.566705999999999932e+01 -1.232225999999999999e+01 4.663832000000000200e+00 3.151459999999999817e-01 -8.197753000000000512e+00 -8.556639999999999802e+00 1.389469000000000065e+00
-7.793249999999999567e+00 8.858062999999999576e+00 1.750083000000000055e+01 3.095574000000000048e+00 1.760961999999999916e+00 -1.811627999999999972e+01 -1.639758000000000138e+01 6.582775999999999961e+00 4.472243999999999886e+00 -7.076531000000000127e+00 -6.526252999999999638e+00 1.338970999999999911e+00
-7.449823999999999558e+00 9.810570999999999486e+00 1.652523000000000053e+01 2.725270000000000081e+00 9.273991999999999791e-01 -1.876311000000000107e+01 -1.566632000000000069e+01 5.755302000000000362e+00 6.360249999999999737e+00 -3.393810000000000215e+00 -5.500347999999999793e+00 -5.998284999999999867e-01
-7.526117000000000168e+00 9.570634000000000086e+00 1.730084000000000088e+01 1.956422000000000105e+00 -3.876098000000000043e-02 -1.867272000000000176e+01 -1.642971999999999966e+01 5.592414999999999914e+00 7.614163999999999710e+00 -1.872171999999999947e+00 -7.337411000000000350e+00 9.554491999999999985e-01
-6.904541000000000039e+00 8.928032999999999220e+00 1.585833000000000048e+01 7.647665999999999631e-01 1.065083000000000002e+00 -1.822046999999999883e+01 -1.533838000000000079e+01 6.075305000000000177e+00 5.969649999999999679e+00 -1.525463000000000013e+00 -6.334923999999999999e+00 1.204186999999999896e+00
-7.407000000000000028e+00 9.370642999999999390e+00 1.588193000000000055e+01 2.406276000000000082e+00 9.519241999999999981e-02 -1.841913999999999874e+01 -1.528556999999999988e+01 3.637345999999999968e+00 8.078317999999999444e+00 2.047184000000000115e+00 -5.845388999999999946e+00 1.737144999999999939e+00
-7.458554999999999602e+00 8.663164999999999338e+00 1.507769000000000048e+01 1.543161000000000005e+00 2.257776999999999923e+00 -1.844015999999999877e+01 -1.567090999999999923e+01 6.605433999999999806e+00 4.950666000000000011e+00 2.693274999999999864e+00 -3.915151999999999965e+00 -1.420396999999999910e+00
-7.725686999999999749e+00 8.500973000000000113e+00 1.592989000000000033e+01 -9.908960999999999464e-01 3.637774999999999759e-01 -1.543922000000000061e+01 -1.366691999999999929e+01 6.266408000000000200e+00 7.572948000000000235e+00 2.035750999999999866e+00 -5.111460000000000115e+00 -7.185057000000000249e-01
-8.186982999999999677e+00 8.799889000000000294e+00 1.618907000000000096e+01 -7.136651999999999996e-01 1.753840999999999983e+00 -1.729965999999999937e+01 -1.363936999999999955e+01 6.024856999999999907e+00 7.006071000000000382e+00 2.908373000000000097e+00 -6.193171000000000426e+00 -8.863493000000000066e-01
-7.926712000000000202e+00 8.317603000000000080e+00 1.554382999999999981e+01 -8.604344999999999910e-01 1.649051999999999962e+00 -1.812443999999999988e+01 -1.218487999999999971e+01 5.304050000000000153e+00 7.654428000000000232e+00 3.888145999999999880e+00 -6.455500999999999934e+00 3.809544000000000263e-01
-8.864064000000000831e+00 8.079275000000000873e+00 1.450671999999999962e+01 -2.574730999999999881e+00 6.041367000000000154e+00 -1.540939999999999976e+01 -1.694631000000000043e+01 5.231156999999999613e+00 9.198121999999999687e+00 2.955966000000000093e+00 -5.444791999999999632e+00 1.407027999999999945e+00
-8.549118999999999247e+00 5.583130999999999844e+00 1.233657000000000004e+01 1.630268000000000050e+00 5.930474000000000245e+00 -1.691835000000000022e+01 -1.591197999999999979e+01 2.141652000000000111e+00 1.188475999999999999e+01 3.834970000000000212e+00 -7.119176000000000393e+00 2.138346999999999998e+00
-8.782158000000000797e+00 7.853011000000000408e+00 1.437093999999999916e+01 -8.325920999999999461e-01 4.571609999999999729e+00 -1.380034000000000027e+01 -1.714643999999999835e+01 -1.200947999999999904e+00 9.578894000000000020e+00 5.439828999999999581e+00 -7.826448000000000071e+00 -4.450636000000000037e-01
-6.985617000000000409e+00 1.063038000000000061e+01 1.096330999999999989e+01 -1.184201999999999977e+00 2.723392000000000035e+00 -1.547405000000000008e+01 -1.400901999999999958e+01 1.001230999999999982e+00 8.584322000000000230e+00 5.849817999999999962e+00 -7.010057999999999900e+00 2.857070999999999916e+00
-6.864627999999999730e+00 1.055263000000000062e+01 1.077065999999999946e+01 -3.062371000000000176e+00 -3.744923000000000002e-01 -1.058785999999999916e+01 -1.089494000000000007e+01 2.723014000000000268e-01 8.003494999999999138e+00 4.853295000000000137e+00 -5.626406000000000240e+00 1.809199000000000002e+00
-9.047833999999999932e+00 3.998746000000000134e+00 1.253231000000000073e+01 1.341933000000000015e-02 1.728407000000000027e+00 -1.384176000000000073e+01 -1.293030000000000079e+01 2.752371000000000123e+00 1.114350999999999914e+01 1.646234999999999893e+00 -5.312755000000000116e+00 3.388453999999999855e+00
-1.060135999999999967e+01 4.125550999999999746e+00 6.980444999999999567e+00 9.982450999999999963e-01 1.714841999999999977e+00 -9.673643000000000214e+00 -1.235134000000000043e+01 5.382217000000000251e-01 1.027322000000000024e+01 3.277681999999999984e+00 -1.456515999999999922e+00 5.522344000000000364e+00
-9.006465999999999639e+00 6.310983000000000231e+00 1.098652000000000051e+01 -4.884458000000000411e+00 5.916677999999999660e-01 -1.169635000000000069e+01 -1.412725999999999971e+01 2.413343999999999934e+00 1.054143999999999970e+01 3.623594000000000204e+00 -6.800791000000000253e+00 2.671546999999999894e+00
-1.083231999999999928e+01 5.988744999999999763e+00 6.556859000000000215e+00 -3.750874000000000041e+00 -8.356989999999999696e-01 -9.182168000000000774e+00 -1.499398000000000053e+01 1.230383999999999922e+00 1.113748999999999967e+01 6.782529000000000252e+00 -2.462492000000000125e+00 3.507131999999999916e+00
-1.458942000000000050e+01 3.078676999999999886e+00 -6.711686000000000041e-01 7.647665999999999631e-01 1.004380000000000051e+00 -5.882443999999999562e+00 -1.235670000000000002e+01 -4.250906999999999769e+00 3.208502000000000187e+00 6.895942000000000460e-01 5.519469999999999654e-01 3.732496999999999954e+00
-8.542882999999999782e+00 8.871199000000000723e+00 4.233522999999999925e+00 -4.054357000000000433e+00 5.374082000000000026e-01 -2.285826000000000136e+00 -6.052388999999999797e+00 2.148064999999999891e+00 1.016098999999999997e+01 4.229270999999999781e+00 -4.578578000000000259e+00 9.794540999999999664e-02
-7.454397000000000162e+00 9.509778999999999982e+00 7.168834000000000373e+00 -7.451527999999999707e+00 -1.938185999999999964e+00 -4.540773999999999866e+00 -3.563191999999999915e+00 3.981930999999999887e+00 1.247541999999999973e+01 1.142655999999999894e+00 -5.328200999999999965e+00 2.315272999999999914e+00
-4.483722000000000207e+00 1.155527000000000015e+01 2.848650999999999822e+00 -1.337162000000000006e+01 -1.776086000000000054e+00 1.804149000000000003e+00 -9.695283999999999569e-01 -7.625214000000000159e-01 1.199414999999999942e+01 -1.451548000000000060e+00 -6.336419000000000246e+00 3.206078999999999901e+00
-4.046540000000000248e+00 1.362166999999999994e+01 3.514781999999999851e+00 -1.157817000000000007e+01 -2.270186999999999955e+00 4.601203000000000237e-02 -1.579085000000000072e-01 -8.681200000000000028e-01 1.223160999999999987e+01 -1.297868000000000022e+00 -5.385251000000000232e+00 2.082157000000000036e+00
-2.894233999999999973e+00 1.174615000000000009e+01 1.754679000000000100e+00 -1.192619999999999969e+01 -3.796917000000000098e+00 2.092092999999999869e-01 2.952726999999999880e+00 -1.783663999999999916e+00 1.142505000000000059e+01 -4.413465000000000416e+00 -6.423364000000000296e+00 4.996410000000000018e+00
-2.051468999999999987e+00 1.393479999999999919e+01 -5.365497000000000183e-01 -1.220622000000000007e+01 -6.260981000000000130e+00 4.475666999999999840e-02 5.735424000000000078e+00 -6.201558000000000348e-01 8.785012000000000043e+00 -3.039391000000000176e+00 -4.094025000000000247e+00 5.224802999999999642e+00
-2.771167000000000158e+00 1.616472999999999871e+01 2.742583000000000104e-01 -1.264056000000000068e+01 -3.585983000000000143e+00 -1.417114999999999903e+00 7.930738999999999983e+00 -3.582685999999999815e+00 9.703810000000000713e+00 -3.919722999999999846e+00 -4.336923999999999779e+00 5.445566999999999602e+00
-2.728758000000000017e+00 1.404041999999999923e+01 1.936104999999999965e+00 -9.000360999999999834e+00 -2.691377000000000130e+00 -1.862141000000000046e+00 5.346260000000000012e+00 -1.556648000000000032e+00 1.007189999999999941e+01 -3.542704000000000075e+00 -8.994106999999999630e+00 4.601626000000000438e+00
-1.881418999999999953e+00 1.382327000000000083e+01 1.300920999999999994e+00 -7.785238999999999798e+00 -4.844466999999999857e+00 -1.802672999999999914e-01 5.350851999999999720e+00 -1.743903999999999899e+00 7.966401000000000288e+00 -2.470404999999999962e+00 -6.403932000000000180e+00 5.406088999999999700e+00
-2.168715999999999866e+00 1.579451000000000072e+01 1.664160000000000084e+00 -9.684091999999999700e+00 -7.419084999999999930e+00 -1.203237000000000056e-01 6.876130999999999993e+00 -7.488407000000000258e-01 8.338929000000000258e+00 -8.796370000000000022e-01 -7.057642000000000415e+00 3.428538000000000086e+00
-2.659117000000000175e+00 1.609825000000000017e+01 3.434706999999999955e+00 -1.019162000000000035e+01 -8.929197000000000273e+00 -2.874906000000000184e+00 7.822446000000000232e+00 2.024938000000000127e+00 1.059470999999999918e+01 -4.114614000000000438e+00 -8.192914000000000030e+00 4.471808000000000227e+00
-2.119654999999999845e+00 1.585429000000000066e+01 2.107086999999999932e+00 -1.027236000000000082e+01 -8.122085999999999473e+00 -7.665222000000000424e-01 7.012739999999999974e+00 -2.640279999999999849e-01 1.049958999999999953e+01 -3.106923999999999797e+00 -8.581053999999999959e+00 5.601180000000000270e+00
-1.649834999999999940e+00 1.586930000000000085e+01 2.296248999999999985e+00 -1.063551000000000002e+01 -6.707606000000000179e+00 -1.726561999999999930e+00 7.117970999999999826e+00 -5.485455000000000192e-01 7.775223000000000440e+00 -3.053334999999999799e-01 -7.735018000000000171e+00 4.427849000000000146e+00
-2.010099999999999998e+00 1.581996999999999964e+01 2.425453000000000081e+00 -8.820180999999999827e+00 -7.833491999999999678e+00 -2.599040000000000017e+00 6.398571999999999704e+00 -5.303757000000000055e-01 9.895621999999999474e+00 -3.239451999999999887e-01 -7.888231000000000215e+00 2.089665000000000106e+00
-1.487268999999999952e+00 1.590013000000000076e+01 2.090066000000000201e+00 -8.438739999999999242e+00 -9.020761000000000251e+00 -5.207372000000000334e+00 6.451762000000000441e+00 2.289147999999999961e+00 1.031888000000000005e+01 6.938482999999999734e-01 -7.883249000000000173e+00 1.159864999999999924e+00
-1.834229000000000109e+00 1.660679999999999978e+01 1.697427999999999937e+00 -9.676930999999999727e+00 -9.888574999999999449e+00 -5.705751000000000239e+00 6.708525999999999989e+00 2.662163000000000057e+00 1.259082000000000079e+01 8.727863999999999622e-01 -9.494602999999999682e+00 7.865157000000000398e-01
-1.456294999999999895e+00 1.622049000000000163e+01 1.510585999999999984e+00 -9.915183000000000746e+00 -1.112501999999999924e+01 -4.886940000000000062e+00 6.364132999999999818e+00 1.132908000000000026e+00 1.260540999999999912e+01 3.199513000000000051e+00 -9.296049000000000007e+00 -3.570245000000000224e-01
-1.675613000000000019e+00 1.741240000000000165e+01 1.686982999999999899e+00 -1.041356000000000037e+01 -1.173204999999999920e+01 -5.263549000000000255e+00 5.901498000000000133e+00 9.663872999999999491e-01 1.251600000000000001e+01 4.288031000000000148e+00 -1.016750000000000043e+01 6.861243999999999676e-01
-1.077528000000000041e+00 1.727808999999999884e+01 2.362010999999999861e+00 -1.068721000000000032e+01 -1.329200999999999944e+01 -6.643194000000000266e+00 5.870120000000000005e+00 2.669645000000000046e+00 1.259938000000000002e+01 4.613203999999999638e+00 -9.139597000000000193e+00 6.579083000000000014e-01
-1.295392000000000099e+00 1.826410999999999873e+01 3.291577999999999893e+00 -1.207615000000000016e+01 -1.427139000000000024e+01 -9.103393999999999764e+00 6.579570000000000363e+00 7.617170999999999914e+00 9.831578999999999624e+00 3.191536999999999846e+00 -6.598499999999999588e+00 -7.269826999999999817e-01
-9.658940999999999777e-01 1.834400000000000119e+01 2.896231999999999918e+00 -1.142384000000000022e+01 -1.452777000000000029e+01 -9.099000000000000199e+00 7.186467000000000382e+00 5.783305000000000362e+00 8.054855999999999128e+00 4.418313000000000379e+00 -5.403934999999999711e+00 -2.400425999999999949e-01
-1.244251999999999914e+00 1.822068000000000154e+01 4.076081000000000287e+00 -9.232647000000000048e+00 -1.401637000000000022e+01 -9.789763999999999911e+00 4.239226999999999634e+00 2.854976000000000180e+00 9.391519999999999868e+00 6.733341000000000243e+00 -3.787100000000000133e+00 -8.760558000000000511e-01
-1.576451999999999964e+00 1.991873000000000005e+01 5.099649000000000321e+00 -7.024346000000000423e+00 -1.371964000000000006e+01 -1.098048000000000002e+01 -2.294657999999999975e-01 2.570673000000000208e+00 9.408640000000000114e+00 6.458686000000000149e+00 -1.489400999999999975e+00 2.154694999999999805e+00
-1.924867000000000106e+00 2.006484000000000023e+01 6.592835000000000001e+00 -6.755866000000000149e+00 -1.599380000000000024e+01 -1.369613999999999976e+01 1.542246000000000006e+00 6.062478999999999729e+00 8.890905000000000058e+00 3.849593000000000043e+00 -3.096022000000000052e+00 3.346191000000000138e+00
-1.906989000000000045e+00 2.001819000000000059e+01 7.226472000000000229e+00 -7.657163999999999859e+00 -1.333710999999999913e+01 -1.318898000000000081e+01 -2.073882999999999921e+00 1.767995999999999901e+00 1.034169999999999945e+01 6.853252999999999595e+00 -2.522282000000000135e+00 1.944830000000000059e+00
-1.807412000000000019e+00 2.034579000000000093e+01 7.962621000000000393e+00 -6.603527999999999842e+00 -1.497643000000000058e+01 -1.074760999999999989e+01 -2.738179000000000141e+00 1.458895000000000053e+00 7.593238999999999628e+00 4.909396000000000093e+00 2.026708000000000121e-01 2.437704000000000093e+00
-2.135247000000000117e+00 1.867133000000000109e+01 8.974584000000000117e+00 -1.849634999999999918e+00 -1.281961000000000084e+01 -1.298310000000000031e+01 -6.410557999999999979e+00 1.877944999999999962e-02 7.393817000000000306e+00 3.796416999999999931e+00 2.693693000000000115e+00 4.809433000000000291e+00
-2.146679999999999922e+00 1.860832999999999871e+01 8.986962000000000117e+00 -2.731444000000000205e+00 -1.409980000000000011e+01 -1.136680999999999919e+01 -5.030688999999999744e+00 -3.208887000000000267e-01 7.327555000000000263e+00 3.284594999999999931e+00 1.310041000000000011e+00 2.961457999999999924e+00
-2.612134000000000178e+00 2.001497000000000170e+01 9.636072999999999666e+00 -2.801448000000000160e+00 -1.249473000000000056e+01 -1.270974000000000004e+01 -6.188615999999999673e+00 -9.123687999999999798e-01 5.236640999999999657e+00 4.317012000000000072e+00 2.561406999999999989e+00 5.046060999999999908e+00
-2.902134000000000214e+00 1.880779000000000067e+01 1.016835999999999984e+01 -2.109364999999999934e+00 -1.363724000000000025e+01 -1.215456000000000003e+01 -6.964265000000000150e+00 -9.318210999999999578e-01 7.787905000000000300e+00 3.436148000000000202e+00 4.856791999999999776e-01 4.161552000000000362e+00
-3.406877999999999851e+00 1.887801999999999936e+01 1.107394000000000034e+01 -3.487962000000000007e+00 -1.413777999999999935e+01 -1.131315000000000026e+01 -6.806226999999999805e+00 -1.411931000000000047e+00 8.437846999999999653e+00 2.168426000000000187e+00 -9.186505000000000365e-01 5.039037000000000432e+00
-3.258863999999999983e+00 1.686442999999999870e+01 9.237631999999999621e+00 -3.084246999999999961e+00 -1.229668000000000028e+01 -1.123249000000000031e+01 -5.633759999999999657e+00 -2.866155000000000008e+00 6.397344000000000364e+00 4.495949999999999669e+00 -6.114766999999999841e-01 6.515721000000000096e+00
-3.142033000000000076e+00 1.733759999999999835e+01 1.153931000000000040e+01 -1.947878999999999916e+00 -1.458948999999999963e+01 -1.212066000000000088e+01 -1.016099999999999959e+01 -2.471122999999999958e+00 6.579962000000000089e+00 5.615045000000000286e+00 2.698925000000000018e+00 4.534537000000000262e+00
-2.629596999999999962e+00 1.975305000000000177e+01 1.016023999999999994e+01 -1.287617000000000012e+00 -1.474074000000000062e+01 -1.258012000000000086e+01 -7.945020999999999667e+00 9.787856000000000334e-01 5.306390999999999636e+00 1.402687999999999935e+00 2.060909999999999798e+00 2.774118000000000084e+00
-2.479296000000000166e+00 2.064739000000000146e+01 8.570726999999999762e+00 -7.701455999999999857e-01 -1.253068000000000026e+01 -1.326398000000000010e+01 -9.174504000000000659e+00 -1.152495000000000047e-01 6.769237999999999644e+00 1.861067000000000027e+00 9.054585000000000550e-01 1.856427999999999967e+00
-3.141824999999999868e+00 1.893915000000000148e+01 9.243821999999999761e+00 -2.192096999999999962e+00 -1.362027999999999928e+01 -9.810477000000000558e+00 -9.406012999999999735e+00 -1.240065999999999891e+00 6.147828999999999766e+00 3.487994000000000039e+00 1.279149000000000092e+00 3.393539999999999779e+00
-4.646495999999999960e+00 1.869144000000000005e+01 9.154462999999999795e+00 -4.347895000000000287e+00 -1.618269000000000091e+01 -1.059163000000000032e+01 -1.065578000000000003e+01 -2.420247999999999955e+00 9.674006999999999579e+00 4.455004999999999882e+00 3.172515000000000196e+00 9.262643000000000404e-01
-6.004608000000000168e+00 1.702903999999999840e+01 6.822616000000000014e+00 1.028872000000000009e+00 -7.498099999999999987e+00 -8.082155000000000200e+00 -1.001252999999999993e+01 -6.391522000000000148e+00 4.664056999999999675e+00 5.818975000000000009e+00 6.158802999999999805e+00 2.649385000000000101e+00
-7.615300000000000402e+00 1.552829999999999977e+01 4.938337999999999894e+00 -1.287617000000000012e+00 -7.497082999999999942e+00 -8.756285999999999348e+00 -8.396940999999999988e+00 -2.963417000000000190e+00 6.381174999999999820e+00 3.057799000000000156e+00 2.215866999999999809e+00 2.588594000000000062e+00
-7.042161000000000115e+00 1.439241999999999955e+01 3.474165000000000170e+00 -2.267669000000000157e+00 -1.105583000000000027e+01 -1.254340000000000011e+01 -8.573347000000000051e+00 -2.922446000000000210e-01 5.324144999999999683e+00 5.013887000000000427e+00 4.793834999999999624e+00 1.124019000000000101e+00
-1.315854999999999997e+01 5.318531000000000120e+00 -2.108651000000000053e+00 -1.276081999999999939e+00 -4.904151999999999845e+00 -3.410004999999999953e+00 -1.687397000000000036e+00 1.902025000000000077e+00 5.203985000000000305e+00 4.913649999999999629e+00 4.354124999999999801e+00 5.330549999999999455e-01
