-1.320598000000000027e+01 6.939046000000000269e+00 1.432803999999999967e+01 1.305926000000000009e+01 4.721331000000000166e+00 -4.855973999999999791e+00 -6.021679999999999922e+00 5.635313000000000017e+00 4.855131000000000085e+00 -3.141147999999999829e+00 -5.054007000000000360e+00 -8.019988000000000117e-01
-9.286497999999999919e+00 1.042153000000000063e+01 1.951352999999999938e+01 1.003509000000000029e+01 5.385664000000000229e+00 -9.257963000000000164e+00 -9.456165999999999627e+00 3.019810999999999801e+00 4.990419999999999856e-01 -5.722933000000000270e+00 -6.422855000000000203e+00 8.977954999999999686e-01
-9.542443999999999704e+00 1.008305000000000007e+01 1.863693999999999917e+01 1.092366999999999955e+01 7.757081999999999589e+00 -9.871487999999999374e+00 -1.072058000000000000e+01 2.246176000000000172e+00 -9.154788999999999843e-01 -8.113594000000000861e+00 -9.303349000000000757e+00 2.497882999999999853e+00
-1.011245000000000083e+01 9.356766000000000361e+00 1.968656999999999968e+01 1.007260999999999918e+01 5.558378000000000263e+00 -8.182999000000000578e+00 -8.856934000000000751e+00 2.294273000000000007e+00 -2.170808000000000071e+00 -5.776253999999999778e+00 -7.768290999999999613e+00 3.084281999999999968e+00
-9.830973000000000184e+00 8.675917000000000101e+00 1.846939000000000064e+01 1.217966000000000015e+01 7.480546000000000362e+00 -1.064672000000000018e+01 -1.004617000000000004e+01 3.206402999999999892e+00 -6.017293000000000225e-01 -6.623845000000000205e+00 -5.918897000000000297e+00 4.272171000000000163e+00
-1.009699999999999953e+01 1.097383999999999915e+01 1.910070999999999941e+01 8.044264000000000081e+00 7.304921000000000220e+00 -1.064486999999999917e+01 -6.652127000000000123e+00 4.046386000000000038e+00 -1.476123999999999992e+00 -4.565572999999999659e+00 -7.291686000000000334e+00 1.630698999999999899e+00
-9.899492999999999654e+00 1.104867999999999917e+01 1.801147999999999882e+01 8.220020999999999134e+00 6.463022999999999740e+00 -9.171003000000000682e+00 -6.943609999999999616e+00 5.207590999999999859e+00 -2.085751999999999828e+00 -3.783304999999999918e+00 -8.371465999999999852e+00 1.401297000000000015e+00
-9.733565000000000467e+00 1.127441999999999922e+01 1.833558000000000021e+01 9.312896999999999537e+00 5.658642999999999645e+00 -9.638363000000000014e+00 -6.729943999999999704e+00 2.527887999999999913e+00 -3.843147000000000091e+00 -3.113449000000000133e+00 -7.416633000000000031e+00 1.781023999999999941e+00
-1.018784999999999918e+01 1.026553999999999967e+01 1.829231000000000051e+01 7.983095999999999748e+00 6.472078999999999915e+00 -9.578787000000000162e+00 -8.504780000000000229e+00 4.464445999999999692e+00 -2.168161000000000005e+00 -5.747861999999999583e+00 -7.639403999999999861e+00 4.108475999999999573e+00
-1.037594999999999956e+01 1.027670999999999957e+01 1.801368000000000080e+01 8.326454000000000022e+00 7.248643999999999643e+00 -1.052091000000000065e+01 -7.191568000000000183e+00 4.971613999999999756e+00 -3.859694999999999876e+00 -5.992306000000000132e+00 -7.334802999999999962e+00 4.609684999999999810e+00
-1.025267999999999979e+01 9.545080999999999705e+00 1.854162000000000177e+01 7.482738000000000334e+00 6.750231999999999566e+00 -8.632225999999999289e+00 -6.980978999999999601e+00 2.156423000000000201e+00 -2.205890000000000128e+00 -3.843319999999999848e+00 -8.370539000000000840e+00 3.223527999999999949e+00
-1.124236999999999931e+01 9.271964000000000539e+00 1.987098999999999904e+01 7.568374000000000379e+00 8.450848000000000582e+00 -9.287565999999999988e+00 -8.554899000000000697e+00 1.884802000000000088e+00 -4.979000000000000092e+00 -3.551556000000000157e+00 -5.587174000000000085e+00 2.141649999999999832e+00
-1.062886999999999915e+01 9.846628000000000824e+00 1.940501000000000076e+01 8.037739999999999441e+00 4.867523000000000266e+00 -1.070889000000000024e+01 -8.199227999999999739e+00 3.021958000000000144e+00 -3.689582000000000139e+00 -4.188634999999999664e+00 -6.188030000000000364e+00 2.873790000000000067e+00
-1.030893999999999977e+01 9.732181000000000637e+00 1.939033999999999835e+01 7.064345999999999570e+00 5.970432999999999879e+00 -1.398817999999999984e+01 -9.868550000000000821e+00 5.548136999999999652e+00 -1.215659000000000045e+00 -5.794026999999999816e+00 -8.324871999999999161e+00 3.180359999999999854e+00
-1.018651000000000018e+01 9.588331999999999411e+00 2.017710999999999899e+01 6.507712999999999859e+00 5.795131999999999728e+00 -1.687449000000000154e+01 -1.293329999999999913e+01 6.953692000000000206e+00 -2.735425000000000217e+00 -6.023005999999999638e+00 -6.790740999999999694e+00 1.585811999999999999e+00
-9.689227999999999952e+00 9.299421000000000603e+00 2.023210999999999871e+01 5.597527999999999615e+00 5.356232000000000326e+00 -2.174419999999999931e+01 -1.330039999999999978e+01 6.844829999999999970e+00 -9.230909999999999949e-01 -6.402483000000000146e+00 -9.311230999999999369e+00 2.686981999999999982e+00
-8.488763999999999754e+00 9.285570999999999131e+00 1.924552999999999869e+01 5.465811000000000419e+00 3.904336999999999946e+00 -2.102633000000000152e+01 -1.724443000000000126e+01 3.270604000000000067e+00 1.006072000000000077e+00 -5.891665999999999848e+00 -1.087363999999999997e+01 2.880475000000000119e+00
-8.336774999999999380e+00 1.113349000000000011e+01 1.836784000000000106e+01 3.566327999999999943e+00 7.040028999999999648e+00 -2.228705000000000069e+01 -1.806216999999999828e+01 -3.759826000000000001e-01 1.511778000000000066e+00 -4.800092000000000247e+00 -1.307005999999999979e+01 2.378120000000000012e+00
-7.556674000000000113e+00 1.041691999999999929e+01 1.627002999999999844e+01 2.998685000000000045e+00 5.556760999999999839e+00 -2.256272999999999840e+01 -1.666497999999999990e+01 1.020769999999999955e+00 1.887416999999999900e+00 -4.409534999999999982e+00 -8.370074999999999932e+00 1.837180999999999953e+00
-7.938411000000000328e+00 1.067156999999999911e+01 1.727201000000000164e+01 1.816095999999999933e+00 4.627534999999999954e+00 -1.952101000000000042e+01 -1.871064000000000149e+01 3.325142000000000042e+00 2.508958999999999939e+00 -4.012284000000000184e+00 -5.225083999999999840e+00 -5.542593999999999577e-01
-7.847217999999999805e+00 1.057535000000000025e+01 1.575529000000000046e+01 1.036810000000000009e+00 4.642413000000000345e+00 -1.800607000000000113e+01 -1.668256999999999834e+01 4.242854999999999599e+00 1.505158999999999914e+00 -4.952899000000000385e+00 -6.383216000000000001e+00 1.990561000000000025e+00
-7.642325999999999731e+00 9.912720999999999449e+00 1.638332000000000122e+01 7.126175999999999622e-01 4.205777999999999572e+00 -1.786470999999999876e+01 -1.623500999999999905e+01 1.635512000000000077e+00 1.752385999999999999e+00 -3.653350000000000097e+00 -3.504808000000000145e+00 1.366915000000000102e+00
-7.441129000000000104e+00 1.022982000000000014e+01 1.552176000000000045e+01 8.284297999999999940e-01 3.731622999999999912e+00 -1.834280000000000044e+01 -1.827671000000000134e+01 1.850446999999999953e+00 5.375731000000000037e+00 -1.876684999999999937e+00 -3.201366999999999852e+00 2.668645000000000156e+00
-7.876776000000000444e+00 1.001720000000000077e+01 1.517383000000000060e+01 7.361148000000000691e-02 4.610717000000000176e+00 -2.203578999999999866e+01 -1.864248999999999867e+01 5.326330999999999705e+00 5.463765999999999678e+00 -7.562575999999999743e-01 -2.629719000000000140e+00 3.447201000000000182e+00
-7.368744999999999656e+00 1.138546000000000014e+01 1.560828000000000060e+01 -1.966966999999999910e+00 3.967407000000000128e+00 -2.066294999999999860e+01 -2.130057000000000045e+01 6.808755999999999808e+00 7.838400000000000034e+00 1.589659999999999962e-01 -2.088206000000000007e+00 6.395505999999999691e-01
-7.073834999999999873e+00 1.195260000000000034e+01 1.522772999999999932e+01 -1.317765999999999993e+00 3.853880999999999890e+00 -2.065925000000000011e+01 -1.930328000000000088e+01 4.331104999999999983e+00 8.851136000000000337e+00 3.091375000000000206e+00 -3.132286999999999821e+00 -6.765054999999999819e-01
-7.528628000000000320e+00 1.033915999999999968e+01 1.503964999999999996e+01 5.319667999999999619e-01 2.965408000000000044e+00 -2.250722999999999985e+01 -1.612246000000000024e+01 4.864898000000000167e+00 9.312162999999999968e+00 9.576227999999999962e-01 -4.461959000000000231e+00 3.014372999999999969e+00
-7.474046000000000411e+00 1.077750999999999948e+01 1.451171000000000078e+01 -5.870075000000000154e-01 2.783961999999999826e+00 -2.095120999999999967e+01 -1.702064999999999984e+01 5.897915000000000241e+00 7.660344000000000264e+00 4.502680000000000016e-01 -5.210247999999999990e+00 5.150623999999999647e+00
-7.989802000000000071e+00 9.172338999999999132e+00 1.363035999999999959e+01 -1.978793000000000024e+00 2.770700999999999858e+00 -2.104075999999999880e+01 -1.273325999999999958e+01 6.483884999999999899e+00 8.792225999999999431e+00 7.704231999999999747e-01 -4.389634000000000036e+00 4.659347000000000349e+00
-7.732175999999999938e+00 9.259570999999999330e+00 1.116958999999999946e+01 -2.959527000000000019e+00 3.858408999999999978e+00 -1.787544000000000111e+01 -1.239209999999999923e+01 3.677067999999999781e+00 8.431810000000000471e+00 1.443279999999999896e+00 -4.756361000000000061e+00 4.081925000000000026e+00
-7.695228000000000179e+00 8.418836999999999904e+00 8.487026000000000181e+00 -1.095520999999999967e+00 5.356879000000000168e+00 -1.962055000000000149e+01 -1.264094000000000051e+01 5.380869999999999820e+00 1.085013000000000005e+01 2.282136999999999916e-01 -4.463350000000000151e+00 3.880027999999999810e+00
-9.137530999999999182e+00 4.457176999999999722e+00 8.357609000000000066e+00 9.617769000000000457e-01 6.548733000000000359e+00 -1.738957999999999871e+01 -1.273677999999999955e+01 5.584209000000000422e+00 8.849812999999999263e+00 2.901174999999999837e+00 -3.035852999999999913e+00 4.202261000000000024e+00
-8.524198999999999415e+00 7.059082000000000079e+00 7.681193000000000382e+00 -8.757224000000000119e-01 4.720036999999999594e+00 -1.763972000000000051e+01 -1.149302999999999919e+01 4.933823000000000292e+00 9.145027999999999935e+00 1.562616999999999923e+00 -2.329753999999999881e+00 1.544553999999999983e+00
-7.491679999999999673e+00 1.015157999999999916e+01 8.102807000000000315e+00 -4.955656000000000283e+00 8.265396999999999883e-01 -1.461131999999999920e+01 -1.230636999999999937e+01 2.359118000000000048e+00 7.136434999999999640e+00 3.885184000000000193e+00 2.121497000000000188e+00 2.394547000000000203e+00
-1.065288999999999930e+01 5.045448000000000377e+00 7.364798999999999651e+00 -2.777652999999999928e+00 4.088371000000000421e+00 -9.925883999999999929e+00 -1.287350999999999956e+01 2.902143999999999835e+00 1.560336999999999996e+01 5.317688000000000415e+00 -2.428274000000000044e+00 2.975216000000000083e+00
-9.980107000000000284e+00 5.964182000000000095e+00 6.824398999999999660e+00 -4.825979000000000241e+00 1.665850999999999971e+00 -1.259201999999999977e+01 -1.074036000000000080e+01 3.604277999999999871e+00 1.142567000000000021e+01 3.671209000000000167e+00 -1.804699999999999971e+00 3.032900999999999847e+00
-6.958961000000000396e+00 1.156575999999999915e+01 3.648357999999999990e+00 -1.004813000000000045e+01 -1.062637999999999971e+00 -1.041877999999999993e+01 -5.961888000000000076e+00 1.128128999999999937e+00 1.030968000000000018e+01 6.229448999999999792e+00 -6.544501000000000346e-01 3.284460000000000157e+00
-6.392821999999999782e+00 8.544460000000000832e+00 1.093374000000000068e+00 -9.767979999999999663e+00 -4.665491999999999972e-01 -3.371745999999999910e+00 -4.040211000000000219e+00 -4.451223999999999736e-01 1.457210000000000072e+01 1.028486000000000011e+00 -6.577473999999999599e+00 5.199521999999999977e+00
-3.872653999999999819e+00 1.063317999999999941e+01 -1.707980000000000054e+00 -1.166338000000000008e+01 3.171312000000000020e-01 -3.278496000000000077e+00 -2.809651999999999816e+00 -6.319285999999999515e-01 1.569968000000000075e+01 1.069112000000000062e+00 -5.964331999999999745e+00 7.251538000000000039e+00
-3.401066999999999840e+00 8.958266999999999314e+00 -2.973190000000000222e+00 -1.280479000000000056e+01 1.096284000000000036e+00 -2.030352999999999852e+00 -1.687245000000000106e+00 -3.190100000000000158e+00 1.446123000000000047e+01 1.565155999999999992e+00 -7.822766999999999804e+00 5.211937999999999960e+00
-2.334789999999999921e+00 1.354076000000000057e+01 -3.794055000000000177e+00 -1.286392000000000024e+01 -4.072836999999999819e+00 -2.284940000000000193e+00 2.165341000000000182e+00 -2.989981000000000222e+00 1.423287000000000013e+01 2.144067000000000167e+00 -5.532466000000000328e+00 3.775927999999999951e+00
-2.221260000000000012e+00 1.358280000000000065e+01 -1.871493000000000073e+00 -1.056479999999999997e+01 -4.626555999999999891e+00 -2.411864000000000008e+00 1.651399000000000061e+00 -3.219946000000000197e+00 1.214550999999999981e+01 1.784670999999999896e+00 -4.492094999999999949e+00 4.760391000000000261e+00
-2.273994000000000071e+00 1.526815000000000033e+01 1.203605999999999981e-01 -1.284312000000000076e+01 -4.855870999999999604e+00 -9.605688000000000004e-01 4.447963999999999807e+00 -5.089725999999999750e+00 1.137668999999999997e+01 6.937891000000000474e-01 -5.790009000000000405e+00 5.480688999999999922e+00
-2.240406000000000120e+00 1.508080999999999960e+01 -2.103318000000000132e-01 -1.063452999999999982e+01 -4.719706000000000401e+00 -1.640330999999999984e+00 6.236430000000000362e+00 -3.106574000000000169e+00 9.401852999999999128e+00 -6.858556999999999571e-01 -5.865116000000000440e+00 4.515134999999999899e+00
-2.974321000000000215e+00 1.589093000000000089e+01 7.806456999999999979e-01 -1.020797999999999917e+01 -3.587040000000000006e+00 -2.188359999999999861e+00 6.807525000000000048e+00 -4.372132999999999825e+00 1.077036999999999978e+01 -2.330719000000000207e+00 -5.283964000000000105e+00 3.884421000000000124e+00
-2.670173999999999825e+00 1.636571999999999960e+01 -4.425234000000000112e-02 -9.877674999999999983e+00 -2.723470999999999975e+00 -2.763771000000000200e+00 7.203203000000000245e+00 -3.899748999999999910e+00 9.744726999999999251e+00 -1.813900999999999986e+00 -6.501208000000000098e+00 2.275739000000000178e+00
-3.041331000000000007e+00 1.566568000000000005e+01 1.845313999999999899e+00 -9.588960000000000150e+00 -5.540257000000000431e+00 -2.060585000000000055e-01 5.190959999999999575e+00 -4.319956000000000351e+00 1.152660999999999980e+01 1.079535999999999968e-01 -7.960232000000000419e+00 7.474709999999999965e-01
-3.102294000000000107e+00 1.559958999999999918e+01 2.992106000000000154e+00 -1.145011000000000045e+01 -7.429758999999999780e+00 1.687432999999999961e+00 7.510952999999999768e+00 -5.166166999999999732e+00 1.042914999999999992e+01 -1.606619000000000019e+00 -7.634535999999999767e+00 2.139549000000000145e+00
-3.014796000000000031e+00 1.618907000000000096e+01 1.609942999999999902e+00 -1.228852999999999973e+01 -4.372660999999999909e+00 -3.189204999999999957e-01 6.415364000000000289e+00 -5.632538000000000267e+00 1.122378999999999927e+01 -1.053099000000000007e+00 -8.953082000000000207e+00 3.964262999999999870e+00
-2.875233999999999845e+00 1.482348999999999961e+01 2.684877000000000180e+00 -1.224203999999999937e+01 -2.871280000000000054e+00 -2.278649000000000147e+00 1.377062000000000008e+00 2.750478000000000089e-01 1.017928000000000033e+01 -5.254588000000000036e+00 -3.412779000000000007e+00 4.503101000000000020e+00
-3.349676000000000098e+00 1.351839999999999975e+01 3.973917999999999839e+00 -1.168784999999999918e+01 -1.391893999999999965e+00 -3.409120000000000150e+00 -1.503474999999999895e+00 6.941808000000000423e-01 1.029576999999999920e+01 -1.548451000000000022e+00 -6.412192000000000114e+00 4.533471999999999724e+00
-4.545101999999999975e+00 1.181992999999999938e+01 6.888190999999999953e+00 -1.076299000000000028e+01 -8.734290999999999583e-01 -5.718905999999999601e+00 -4.547119000000000355e+00 9.930708000000000313e-01 1.075746000000000002e+01 5.774529999999999941e-01 -7.030897999999999648e+00 7.111909999999999954e+00
-5.358958999999999584e+00 9.686984999999999957e+00 1.138003999999999927e+01 -1.015252000000000088e+01 -4.671960000000000002e-01 -6.231780999999999793e+00 -1.018246000000000073e+01 7.334745999999999766e-01 1.143229000000000006e+01 3.119997000000000131e+00 -4.891969999999999708e+00 4.295473999999999570e+00
-5.946595000000000297e+00 1.047621000000000002e+01 1.171733000000000047e+01 -8.812120000000000175e+00 4.018708999999999754e-01 -8.212972000000000605e+00 -1.216831999999999958e+01 8.244411999999999574e-02 9.571965999999999752e+00 5.125872000000000206e+00 -5.473529999999999784e-01 2.221874000000000127e+00
-5.971785999999999817e+00 1.004951999999999934e+01 1.122605000000000075e+01 -5.783468000000000053e+00 1.606986000000000026e+00 -1.178458999999999968e+01 -1.249760999999999989e+01 1.368185999999999902e+00 8.379519000000000162e+00 3.153004999999999836e+00 -9.787548000000000359e-01 3.098799000000000081e+00
-6.735260000000000247e+00 1.077483999999999931e+01 1.289968000000000004e+01 -4.372109000000000023e+00 5.392780000000000129e+00 -1.258277000000000001e+01 -1.616599000000000075e+01 1.764558999999999989e+00 6.389459999999999695e+00 9.119192999999999882e-01 3.075689999999999813e-01 4.129678000000000182e+00
-7.328941999999999624e+00 1.016080999999999968e+01 1.378506999999999927e+01 6.844801000000000357e-01 7.964080000000000048e+00 -1.250469000000000008e+01 -1.906059000000000125e+01 3.239253999999999856e+00 4.159785000000000288e+00 -2.184338999999999864e-01 -5.146963000000000399e+00 4.938984999999999737e+00
-7.321552999999999756e+00 1.009520000000000017e+01 1.315301999999999971e+01 1.724342999999999959e+00 7.090808000000000000e+00 -1.136349000000000053e+01 -1.414626999999999946e+01 6.565908000000000300e+00 1.355234000000000050e+00 -1.292696000000000067e+00 -3.899351999999999929e+00 2.116627999999999954e+00
-7.683976000000000361e+00 1.087325000000000053e+01 1.313064999999999927e+01 3.191978000000000204e+00 6.959170000000000300e+00 -9.342701999999999174e+00 -1.210105000000000075e+01 6.045213000000000392e+00 1.646147999999999945e+00 -1.395874999999999977e+00 -4.716025000000000134e+00 -6.440337999999999896e-01
-8.340301999999999438e+00 1.222109999999999985e+01 1.583741999999999983e+01 1.907032999999999978e+00 4.073170000000000179e+00 -5.919837000000000238e+00 -1.247430999999999912e+01 6.534558999999999784e+00 4.960633999999999877e-01 -1.591385000000000050e+00 -3.104238000000000053e+00 -4.406087000000000198e-01
-8.587179000000000784e+00 1.172127000000000052e+01 1.446259000000000050e+01 5.070255999999999652e+00 6.907098000000000404e+00 -6.699139999999999873e+00 -1.022729999999999961e+01 4.526500000000000412e+00 -3.382856000000000196e-01 -4.556109000000000187e+00 -4.688438999999999801e+00 1.329477000000000020e+00
-8.466426999999999481e+00 1.266285000000000061e+01 1.368425000000000047e+01 7.437472999999999779e+00 6.022181999999999924e+00 -6.609220999999999790e+00 -1.019300999999999924e+01 1.648395999999999972e+00 2.588058000000000192e+00 -4.633435999999999666e+00 -5.949495999999999896e+00 2.742948000000000164e+00
-8.930455999999999506e+00 1.247380000000000067e+01 1.493479999999999919e+01 6.697335999999999956e+00 5.963316999999999979e+00 -5.355157000000000167e+00 -9.273714000000000013e+00 1.542967999999999895e+00 -3.545026000000000010e-01 -2.079581000000000124e+00 -4.123514000000000124e+00 2.255300999999999778e+00
-9.354347000000000634e+00 1.202791999999999994e+01 1.550563000000000002e+01 8.512814999999999799e+00 7.206921000000000355e+00 -5.139053999999999789e+00 -7.293565000000000076e+00 1.518275000000000041e+00 -1.274569999999999981e+00 -3.367357000000000156e+00 -4.726688000000000223e+00 2.064481999999999928e+00
-9.108477999999999852e+00 1.308248999999999995e+01 1.501069000000000031e+01 8.347251999999999228e+00 7.609919999999999796e+00 -6.453803999999999874e+00 -8.808573000000000874e+00 4.219450000000000145e+00 -1.500945999999999891e+00 -2.825839999999999907e+00 -2.950778000000000123e+00 1.988650999999999947e+00
-9.275916999999999746e+00 1.392442999999999920e+01 1.443546000000000085e+01 9.049056999999999462e+00 6.639941000000000315e+00 -5.140903999999999918e+00 -7.236411999999999622e+00 2.351173000000000179e+00 -1.234193000000000096e+00 -2.556004999999999860e+00 -2.443341999999999903e+00 1.510936000000000057e+00
-9.098905000000000243e+00 1.208454000000000050e+01 1.517933000000000021e+01 1.088166000000000011e+01 4.974256999999999707e+00 -2.212041999999999842e+00 -6.331627000000000116e+00 4.987073999999999785e+00 1.918857999999999953e+00 -7.732501000000000069e+00 -5.793718000000000146e+00 -7.471790000000000376e-01
-9.064140000000000086e+00 1.275154000000000032e+01 1.522076000000000029e+01 1.065656000000000070e+01 6.098512999999999629e+00 -3.410600000000000076e+00 -7.157276000000000415e+00 4.353005999999999709e+00 2.994146000000000196e+00 -6.880753999999999593e+00 -5.814350000000000129e+00 -1.408071999999999990e+00
-9.173807000000000045e+00 1.220529999999999937e+01 1.647717000000000098e+01 1.179837000000000025e+01 5.179636999999999603e+00 -4.068900000000000183e+00 -6.948006000000000348e+00 2.829355000000000064e+00 1.602791999999999994e+00 -7.607854999999999812e+00 -4.013867000000000296e+00 3.881819000000000242e-01
-8.959846000000000643e+00 1.157718000000000025e+01 1.593163999999999980e+01 1.208342000000000027e+01 4.536004000000000147e+00 -1.701387999999999900e+00 -9.729623999999999384e+00 9.209249000000000462e-01 3.122558000000000167e+00 -6.866673999999999722e+00 -4.360889000000000237e+00 7.675269999999999593e-01
-8.912655000000000882e+00 1.268130999999999986e+01 1.479071000000000069e+01 1.273057999999999979e+01 4.091928000000000232e+00 -4.829701000000000022e+00 -7.432052999999999798e+00 1.378277999999999892e+00 2.474207999999999963e+00 -3.440529000000000170e+00 -3.769073999999999813e+00 -1.399858999999999964e+00
-9.051880000000000592e+00 1.209158000000000044e+01 1.612008000000000152e+01 1.164626999999999946e+01 5.073873999999999995e+00 -4.131066999999999823e+00 -7.534928999999999988e+00 2.331418999999999908e+00 1.612058999999999909e+00 -6.829049000000000369e+00 -4.911210999999999771e+00 5.220795999999999770e-01
-9.277260999999999314e+00 1.225292999999999921e+01 1.641520999999999830e+01 1.386016000000000048e+01 4.790545999999999971e+00 -6.804971000000000103e+00 -8.750540000000000873e+00 2.589438000000000017e-01 3.487937000000000065e+00 -4.871878999999999849e+00 -7.543898000000000437e+00 3.205000000000000071e+00
-8.711961999999999762e+00 1.153684999999999938e+01 1.579526000000000074e+01 1.167848000000000042e+01 4.646618000000000137e+00 -6.363144000000000133e+00 -1.183902999999999928e+01 3.049227000000000132e+00 4.473203999999999958e+00 -6.130340000000000344e+00 -7.923141000000000211e+00 1.390791000000000111e+00
-8.621776000000000550e+00 1.249033000000000015e+01 1.581944999999999979e+01 1.034257000000000026e+01 4.760143000000000235e+00 -9.454083000000000681e+00 -1.365474999999999994e+01 1.312788999999999984e+00 5.665320000000000356e+00 -2.796987000000000112e+00 -8.607913999999999177e+00 9.300760999999999612e-01
-7.843354999999999855e+00 1.343529999999999980e+01 1.437312999999999974e+01 6.488954999999999806e+00 6.317801000000000222e+00 -1.121029000000000053e+01 -1.629876000000000147e+01 4.072796999999999557e+00 4.747238000000000291e+00 -1.559992000000000045e+00 -7.520947999999999745e+00 -2.557186000000000181e+00
-6.866760000000000197e+00 1.394946000000000019e+01 1.557197999999999993e+01 6.771399000000000168e-01 2.953765000000000196e+00 -1.270303000000000004e+01 -1.200432999999999950e+01 5.225197999999999787e+00 2.335205000000000197e+00 -3.975814000000000181e+00 -3.002008000000000010e+00 1.175140999999999991e+00
-6.228908999999999807e+00 1.608045999999999864e+01 1.516356999999999999e+01 -5.937204999999999622e+00 7.020176000000000194e-01 -9.285346000000000544e+00 -1.321114999999999995e+01 5.497033000000000058e+00 1.833139999999999992e+00 -5.208652999999999977e+00 -2.221729999999999983e+00 5.377925000000000288e+00
-4.199809000000000125e+00 1.626245000000000118e+01 1.230282000000000053e+01 -6.506478999999999679e+00 -4.462575000000000180e+00 -6.086355000000000182e+00 -1.058428999999999931e+01 4.529935000000000045e+00 -2.300875000000000004e+00 -3.607647000000000048e+00 -1.090024000000000104e+00 4.844053999999999860e+00
-3.444395999999999791e+00 1.777480999999999867e+01 1.132834000000000074e+01 -9.069027999999999423e+00 -5.922880000000000145e+00 -9.171742999999999313e+00 -6.677626000000000062e+00 7.922507999999999662e+00 -4.571920000000000428e+00 -5.544043000000000276e+00 5.435535000000000228e-01 1.832214000000000009e+00
-2.744069999999999787e+00 1.846270000000000167e+01 1.020611000000000068e+01 -8.348872000000000071e+00 -9.346104999999999663e+00 -1.032220000000000049e+01 -6.067402000000000406e+00 8.438909999999999911e+00 -1.491349000000000036e+00 -4.337748000000000381e+00 -7.019714999999999705e-01 -2.134983000000000020e-01
-2.412211999999999801e+00 2.038108000000000075e+01 8.546419000000000210e+00 -1.043389999999999951e+01 -8.407175999999999760e+00 -1.017639999999999922e+01 -3.700807999999999875e+00 4.846646999999999927e+00 -3.968653999999999793e-01 -7.491020000000000456e-01 -8.306270000000000042e-01 -1.922843000000000080e+00
-2.837111000000000161e+00 1.983532999999999902e+01 1.020060999999999929e+01 -6.263436999999999699e+00 -1.274507000000000012e+01 -1.263382999999999967e+01 -3.801486000000000143e+00 5.673318000000000083e+00 3.416780999999999846e+00 -2.078427000000000024e+00 -1.357534999999999936e+00 -2.320524999999999949e+00
-2.687472999999999779e+00 1.985696000000000083e+01 7.981455000000000410e+00 -5.027019000000000126e+00 -9.274948999999999444e+00 -1.224196000000000062e+01 -5.080845000000000056e+00 -3.199408000000000252e-01 5.566694000000000031e+00 1.229573000000000055e-01 -5.696069999999999744e-01 -3.284860000000000002e-01
-2.199930999999999859e+00 2.029870999999999981e+01 7.767349000000000281e+00 -6.059949999999999726e+00 -1.013981000000000066e+01 -1.225897999999999932e+01 -2.424525000000000041e+00 1.998173999999999895e+00 3.805658999999999903e+00 -2.208150999999999975e+00 -1.181589999999999918e+00 -5.790906000000000109e-01
-2.357629999999999892e+00 1.957072000000000145e+01 8.265587000000000018e+00 -5.793255000000000265e+00 -1.124724999999999930e+01 -1.173686000000000007e+01 -4.250799999999999912e+00 6.002054000000000222e+00 5.979401000000000188e+00 -1.212369000000000030e+00 -5.648603999999999736e+00 -5.266084000000000209e+00
-2.453358999999999845e+00 1.934255999999999887e+01 7.295506999999999742e+00 -8.624129999999999185e+00 -1.098817999999999984e+01 -8.084937999999999292e+00 -2.062699999999999978e+00 7.850791000000000075e+00 1.196704999999999908e+00 -3.626113000000000142e+00 -4.276972999999999914e+00 -4.714447999999999972e+00
-3.265871999999999886e+00 1.715227000000000146e+01 8.052946999999999633e+00 -7.813444999999999752e+00 -7.429434999999999789e+00 -7.400735000000000063e+00 -3.617715000000000014e+00 7.060622999999999649e+00 -1.339107000000000047e+00 -6.120645999999999809e+00 -4.225048000000000137e+00 2.321271000000000029e-01
-3.419036999999999882e+00 1.681258000000000052e+01 8.054779999999999163e+00 -8.066682000000000130e+00 -5.662514999999999965e+00 -4.715359000000000300e+00 -4.491723999999999606e+00 5.749757999999999925e+00 -5.989418999999999826e+00 -5.911978999999999651e+00 -2.450295999999999808e+00 1.046210000000000084e+00
-4.963449999999999918e+00 1.563044999999999973e+01 1.172978999999999949e+01 -6.018354999999999677e+00 -2.267106000000000066e+00 -5.540917000000000314e+00 -8.290234999999999133e+00 -3.446334999999999815e-01 -3.631663999999999781e+00 -2.389349000000000167e+00 -4.657551999999999803e-01 4.374552000000000440e+00
-6.746007999999999782e+00 1.370939000000000085e+01 1.473058999999999941e+01 -2.139461999999999975e+00 5.842876000000000181e-01 -8.447946999999999207e+00 -1.287965999999999944e+01 5.872503999999999502e-01 1.726571000000000078e+00 -3.819774999999999920e+00 -1.542289000000000021e+00 4.320687000000000388e+00
-7.212221000000000437e+00 1.154559000000000069e+01 1.412603000000000009e+01 3.083098000000000116e+00 5.069669000000000203e+00 -1.041397000000000084e+01 -1.547751000000000055e+01 1.354443999999999981e+00 4.830639999999999823e+00 -1.791279999999999983e+00 -5.896643000000000079e+00 1.362903999999999893e+00
-7.579514999999999780e+00 1.021547999999999945e+01 1.341624999999999979e+01 5.927837000000000245e+00 6.822358000000000366e+00 -9.366754999999999498e+00 -1.317027000000000037e+01 4.706575000000000064e-01 5.941340000000000288e+00 -4.076222999999999708e+00 -1.028345000000000020e+01 3.065563000000000038e+00
-7.453221000000000096e+00 9.637415999999999983e+00 1.406809999999999938e+01 8.872484000000000037e+00 5.603982000000000241e+00 -8.916415999999999897e+00 -1.411065999999999931e+01 4.733489999999999753e+00 5.317150999999999961e+00 -6.070787000000000155e+00 -9.703920000000000101e+00 -1.646260999999999974e+00
-8.132554000000000727e+00 1.090581000000000067e+01 1.547115999999999936e+01 8.366417999999999466e+00 4.500748999999999889e+00 -6.512270000000000003e+00 -1.045152000000000037e+01 2.799078999999999873e+00 4.297794999999999810e+00 -6.085328999999999766e+00 -1.138570999999999955e+01 -6.069780000000000175e-01
-9.197487999999999886e+00 1.067983000000000082e+01 1.709896000000000171e+01 7.423608999999999902e+00 6.202011999999999858e+00 -5.398451999999999806e+00 -8.962008000000000862e+00 1.045892000000000044e+00 1.400576000000000043e+00 -6.274144999999999861e+00 -8.598178000000000765e+00 2.165144000000000180e+00
-9.362073000000000533e+00 1.181409000000000020e+01 1.804410999999999987e+01 1.012561999999999962e+01 4.226154000000000188e+00 -7.471413000000000082e+00 -8.392231000000000662e+00 2.843741000000000074e+00 2.269933000000000090e-01 -7.984332000000000207e+00 -7.452099999999999724e+00 2.795666999999999902e+00
-9.320926999999999296e+00 1.127369000000000021e+01 1.724414000000000158e+01 8.653501999999999583e+00 3.839974000000000220e+00 -5.657479000000000369e+00 -6.197975999999999708e+00 4.463371999999999673e+00 -1.684960000000000013e+00 -8.897477999999999554e+00 -7.286355000000000359e+00 2.476681000000000132e+00
-9.741626999999999370e+00 1.113299999999999912e+01 1.721958000000000055e+01 1.133716000000000079e+01 5.474285000000000068e+00 -7.576874000000000109e+00 -6.934376999999999569e+00 2.029738000000000042e+00 1.565063000000000093e+00 -6.689631000000000327e+00 -9.312621999999999289e+00 4.180295000000000094e+00
-9.968854999999999578e+00 1.097846000000000011e+01 1.713269000000000020e+01 1.108923000000000059e+01 5.722036000000000122e+00 -7.392593999999999888e+00 -6.295137000000000427e+00 4.665853000000000250e+00 9.392182000000000031e-01 -6.137725999999999793e+00 -8.473231000000000179e+00 1.969932000000000016e+00
-1.026528000000000063e+01 1.173803999999999981e+01 1.692701999999999884e+01 1.027161000000000080e+01 5.584900000000000198e+00 -6.125208999999999904e+00 -5.571045999999999943e+00 2.942511999999999794e+00 -2.575314000000000214e-01 -5.742091000000000278e+00 -7.057324000000000375e+00 5.570654000000000217e+00
-1.099751000000000012e+01 1.320617000000000019e+01 1.920373999999999981e+01 8.192698999999999288e+00 2.668496000000000201e+00 -5.292989999999999640e+00 -5.507737999999999801e+00 1.183526999999999996e+00 -1.596924999999999928e+00 -2.175374000000000141e+00 -1.960245999999999933e+00 4.611022000000000176e+00
-1.045387999999999984e+01 1.283390999999999948e+01 1.708392999999999873e+01 9.610583000000000098e+00 4.840030999999999750e+00 -5.184938999999999965e+00 -6.985375999999999586e+00 3.563519999999999882e-02 -1.443433000000000077e-01 -3.246173999999999893e+00 -4.903273000000000215e-01 5.062186999999999770e+00
-1.070227000000000039e+01 1.234332000000000029e+01 1.706267000000000067e+01 1.113286000000000087e+01 4.849088000000000065e+00 -5.750728999999999758e+00 -6.431866000000000305e+00 7.575231999999999521e-01 4.699175999999999909e-01 -2.551619000000000081e+00 -1.560834000000000055e+00 5.807123999999999953e+00
-1.149361999999999995e+01 9.284356000000000719e+00 1.666341999999999857e+01 1.237621000000000038e+01 4.762406999999999613e+00 -5.905034999999999812e+00 -5.345949000000000062e+00 4.585976999999999748e+00 -1.637632999999999894e+00 -3.671816000000000191e+00 -4.057447999999999944e+00 5.661383999999999972e+00
-1.313543999999999912e+01 5.964182000000000095e+00 1.829927999999999955e+01 1.310208000000000084e+01 4.885634999999999728e+00 -5.223053000000000168e+00 -3.184228000000000058e+00 5.200076000000000143e+00 -2.604365000000000041e+00 -6.783114999999999561e+00 -5.474976999999999983e+00 2.930328999999999962e+00
-1.289310000000000045e+01 7.517112000000000016e+00 1.823511999999999844e+01 1.314325999999999972e+01 4.816421000000000063e+00 -7.472893000000000008e+00 -4.772216000000000236e+00 4.784807999999999950e+00 -3.421504000000000101e+00 -6.518358000000000096e+00 -4.365757000000000332e+00 2.724419999999999842e+00
-1.265494999999999948e+01 7.243751999999999747e+00 6.741541999999999923e+00 5.715379000000000431e+00 3.876397999999999788e-01 -3.238532000000000188e+00 -4.039331999999999923e+00 -3.345772000000000190e+00 -3.973214000000000024e+00 -6.092483999999999789e+00 -4.063939000000000412e+00 -1.686110000000000109e-01
