-1.060627000000000031e+01 4.220983000000000374e+00 2.554664000000000001e+01 1.087894000000000005e+01 2.438191999999999915e+00 -1.075306999999999924e+01 -1.833145999999999987e+01 8.089489999999999625e+00 6.370097999999999594e+00 -1.072807000000000066e+01 -9.568275999999999115e+00 -3.304709000000000119e-01
-8.937063999999999453e+00 7.475164000000000364e+00 2.140468999999999866e+01 9.422976000000000241e+00 5.082760999999999640e+00 -9.760331000000000756e+00 -1.790127000000000024e+01 6.354510000000000325e+00 4.178781999999999996e+00 -1.162302000000000035e+01 -7.487237000000000364e+00 -9.883214999999999639e-01
-8.752694999999999226e+00 7.505117000000000260e+00 2.151792999999999978e+01 8.802417999999999410e+00 6.498660000000000103e+00 -5.164367999999999626e+00 -1.650252000000000052e+01 4.356383000000000116e+00 1.546211999999999920e+00 -1.414842999999999940e+01 -8.931943000000000410e+00 1.370247999999999911e+00
-9.146934999999999150e+00 8.528283999999999310e+00 2.259702000000000055e+01 1.010405000000000086e+01 6.671672000000000047e+00 -5.217499000000000109e+00 -1.557624000000000031e+01 3.464593999999999951e+00 8.157735000000000403e-01 -1.520400000000000063e+01 -1.005976000000000070e+01 1.763079000000000063e+00
-9.199500000000000455e+00 8.569743000000000777e+00 2.356410999999999945e+01 9.595456999999999681e+00 6.317604000000000219e+00 -6.243738999999999706e+00 -1.743688999999999822e+01 3.207269999999999843e+00 9.462515000000000231e-01 -1.080481999999999942e+01 -8.243190999999999491e+00 9.483006999999999964e-01
-8.727714000000000638e+00 9.135082999999999842e+00 2.191385999999999967e+01 9.455564000000000746e+00 7.097564000000000206e+00 -7.368649999999999700e+00 -1.783320000000000149e+01 3.478479000000000099e+00 2.338569000000000120e+00 -1.165620999999999974e+01 -8.232746000000000564e+00 2.699343999999999966e+00
-8.711059000000000552e+00 9.712723000000000440e+00 2.223994000000000071e+01 8.675791999999999504e+00 6.349587999999999788e+00 -9.341563999999999979e+00 -1.479852999999999952e+01 5.200021999999999700e+00 3.904156999999999766e-01 -1.171518000000000015e+01 -7.573750000000000426e+00 3.417286999999999964e+00
-8.944869999999999877e+00 1.099515000000000065e+01 2.223208999999999946e+01 7.515678000000000303e+00 5.001771999999999885e+00 -9.657994999999999663e+00 -1.275294000000000061e+01 5.184345000000000425e+00 -6.109426999999999497e-01 -1.242314000000000007e+01 -2.246607000000000021e+00 2.821667999999999843e+00
-8.999517000000000877e+00 1.134229000000000021e+01 2.251932000000000045e+01 6.625341999999999842e+00 2.636829000000000089e+00 -8.192574000000000467e+00 -1.210577999999999932e+01 5.696081999999999645e+00 -2.427195000000000213e+00 -9.347417999999999338e+00 -2.616897999999999946e+00 1.586988999999999983e+00
-9.232549000000000561e+00 1.091779000000000011e+01 2.206595000000000084e+01 5.241770999999999958e+00 1.995840000000000058e+00 -3.674345000000000194e+00 -1.176417000000000002e+01 1.538356999999999974e+00 -2.521376000000000062e+00 -7.577968000000000259e+00 -5.106260999999999939e+00 2.744367000000000001e+00
-9.455299999999999372e+00 1.161822000000000088e+01 2.262387999999999977e+01 4.725493000000000166e+00 1.740904000000000007e+00 -4.275013000000000396e+00 -1.410848000000000013e+01 8.006486999999999910e-01 2.893546000000000173e-01 -8.814894000000000673e+00 -6.224425000000000097e+00 2.722599999999999909e+00
-9.284204000000000789e+00 1.210341999999999985e+01 2.196759000000000128e+01 3.956660999999999984e+00 3.219087000000000032e+00 -3.609958999999999918e+00 -1.605802999999999869e+01 -8.061442000000000607e-02 3.510260000000000158e+00 -8.507291999999999632e+00 -8.485386999999999347e+00 3.881229999999999958e-01
-9.246209999999999596e+00 1.213377000000000017e+01 2.060869999999999891e+01 3.343086000000000002e+00 1.636347999999999914e+00 -1.388926000000000105e+00 -1.434720000000000084e+01 -1.157389999999999919e+00 9.194440999999999864e-01 -7.814744000000000135e+00 -5.754024000000000250e+00 2.505300999999999778e+00
-9.431100000000000705e+00 1.112091999999999992e+01 2.311940999999999846e+01 4.481785000000000352e+00 3.265286000000000133e+00 -3.157430000000000181e+00 -1.766161999999999921e+01 -2.231702999999999992e+00 5.702763000000000027e+00 -9.698581000000000785e+00 -6.766164999999999985e+00 1.687823999999999991e+00
-9.428758000000000195e+00 1.093148000000000053e+01 2.307065000000000055e+01 4.185005999999999560e+00 2.443242000000000136e+00 -2.666164000000000200e+00 -1.609035000000000082e+01 -1.554014999999999924e+00 1.531978000000000062e+00 -1.010635000000000083e+01 -6.275268999999999764e+00 2.334884000000000182e+00
-8.751654000000000266e+00 1.117625999999999920e+01 2.286690000000000111e+01 2.492319999999999869e+00 2.180635999999999797e+00 -5.673169999999999824e+00 -1.612454999999999927e+01 9.829480999999999913e-01 -3.924516000000000115e-01 -1.045306000000000068e+01 -6.055538000000000309e+00 1.907914000000000110e+00
-8.584198999999999913e+00 1.116891999999999996e+01 2.145056999999999903e+01 2.740915999999999908e+00 2.316241000000000216e+00 -6.320687000000000388e+00 -1.761935000000000073e+01 -7.811458000000000013e-01 -7.307451000000000363e-01 -9.525517999999999930e+00 -6.218315999999999732e+00 7.587220999999999549e-01
-8.209606000000000847e+00 1.046413000000000082e+01 2.065127000000000024e+01 4.129141999999999868e+00 4.269134000000000206e+00 -1.146627999999999936e+01 -1.968577000000000155e+01 8.839599999999999680e-01 1.896368000000000054e+00 -1.226281999999999961e+01 -6.140474000000000210e+00 6.443052000000000223e-01
-7.532502000000000031e+00 9.872208999999999790e+00 1.894521999999999906e+01 2.246284999999999865e+00 4.682494000000000156e+00 -1.229229999999999912e+01 -2.166235999999999962e+01 4.099954999999999572e+00 3.748679000000000094e+00 -8.192873999999999768e+00 -7.474033999999999622e+00 -1.481057999999999986e+00
-6.400786000000000087e+00 9.469131000000000853e+00 1.719330000000000069e+01 2.625929000000000180e+00 4.233221999999999596e+00 -1.509542000000000073e+01 -2.097697000000000145e+01 6.743744000000000405e+00 3.806327000000000016e+00 -5.951649999999999885e+00 -7.287804999999999644e+00 -1.169062999999999963e+00
-7.148932000000000286e+00 1.081206000000000067e+01 1.825131999999999977e+01 -8.509208999999999801e-01 4.153915999999999720e+00 -1.619990999999999914e+01 -2.204872999999999905e+01 7.871582000000000079e+00 6.102026000000000394e+00 -4.336890000000000356e+00 -7.488222999999999629e+00 -1.155388999999999999e+00
-6.695490000000000386e+00 9.473295999999999495e+00 1.689614999999999867e+01 7.328299000000000341e-01 4.475626000000000104e+00 -1.697881999999999891e+01 -2.264893999999999963e+01 4.806532999999999944e+00 9.896559999999999135e+00 -1.353720999999999952e-01 -8.995399000000000811e+00 1.568105000000000082e+00
-6.979655000000000165e+00 1.043041000000000018e+01 1.575548000000000037e+01 -2.699328999999999756e-01 5.215933999999999848e+00 -1.614626000000000161e+01 -2.240804999999999936e+01 4.356830999999999676e+00 1.004435999999999929e+01 8.932263000000000286e-01 -9.366873000000000005e+00 1.411270000000000024e+00
-6.982127000000000194e+00 1.063372999999999990e+01 1.692177999999999827e+01 -1.339266999999999985e+00 4.960061999999999749e+00 -1.614782999999999902e+01 -2.044202999999999903e+01 2.221642999999999812e+00 1.220814999999999984e+01 -8.477749999999999453e-01 -1.084528000000000070e+01 1.985867000000000049e+00
-7.021421000000000134e+00 1.164082999999999934e+01 1.633780000000000143e+01 -1.349974999999999925e+00 5.679795000000000371e+00 -1.540268999999999977e+01 -2.270955999999999975e+01 2.230825999999999976e+00 1.129219999999999935e+01 6.321501999999999954e-01 -9.492404999999999760e+00 2.114237000000000144e+00
-6.508778999999999648e+00 1.154819999999999958e+01 1.569969000000000037e+01 -1.384657000000000027e+00 5.555973999999999968e+00 -1.592117000000000004e+01 -2.249694999999999823e+01 3.050724999999999909e+00 1.277276999999999951e+01 -9.536612999999999341e-02 -1.052582999999999913e+01 2.882503999999999955e+00
-6.973930000000000184e+00 1.134784999999999933e+01 1.688830000000000098e+01 -1.871374000000000093e+00 5.802306999999999881e+00 -1.662181999999999960e+01 -2.136612999999999829e+01 3.590681000000000012e+00 1.084928999999999988e+01 4.573092000000000268e-01 -9.923787000000000802e+00 3.153011999999999926e+00
-6.485098999999999947e+00 1.056687999999999938e+01 1.544716999999999985e+01 -1.549455999999999944e+00 4.947155999999999665e+00 -1.468346000000000018e+01 -2.291594999999999871e+01 4.265009000000000050e+00 1.213058000000000014e+01 8.434411000000000547e-01 -1.076783000000000001e+01 2.327815000000000190e+00
-6.812981999999999871e+00 1.215043000000000006e+01 1.680894999999999939e+01 -1.920720999999999901e+00 5.510523000000000060e+00 -1.468999999999999950e+01 -2.450647999999999982e+01 6.193037999999999599e+00 1.154888000000000048e+01 -3.150933999999999902e+00 -7.136455999999999911e+00 3.612353999999999843e+00
-6.739597999999999978e+00 1.270982000000000056e+01 1.725901999999999958e+01 -1.277584000000000053e+00 2.308011000000000035e+00 -1.553956999999999944e+01 -1.997391000000000005e+01 4.458059000000000438e+00 1.071762000000000015e+01 -2.085683000000000120e-01 -9.513688000000000144e+00 2.306420000000000137e+00
-6.532460000000000377e+00 1.211670999999999943e+01 1.571663000000000032e+01 -1.250583000000000000e+00 3.454197000000000184e+00 -1.451751999999999931e+01 -2.062480000000000047e+01 4.372060000000000279e+00 9.099221000000000004e+00 1.739575000000000093e+00 -6.848144999999999705e+00 1.384759000000000073e+00
-6.359020000000000117e+00 1.081503999999999976e+01 1.489997999999999934e+01 3.133827000000000140e-01 2.502908000000000133e+00 -1.322039000000000009e+01 -2.094123000000000090e+01 1.798815999999999971e+00 1.072212999999999994e+01 -4.263785999999999965e-01 -6.785281000000000340e+00 2.564461999999999797e+00
-6.463630000000000209e+00 9.720656999999999215e+00 1.462472999999999956e+01 -2.771487000000000256e-01 4.441398000000000401e+00 -1.328922000000000025e+01 -2.442504999999999882e+01 5.897642000000000273e+00 1.064455000000000062e+01 -1.187381000000000020e+00 -7.378849999999999909e+00 1.605914999999999981e-01
-7.529378999999999600e+00 6.115172000000000274e+00 1.412176000000000009e+01 1.538904000000000050e+00 6.267851000000000283e+00 -1.527679999999999971e+01 -2.376016999999999868e+01 4.601613999999999649e+00 1.129006000000000043e+01 -2.415713000000000221e+00 -8.855480999999999270e+00 3.319427999999999823e+00
-8.700129999999999697e+00 5.892805000000000071e+00 1.569059999999999988e+01 6.026430999999999649e+00 4.964177000000000284e+00 -1.498470000000000013e+01 -2.464573999999999998e+01 3.254075999999999969e+00 9.417350000000000776e+00 -1.182639999999999914e+00 -6.048640999999999934e+00 2.072563000000000155e+00
-8.964387000000000327e+00 7.641394000000000020e+00 1.524217999999999940e+01 3.758110999999999979e+00 4.382106000000000279e+00 -9.346275000000000333e+00 -2.227315000000000111e+01 3.431897000000000197e+00 1.195430999999999955e+01 -2.868818000000000090e+00 -9.159950999999999510e+00 5.330510999999999999e-01
-7.585588000000000442e+00 1.108482000000000056e+01 1.681143000000000143e+01 -1.161432999999999938e+00 -1.962774999999999936e-01 -9.330049000000000703e+00 -1.894816000000000145e+01 2.548169999999999824e+00 4.542932999999999666e+00 -2.995652000000000204e+00 -6.901354000000000433e+00 3.465422000000000224e-01
-9.050390999999999408e+00 7.283146000000000342e+00 1.612289000000000172e+01 4.962216999999999878e+00 2.519740999999999786e+00 -1.160133000000000081e+01 -2.363087000000000160e+01 3.381730999999999820e+00 6.469261999999999624e+00 -6.629381000000000412e+00 -6.069136000000000308e+00 2.114701999999999860e+00
-9.762885999999999953e+00 5.813062000000000396e+00 1.506983999999999924e+01 5.290885000000000282e+00 1.728745999999999894e+00 -1.288223999999999947e+01 -2.711718000000000117e+01 3.186890000000000001e+00 6.021841000000000221e+00 -6.016844999999999999e+00 -7.525271000000000043e+00 1.062810999999999950e+00
-1.280166000000000004e+01 5.227488000000000135e+00 1.605634999999999835e+01 7.290823999999999749e+00 3.682199999999999918e+00 -2.050316000000000027e+00 -1.724540999999999968e+01 1.155170000000000030e+00 7.853276000000000145e+00 -9.637831999999999510e+00 -9.188525999999999527e+00 -1.024971999999999994e+00
-1.012875999999999976e+01 3.695117000000000207e+00 1.870468999999999937e+01 9.794472999999999985e+00 1.714446000000000025e-01 -1.014193000000000033e+01 -2.236795000000000044e+01 3.837479000000000084e+00 1.036769999999999925e+01 -8.717693000000000580e+00 -1.105416999999999916e+01 2.257025000000000059e+00
-1.166668999999999912e+01 7.878440000000000332e+00 1.372045999999999921e+01 9.297746999999999318e+00 5.017858000000000374e+00 -4.586731999999999587e+00 -1.794696000000000069e+01 -1.929138999999999937e+00 2.342128000000000210e+00 -8.432613999999999166e+00 -7.478763999999999967e+00 2.538787999999999823e+00
-1.000475999999999921e+01 6.487899999999999778e+00 1.799590999999999852e+01 1.088312999999999953e+01 5.770697000000000187e+00 -8.721004000000000644e+00 -1.921857999999999933e+01 4.617066999999999588e+00 3.927077999999999847e+00 -1.071383999999999936e+01 -8.036072000000000770e+00 -3.438229999999999759e-02
-1.036256999999999984e+01 9.476271999999999807e+00 1.845135000000000147e+01 7.565723000000000198e+00 6.965887000000000384e+00 -3.688216000000000161e+00 -1.605461000000000027e+01 1.387410999999999950e+00 2.253401999999999905e+00 -8.611603999999999814e+00 -8.612102000000000146e+00 2.303628999999999927e+00
-1.025575000000000081e+01 9.601836999999999733e+00 2.170680000000000121e+01 8.524725999999999360e+00 6.295158999999999949e+00 -2.911665999999999865e+00 -1.508324999999999960e+01 2.796536000000000133e+00 3.696487999999999996e+00 -7.526699999999999946e+00 -8.824934999999999974e+00 7.747218999999999633e-01
-1.020254000000000083e+01 1.044866000000000028e+01 2.214654000000000167e+01 4.999227999999999561e+00 6.622292999999999985e+00 -4.469477999999999618e+00 -1.546931000000000012e+01 4.048220999999999847e+00 4.448989000000000082e+00 -8.149015999999999593e+00 -8.967021000000000797e+00 3.035245999999999889e+00
-9.960917000000000243e+00 1.232896000000000036e+01 2.138402999999999921e+01 6.235922000000000409e+00 4.665847000000000300e+00 -8.426976000000000466e-01 -1.080183000000000071e+01 2.964055000000000106e+00 1.824723000000000095e+00 -8.932541000000000508e+00 -7.032600999999999658e+00 2.015912999999999844e+00
-9.390895000000000437e+00 1.249023000000000039e+01 2.099595000000000056e+01 8.866428000000000864e+00 3.748412000000000077e+00 -6.309588000000000418e-01 -1.079686000000000057e+01 5.563137999999999694e-01 2.535471999999999948e+00 -7.797851999999999784e+00 -4.570039000000000406e+00 2.300930999999999838e+00
-9.567847999999999686e+00 1.335172999999999988e+01 2.177994999999999948e+01 8.285208000000000794e+00 4.331418000000000212e+00 -7.644406999999999730e-01 -9.494778000000000162e+00 2.332724999999999937e+00 1.093336000000000086e+00 -7.836376999999999704e+00 -5.086750999999999578e+00 4.072254000000000040e+00
-9.841084000000000387e+00 1.349812999999999974e+01 2.087403000000000119e+01 8.609453000000000245e+00 6.497349999999999959e+00 1.416654999999999998e-01 -8.892692999999999515e+00 1.631297999999999915e+00 -9.530319999999999903e-01 -7.834598999999999869e+00 -2.022342999999999780e+00 1.796753000000000045e+00
-9.707978000000000662e+00 1.383455000000000013e+01 2.066076999999999941e+01 8.389487000000000805e+00 7.506622000000000128e+00 -2.812887000000000026e-01 -1.025165999999999933e+01 1.744394999999999918e+00 7.726876000000000577e-02 -7.282516000000000211e+00 -3.739396999999999860e+00 2.586136999999999908e+00
-9.670636000000000010e+00 1.306945999999999941e+01 2.182623999999999853e+01 7.773818000000000339e+00 4.265206000000000053e+00 1.733347000000000082e-01 -9.394999999999999574e+00 1.606214999999999948e+00 3.269705999999999779e+00 -8.025738000000000483e+00 -4.080916000000000210e+00 1.562059000000000086e+00
-9.342492999999999270e+00 1.371315000000000062e+01 2.001274000000000086e+01 8.306157000000000679e+00 4.461598000000000397e+00 -9.023719000000000046e-01 -6.747008000000000116e+00 -6.082524999999999737e-01 2.829639999999999933e+00 -6.611896999999999913e+00 -5.210116000000000192e+00 1.659081000000000028e+00
-9.459854999999999237e+00 1.305775000000000041e+01 2.124434000000000111e+01 8.546606000000000591e+00 4.671458000000000332e+00 -1.638092000000000104e+00 -8.506947999999999510e+00 4.945022000000000029e-01 1.013625999999999916e+00 -5.702427000000000135e+00 -3.753585999999999867e+00 1.019368999999999970e+00
-9.439816999999999680e+00 1.208497000000000021e+01 2.193204000000000065e+01 7.442356000000000193e+00 3.789934999999999832e+00 -6.222148999999999736e-02 -9.200108000000000175e+00 1.123143999999999920e+00 2.524795999999999818e+00 -7.737398999999999916e+00 -8.339162999999999215e+00 1.582152000000000003e+00
-9.203274000000000399e+00 1.233986999999999945e+01 2.203783999999999921e+01 6.680973999999999968e+00 2.440809999999999924e+00 -2.021786999999999779e+00 -8.379816999999999183e+00 2.289277999999999924e+00 3.163663999999999810e+00 -9.219397999999999982e+00 -7.187299999999999578e+00 5.218884000000000301e-01
-8.546727000000000629e+00 1.148353000000000002e+01 2.138031000000000148e+01 6.895818000000000225e+00 3.711752000000000162e+00 -7.934925999999999924e-01 -1.169516999999999918e+01 1.453254000000000046e+00 2.234424000000000188e+00 -9.011366999999999905e+00 -6.717883999999999745e+00 -2.600532999999999872e-01
-8.642620000000000857e+00 1.156663999999999959e+01 2.159892999999999930e+01 6.044819000000000386e+00 5.100342999999999627e+00 -3.837401999999999980e+00 -1.847506999999999877e+01 1.532534000000000063e+00 8.219326000000000576e+00 -9.662131000000000469e+00 -9.930683999999999401e+00 1.192204000000000041e+00
-8.090813999999999950e+00 1.046592000000000056e+01 2.155388999999999911e+01 4.453387000000000207e+00 5.219862000000000002e+00 -9.568483000000000516e+00 -1.908462000000000103e+01 4.302410000000000068e+00 5.884483000000000352e+00 -8.049445000000000405e+00 -9.144579999999999487e+00 1.966890000000000027e+00
-7.265512000000000192e+00 9.618301000000000656e+00 1.928163999999999945e+01 2.489294000000000118e+00 5.730857000000000312e+00 -1.067481000000000080e+01 -2.019584000000000046e+01 2.212908999999999793e+00 7.923497000000000234e+00 -5.061145999999999923e+00 -9.876490999999999687e+00 1.725591000000000097e+00
-7.351385999999999754e+00 1.004776000000000025e+01 1.890266000000000091e+01 1.361768000000000089e+00 5.341438000000000130e+00 -1.367684999999999995e+01 -2.315902000000000172e+01 4.514719000000000371e+00 9.335979000000000028e+00 -2.213312999999999864e+00 -8.431784999999999641e+00 3.600303999999999727e-01
-6.511510999999999605e+00 1.042365999999999993e+01 1.746029000000000053e+01 1.340818999999999983e+00 2.954797999999999814e+00 -1.477218000000000053e+01 -2.421865000000000023e+01 4.668128000000000277e+00 1.165089000000000041e+01 -3.117151999999999923e+00 -9.569262000000000157e+00 1.222064000000000039e+00
-5.966340999999999894e+00 1.044904999999999973e+01 1.591005000000000003e+01 -1.366036000000000028e+00 3.478511999999999826e+00 -1.349258999999999986e+01 -2.338281999999999883e+01 2.039343999999999824e+00 1.056010000000000026e+01 -1.203680000000000083e+00 -8.889967999999999648e+00 2.472742999999999913e+00
-6.125207999999999764e+00 9.076764000000000721e+00 1.716685000000000016e+01 -2.290356000000000058e+00 2.485700000000000021e+00 -1.188610000000000078e+01 -2.579861999999999966e+01 8.037841000000000014e-01 1.302542000000000044e+01 -1.780952000000000091e+00 -5.244405999999999679e+00 1.136856000000000089e+00
-6.233462000000000280e+00 9.148770000000000735e+00 1.692508000000000123e+01 -2.335977999999999888e+00 2.348786000000000040e+00 -1.232685000000000031e+01 -2.381767999999999930e+01 1.583372000000000002e+00 1.029368999999999978e+01 1.881226000000000065e+00 -4.036181000000000019e+00 -2.920529000000000042e-01
-6.308016000000000290e+00 9.785721000000000558e+00 1.720983999999999980e+01 -4.371065999999999896e+00 1.553115000000000023e+00 -1.054133000000000031e+01 -2.014705000000000013e+01 1.572845999999999966e+00 9.988842999999999250e+00 -1.447569000000000106e+00 -5.832062999999999775e+00 4.278389999999999915e+00
-6.235282999999999909e+00 9.893433999999999173e+00 1.532896999999999998e+01 -2.953742999999999785e+00 2.126581999999999972e+00 -1.019505999999999979e+01 -2.102918999999999983e+01 2.327798000000000034e+00 9.200756000000000157e+00 5.699186000000000529e-01 -4.150481000000000087e+00 2.191537999999999986e+00
-6.974840999999999624e+00 9.345945000000000391e+00 1.542319999999999958e+01 -4.159246999999999694e+00 2.999127000000000098e+00 -9.811629999999999185e+00 -2.240556000000000125e+01 1.636673000000000044e+00 9.553995999999999711e+00 4.216389999999999638e+00 -3.869658999999999960e+00 7.750939000000000023e-01
-6.985380000000000145e+00 8.573313999999999879e+00 1.448338999999999999e+01 -4.231637000000000093e+00 5.200222000000000122e+00 -1.051803999999999917e+01 -2.175841000000000136e+01 2.513233000000000050e+00 8.048755999999999133e+00 3.515840999999999994e+00 -3.712202000000000002e+00 -2.862855000000000261e-01
-6.879598999999999798e+00 5.311594999999999622e+00 1.328815999999999953e+01 -4.319392000000000231e-01 5.411391000000000062e+00 -1.043612000000000073e+01 -2.385622000000000043e+01 2.235752999999999879e+00 1.125305000000000000e+01 -5.871249000000000259e-03 -3.375017999999999851e+00 2.972176999999999847e+00
-9.066916000000000864e+00 8.348896000000000095e-01 1.688541000000000025e+01 -1.798051999999999984e+00 7.422265999999999586e+00 -9.021470000000000766e+00 -2.477598000000000056e+01 3.771635999999999989e+00 1.113681000000000054e+01 1.440771000000000135e-01 -3.454633999999999983e+00 3.181849000000000149e+00
-8.003638000000000474e+00 4.239828000000000152e+00 1.419614999999999938e+01 -1.251514999999999989e-01 4.936682000000000237e+00 -1.042878999999999934e+01 -2.263154000000000110e+01 2.261954999999999938e+00 1.077645000000000053e+01 4.451591999999999771e-01 -3.582727999999999913e+00 3.101850000000000218e+00
-6.239056999999999853e+00 8.149209000000000813e+00 1.270378000000000007e+01 -2.315262999999999904e-01 1.692272999999999916e+00 -1.160945000000000071e+01 -2.196821999999999875e+01 3.034600000000000186e+00 8.572801999999999367e+00 6.505233000000000265e-01 -3.523016000000000147e+00 2.568691000000000169e-01
-7.313784000000000063e+00 9.725815000000000765e+00 1.177759999999999962e+01 2.025155999999999956e+00 3.217216000000000076e+00 -1.081509999999999927e+01 -2.098660999999999888e+01 2.628794000000000075e+00 7.788037000000000099e+00 -4.803125999999999785e-01 1.770626000000000033e+00 4.278762000000000398e+00
-7.301813000000000109e+00 8.810162000000000049e+00 1.134200000000000053e+01 -3.323843999999999799e+00 -1.500138999999999889e+00 -6.800436999999999621e+00 -2.078425000000000011e+01 -8.498999999999999888e-01 9.024017999999999873e+00 -1.182047000000000070e+00 -3.303679999999999950e+00 2.881946000000000119e+00
-8.683605000000000018e+00 8.697687999999999420e+00 8.194000000000000838e+00 -1.132103999999999999e+00 -3.332577000000000123e+00 -6.222277000000000058e+00 -2.065183999999999997e+01 -2.725076000000000054e+00 1.045523999999999987e+01 -3.718520000000000159e-01 -1.316721999999999893e-01 3.815979000000000010e+00
-1.285538999999999987e+01 6.520234000000000307e+00 -1.137999999999999901e+00 7.044323000000000112e-01 -3.559644000000000030e+00 -7.907812999999999981e+00 -1.023301000000000016e+01 -2.598988999999999994e+00 2.983130000000000059e+00 1.134447999999999901e+00 1.860489000000000059e+00 4.615035999999999916e+00
-1.449311999999999934e+01 4.737129000000000367e+00 -1.537647999999999904e+00 1.145294000000000034e+00 -4.750906999999999769e+00 -7.687174999999999869e+00 -1.169237000000000037e+01 -6.587181000000000175e+00 1.898028000000000048e+00 -1.221163999999999916e+00 1.475023999999999891e+00 4.278389999999999915e+00
