-1.120637999999999934e+01 5.677329000000000292e+00 2.238248000000000104e+01 1.673198000000000008e+01 8.009332999999999814e+00 -1.368558999999999948e+01 -1.329672000000000054e+01 9.164789999999999992e+00 -7.773246000000000322e+00 -9.792683000000000249e+00 2.404977999999999838e+00 -3.433171000000000195e+00
-9.815346999999999156e+00 5.639317000000000135e+00 2.302881999999999962e+01 1.449699000000000026e+01 5.236826999999999899e+00 -2.038174000000000063e+01 -1.293608000000000047e+01 1.246448000000000000e+01 -7.105116999999999905e+00 -6.374873000000000012e+00 6.851475000000000204e-01 -2.964573000000000125e+00
-9.934563999999999950e+00 4.249798000000000187e+00 2.276848999999999990e+01 1.284984000000000037e+01 5.811011999999999844e+00 -1.655223000000000155e+01 -8.810995000000000132e+00 1.325094999999999956e+01 -9.714029999999999276e+00 -1.081464000000000070e+01 -4.520286000000000026e-01 -3.178201000000000054e+00
-8.965769999999999129e+00 6.760253999999999763e+00 2.047472000000000136e+01 1.319322000000000017e+01 6.982333999999999818e+00 -1.565872000000000064e+01 -1.047579999999999956e+01 1.156823999999999941e+01 -8.223058999999999230e+00 -8.534471999999999170e+00 -7.296993000000000229e-02 -2.285153000000000212e+00
-8.664792999999999523e+00 1.140577000000000041e+01 1.996265000000000001e+01 1.113428000000000040e+01 6.592541999999999902e+00 -1.257601000000000013e+01 -1.004776999999999987e+01 8.605420999999999765e+00 -7.569541000000000075e+00 -1.060172000000000025e+01 3.962425999999999782e+00 -2.309914999999999885e-01
-8.989511000000000251e+00 1.157529000000000075e+01 2.297652000000000072e+01 9.992805000000000604e+00 3.633697999999999873e+00 -1.084055000000000035e+01 -7.783935999999999744e+00 6.134269999999999889e+00 -9.366213000000000122e+00 -7.010392000000000401e+00 3.583861000000000185e+00 -1.109075000000000033e+00
-9.127363000000000781e+00 1.200758000000000081e+01 2.123539999999999850e+01 7.984162999999999677e+00 7.429700999999999667e+00 -1.221532999999999980e+01 -9.637662000000000617e+00 6.478699999999999903e+00 -8.121349000000000373e+00 -6.887019999999999698e+00 1.316418000000000088e+00 -1.501724000000000059e+00
-8.700276999999999816e+00 1.198010999999999981e+01 2.035997000000000057e+01 7.570027999999999757e+00 6.154900999999999733e+00 -1.210868999999999929e+01 -7.093135000000000190e+00 6.008066999999999602e+00 -7.184764999999999624e+00 -6.598062999999999789e+00 -1.576372000000000106e+00 -3.810177000000000147e-01
-9.102600999999999942e+00 1.219264000000000081e+01 2.181225999999999843e+01 8.750398999999999816e+00 5.071106000000000336e+00 -1.215433999999999948e+01 -8.614186999999999372e+00 8.124271000000000242e+00 -6.228411999999999615e+00 -6.925500999999999685e+00 -1.544783999999999935e+00 -3.419888999999999957e+00
-9.272107999999999350e+00 1.248536000000000001e+01 2.058165999999999940e+01 9.412345000000000184e+00 6.760595999999999606e+00 -1.427941000000000038e+01 -6.686255000000000059e+00 9.126666000000000167e+00 -1.050248999999999988e+01 -5.674752999999999936e+00 2.791893999999999765e-01 -4.306765000000000398e+00
-9.699960000000000804e+00 1.162134999999999962e+01 2.129433999999999827e+01 8.883860999999999564e+00 9.172874000000000194e+00 -1.495512000000000086e+01 -8.987728999999999857e+00 8.070372000000000767e+00 -8.528472999999999971e+00 -4.619208000000000425e+00 -1.539146999999999876e-01 -1.102527999999999953e+00
-9.992513000000000645e+00 1.154227999999999987e+01 2.139659999999999940e+01 8.719547000000000381e+00 7.183455000000000368e+00 -1.341760000000000019e+01 -8.040252999999999872e+00 1.039329999999999998e+01 -8.604110000000000369e+00 -6.348519999999999719e+00 2.058000999999999969e+00 -4.268228999999999829e+00
-9.911842999999999293e+00 1.110528000000000048e+01 1.922420999999999935e+01 9.218187000000000353e+00 7.243363000000000440e+00 -1.263908999999999949e+01 -6.210544999999999760e+00 9.546029000000000764e+00 -9.175687999999999178e+00 -5.890012999999999721e+00 -3.518347000000000002e-01 -2.458562000000000136e+00
-1.014057999999999993e+01 1.076650000000000063e+01 2.161946000000000012e+01 7.886917000000000399e+00 6.716249000000000358e+00 -1.357860999999999940e+01 -7.279188999999999687e+00 1.008305000000000007e+01 -9.404605000000000103e+00 -5.935257000000000005e+00 1.867731999999999948e+00 -3.082797999999999927e+00
-9.908524999999999139e+00 1.101953999999999922e+01 2.026473999999999975e+01 6.513395000000000046e+00 7.952147000000000077e+00 -1.325660000000000061e+01 -7.635881000000000363e+00 9.099059000000000452e+00 -1.094914999999999949e+01 -5.727693999999999619e+00 2.202082999999999957e-01 -2.038413999999999948e+00
-9.945029999999999148e+00 1.104312999999999967e+01 2.143484000000000123e+01 8.508288000000000295e+00 8.356721999999999539e+00 -1.520707999999999949e+01 -1.189719000000000015e+01 7.576075999999999588e+00 -7.797598999999999947e+00 -5.543451000000000128e+00 -2.694092000000000153e-01 -2.030370000000000008e+00
-9.633587000000000344e+00 1.050402000000000058e+01 2.180758000000000152e+01 8.916052999999999784e+00 6.164236999999999966e+00 -1.550712000000000046e+01 -1.244388000000000005e+01 1.026577999999999946e+01 -8.323335999999999402e+00 -9.312720000000000553e+00 -2.007995999999999892e+00 -1.500976000000000088e+00
-8.981341999999999715e+00 9.111449000000000353e+00 2.119051999999999936e+01 9.096125999999999934e+00 6.217143000000000086e+00 -1.636579000000000050e+01 -1.415135000000000076e+01 8.586358999999999853e+00 -9.288857000000000141e+00 -8.404802000000000106e+00 -6.408175999999999872e-01 -1.406390999999999891e-01
-8.917265999999999693e+00 8.695814999999999628e+00 2.172522999999999982e+01 8.912027999999999395e+00 8.160659000000000773e+00 -2.046293999999999969e+01 -1.821764999999999901e+01 9.165775999999999257e+00 -7.040939999999999976e+00 -8.565257000000000787e+00 -2.157792999999999850e+00 -3.210564000000000195e+00
-8.075602999999999199e+00 7.641189999999999927e+00 1.982057999999999964e+01 6.895338999999999885e+00 8.793585999999999459e+00 -1.962099999999999866e+01 -2.103604999999999947e+01 1.143579000000000079e+01 -5.391530999999999629e+00 -8.490159999999999485e+00 -2.383106000000000169e+00 -6.031317999999999735e+00
-7.190031000000000283e+00 7.961933000000000149e+00 1.789407999999999888e+01 5.638512000000000413e+00 6.399201999999999835e+00 -1.990292000000000172e+01 -2.029399000000000086e+01 1.197314000000000078e+01 -1.764666000000000068e+00 -5.483747000000000149e+00 -1.861159999999999926e+00 -7.013221999999999845e+00
-6.783112000000000030e+00 8.196664000000000172e+00 1.510540999999999912e+01 6.867841000000000307e+00 7.600477999999999845e+00 -2.251134000000000057e+01 -2.048542000000000129e+01 8.831533999999999551e+00 1.872911999999999910e-01 -4.300398999999999639e+00 -5.231021999999999617e-01 -5.113014999999999866e+00
-7.159397000000000233e+00 8.317636000000000251e+00 1.706429999999999936e+01 3.727451999999999988e+00 7.709791000000000061e+00 -1.959415999999999869e+01 -2.219539999999999935e+01 8.838435999999999737e+00 5.177442000000000155e-02 -4.382958000000000354e+00 1.146632000000000096e+00 -3.698055000000000092e+00
-7.317927000000000071e+00 9.092582999999999416e+00 1.799476999999999904e+01 3.519210999999999867e+00 7.815214000000000105e+00 -2.000153999999999854e+01 -2.396094000000000079e+01 9.420154999999999390e+00 3.191008000000000067e+00 -3.377555999999999781e+00 2.419252000000000069e-01 -5.226751000000000147e+00
-7.134634000000000142e+00 7.950280000000000236e+00 1.689140000000000086e+01 3.057793000000000205e+00 7.907410999999999746e+00 -1.943804000000000087e+01 -2.405056000000000083e+01 1.109858999999999973e+01 2.720854000000000106e+00 -4.244659999999999656e+00 8.569084000000000145e-01 -4.271596999999999866e+00
-7.235471000000000430e+00 8.203046000000000504e+00 1.752642000000000166e+01 3.042031999999999847e+00 6.506180999999999770e+00 -1.906203000000000003e+01 -2.533931000000000111e+01 1.107460000000000022e+01 5.464711000000000318e+00 -4.563935999999999993e+00 1.999266999999999905e+00 -5.293533000000000044e+00
-7.606139999999999901e+00 8.862012999999999252e+00 1.735039000000000087e+01 2.728832000000000146e+00 7.061692999999999998e+00 -2.079923000000000144e+01 -2.377236999999999867e+01 1.143678000000000061e+01 5.138668000000000013e+00 -4.007244000000000028e+00 5.262191999999999981e-01 -3.554015000000000146e+00
-8.054669000000000523e+00 9.289578000000000557e+00 1.810132000000000119e+01 2.801264000000000198e+00 8.557064999999999699e+00 -2.028485999999999834e+01 -2.374440999999999846e+01 9.137183000000000277e+00 4.908604999999999663e+00 -8.996146999999999894e-01 -3.523282999999999832e-01 -3.689076000000000022e+00
-7.284229999999999983e+00 9.913031000000000148e+00 1.709669999999999845e+01 4.012150000000000105e+00 6.765265000000000306e+00 -1.822983999999999938e+01 -2.258113000000000170e+01 7.144553000000000154e+00 3.948240999999999890e+00 -3.089297999999999877e+00 2.261843999999999966e+00 -2.666390999999999956e+00
-7.216834999999999667e+00 9.136699000000000126e+00 1.653427999999999898e+01 4.997021000000000157e+00 7.922582000000000235e+00 -2.016673000000000116e+01 -2.499551999999999907e+01 1.154523000000000010e+01 4.110115999999999659e+00 -4.578395000000000437e+00 3.125585000000000058e+00 -3.598161999999999860e+00
-7.765691000000000344e+00 9.846994999999999720e+00 1.733751000000000175e+01 1.661469000000000085e+00 7.557298000000000293e+00 -1.866963000000000150e+01 -2.177058999999999855e+01 1.091750000000000043e+01 3.421644000000000130e+00 -3.496264000000000038e+00 2.293432000000000137e+00 -2.385606999999999811e+00
-7.670215999999999923e+00 1.013222000000000023e+01 1.584891999999999967e+01 1.045126999999999917e+00 8.824707000000000079e+00 -1.817687000000000097e+01 -2.116403000000000034e+01 1.041662999999999961e+01 3.802696000000000076e+00 -2.419262999999999941e+00 1.851938000000000084e+00 -2.031305999999999834e+00
-7.469564000000000092e+00 9.832845000000000724e+00 1.582354999999999912e+01 6.648602000000000123e-01 7.589197000000000415e+00 -1.773115999999999914e+01 -1.944761000000000095e+01 8.532130999999999688e+00 5.059306000000000303e+00 -4.253756000000000093e+00 2.026907000000000014e+00 -1.222811000000000092e+00
-7.286016000000000048e+00 7.648404000000000202e+00 1.577555000000000085e+01 5.350865999999999678e-01 8.457477000000000800e+00 -1.788136000000000081e+01 -2.298764999999999858e+01 1.188143999999999956e+01 3.714166000000000079e+00 -4.683810000000000251e+00 2.200642000000000209e+00 -1.809633000000000047e+00
-7.543851000000000084e+00 7.051587999999999745e+00 1.485600999999999949e+01 1.103474999999999984e+00 8.723952000000000595e+00 -1.818419000000000096e+01 -2.440760999999999825e+01 1.043964000000000070e+01 4.926654000000000089e+00 -3.879440999999999917e+00 9.309433999999999765e-01 -2.189188000000000134e+00
-7.821341999999999572e+00 8.891147000000000133e+00 1.391305000000000014e+01 2.067960000000000076e-01 9.915891999999999484e+00 -1.698958000000000013e+01 -2.307905999999999835e+01 6.943417000000000172e+00 4.687708999999999904e+00 -4.584458999999999840e+00 -1.244941999999999993e+00 -1.867062999999999917e+00
-8.015867000000000075e+00 1.046017999999999937e+01 1.468467000000000056e+01 2.480419000000000096e-01 7.759585000000000399e+00 -1.568903000000000070e+01 -2.224773000000000067e+01 6.265731999999999857e+00 2.838319999999999954e+00 -3.843758999999999926e+00 -1.520351999999999926e+00 -1.452712999999999921e+00
-9.984344000000000108e+00 7.114570999999999756e+00 1.514443999999999946e+01 3.879693000000000058e+00 9.680149000000000115e+00 -1.420658000000000065e+01 -2.196380999999999872e+01 7.462032999999999916e+00 2.352122000000000046e+00 -5.884415999999999869e+00 -1.021851000000000065e+00 -3.269559000000000215e-01
-1.028914999999999935e+01 2.152756000000000114e+00 1.778284000000000020e+01 6.051307000000000436e+00 4.522596000000000060e+00 -1.714848999999999890e+01 -2.418713999999999942e+01 9.566404999999999603e+00 3.672336000000000045e+00 -8.327140999999999238e+00 -2.113618999999999915e+00 -2.470346999999999849e+00
-1.319195999999999991e+01 5.376007000000000424e+00 6.560255999999999865e+00 2.484039000000000108e+00 6.873020999999999603e+00 -1.028960000000000008e+01 -1.938701999999999970e+01 1.872282999999999920e+00 -4.866367999999999583e+00 -6.078452999999999662e+00 4.724205000000000210e-01 4.085838999999999999e-01
-1.478466000000000058e+01 5.674831000000000181e+00 3.747778999999999971e+00 1.061962999999999935e-01 3.238459999999999894e+00 -7.665154000000000245e+00 -1.912747999999999848e+01 -4.091146000000000171e+00 -5.076375999999999777e+00 -4.708997000000000099e+00 1.748536000000000090e+00 1.105774999999999952e+00
-1.708805999999999869e+01 4.252017000000000380e+00 3.213073000000000068e+00 1.687624000000000013e+00 2.880565999999999960e+00 -8.811322999999999794e+00 -1.762113000000000085e+01 -2.024897999999999865e+00 3.402847999999999984e-01 2.097703000000000095e+00 4.075699000000000183e+00 -1.138257000000000074e+00
-1.567176000000000080e+01 5.862671999999999883e+00 3.083884999999999987e+00 2.078286999999999995e+00 2.720680999999999905e+00 -7.557820000000000427e+00 -1.855246999999999957e+01 -7.176552000000000042e+00 -1.954045999999999950e+00 -8.941541000000000072e-02 1.525444000000000022e+00 -9.670925000000000216e-01
-1.325425000000000075e+01 6.721964999999999968e+00 1.294668000000000063e+01 1.231833999999999918e+01 8.391733000000000331e+00 -4.197373999999999938e+00 -1.363155000000000072e+01 2.030693999999999999e+00 -3.595432000000000183e+00 -4.680545000000000400e+00 2.304537999999999975e+00 2.078514000000000195e+00
-1.258029999999999937e+01 3.577789999999999804e+00 2.442372999999999905e+01 1.163325000000000031e+01 5.530143999999999949e+00 -1.038682999999999979e+01 -1.627035000000000053e+01 1.126619999999999955e+01 -3.227273999999999976e+00 -1.001540999999999926e+01 -6.451571000000000389e+00 -1.307363999999999971e+00
-1.283813999999999922e+01 4.929573999999999678e+00 2.551812999999999931e+01 1.211814000000000036e+01 7.865396999999999750e+00 -1.220974999999999966e+01 -1.386204999999999998e+01 8.855527000000000371e+00 -5.316467000000000276e+00 -1.105649000000000015e+01 -5.260842000000000240e+00 1.973943999999999921e+00
-1.104656999999999911e+01 6.763307000000000180e+00 2.213504000000000005e+01 1.206784000000000034e+01 7.871621000000000201e+00 -9.791961000000000581e+00 -1.234637999999999991e+01 5.914400999999999797e+00 -5.043714999999999726e+00 -1.047391000000000005e+01 -5.115241000000000149e+00 -4.037226000000000009e-02
-9.819941999999999283e+00 1.060890000000000022e+01 1.906106000000000122e+01 1.143573999999999913e+01 8.136540000000000106e+00 -7.205153000000000141e+00 -1.037865000000000038e+01 7.503771999999999665e+00 -6.969885999999999804e+00 -9.275404999999999234e+00 -4.213988999999999763e+00 -1.552605999999999931e+00
-1.012678999999999974e+01 1.019382000000000055e+01 2.134937000000000040e+01 9.826480000000000103e+00 6.811168000000000333e+00 -6.212665999999999578e+00 -1.071311999999999998e+01 7.179062000000000054e+00 -4.946589000000000347e+00 -1.074910999999999994e+01 -9.912495000000000056e-01 -1.625936000000000048e+00
-1.049949999999999939e+01 1.132751999999999981e+01 2.204253999999999891e+01 1.059238000000000035e+01 6.592541999999999902e+00 -7.218744000000000050e+00 -7.860293000000000418e+00 7.899142999999999581e+00 -4.770961999999999925e+00 -8.381714000000000553e+00 -3.540518000000000054e+00 7.548413000000000483e-01
-1.059165999999999919e+01 1.305277000000000065e+01 2.238444000000000145e+01 1.093744000000000050e+01 3.593630000000000102e+00 -4.233267999999999809e+00 -2.964462000000000153e+00 1.746407999999999960e+00 -5.746796999999999933e+00 -7.712379000000000318e+00 -2.508964999999999890e+00 3.393581000000000181e+00
-1.096513999999999989e+01 1.293511999999999951e+01 2.220411999999999964e+01 1.070571999999999946e+01 5.404880999999999602e+00 -2.594339999999999868e+00 -2.287282999999999955e+00 1.547573000000000087e+00 -8.616142999999999219e+00 -9.006038999999999461e+00 -7.506361000000000283e-01 2.700692000000000093e+00
-1.033765000000000001e+01 1.047072999999999965e+01 1.969801999999999964e+01 1.490307999999999922e+01 7.809378999999999849e+00 -2.321476000000000095e+00 -3.007838000000000012e+00 2.667955000000000076e+00 -1.031827000000000005e+01 -8.979684999999999917e+00 -7.950570000000000137e-01 1.226618999999999904e+00
-1.092249999999999943e+01 1.083169999999999966e+01 2.105470000000000041e+01 1.250009000000000015e+01 8.857772999999999897e+00 -3.275630000000000042e+00 -5.450198000000000320e+00 3.179012000000000171e+00 -7.954030999999999629e+00 -5.364573000000000036e+00 1.029864000000000057e-01 -2.286836000000000091e+00
-1.178076000000000079e+01 1.058088000000000051e+01 2.301359000000000066e+01 1.375456999999999930e+01 8.971365000000000478e+00 -3.646069999999999922e+00 -6.434955999999999676e+00 3.905666000000000082e+00 -7.485594999999999999e+00 -6.293247000000000035e+00 -1.508507000000000042e+00 -1.511638999999999955e+00
-1.151782000000000039e+01 1.089052000000000042e+01 2.171585999999999927e+01 1.291657000000000011e+01 9.249511000000000038e+00 -3.769782000000000188e+00 -5.315407000000000437e+00 4.080839000000000105e+00 -4.501361000000000168e+00 -7.893822000000000116e+00 -3.013882999999999868e+00 -2.132134000000000196e+00
-1.138200999999999929e+01 1.035557999999999979e+01 2.105274000000000001e+01 1.360567999999999955e+01 8.226013000000000019e+00 -3.970161000000000051e+00 -3.837015000000000065e+00 4.169903999999999833e+00 -4.882412000000000418e+00 -6.349918999999999869e+00 -3.628865999999999925e+00 -3.739771000000000178e+00
-1.185427999999999926e+01 9.697722000000000619e+00 2.257178000000000040e+01 1.382967999999999975e+01 7.286542999999999992e+00 -4.870299000000000156e+00 -4.700605000000000366e+00 4.723358000000000168e+00 -5.931593000000000337e+00 -6.100375999999999799e+00 -1.194104999999999972e+00 -3.050997000000000181e+00
-1.130491999999999919e+01 9.314550000000000551e+00 2.189383000000000123e+01 1.248733999999999966e+01 8.572236000000000189e+00 -6.964698000000000278e+00 -5.837360999999999578e+00 8.068728000000000122e+00 -6.702577999999999925e+00 -7.200698000000000043e+00 -2.929235999999999951e+00 -9.414645999999999848e-01
-1.075989000000000040e+01 8.923609000000000790e+00 2.252494000000000085e+01 1.202626000000000062e+01 9.515596000000000387e+00 -8.708171000000000106e+00 -7.646277000000000434e+00 8.839750999999999692e+00 -5.792065000000000019e+00 -9.319017000000000550e+00 -3.345806000000000058e+00 -2.507572999999999830e+00
-1.091459000000000046e+01 9.529026999999999248e+00 2.419540999999999897e+01 1.215201000000000064e+01 8.639924999999999855e+00 -1.034919000000000011e+01 -9.990769999999999484e+00 7.953041999999999945e+00 -7.393341000000000385e+00 -1.005364999999999931e+01 -3.197737000000000052e+00 -1.326818999999999971e+00
-1.025749000000000066e+01 9.171103000000000449e+00 2.541547999999999874e+01 1.289276000000000089e+01 8.745737000000000094e+00 -1.533915000000000006e+01 -1.432090999999999958e+01 1.073246999999999929e+01 -5.844209000000000209e+00 -1.021923999999999921e+01 -4.679420999999999609e+00 -4.722610000000000419e+00
-9.158507000000000176e+00 8.370077000000000211e+00 2.510635999999999868e+01 9.722528000000000503e+00 6.173962999999999646e+00 -1.440521000000000029e+01 -1.868045000000000044e+01 1.135593000000000075e+01 -9.074438000000000226e-01 -1.060474999999999923e+01 -7.540871000000000102e+00 -5.629127999999999687e+00
-7.825936999999999699e+00 7.902834000000000358e+00 2.258777999999999864e+01 7.856066000000000216e+00 5.590441000000000216e+00 -1.743007000000000062e+01 -2.044598999999999833e+01 1.120539999999999914e+01 1.569216999999999973e-01 -8.728975000000000151e+00 -4.431898000000000337e+00 -3.973040999999999823e+00
-7.911711999999999634e+00 7.612889000000000017e+00 2.136381000000000085e+01 5.998324000000000211e+00 4.179096999999999618e+00 -1.774754000000000076e+01 -2.147447999999999979e+01 1.202374999999999972e+01 4.196067000000000213e+00 -8.119809999999999306e+00 -2.615822000000000092e+00 1.175106000000000067e-01
-8.465673000000000670e+00 8.388944000000000401e+00 2.035958000000000112e+01 2.714412999999999965e+00 6.094992999999999661e+00 -2.110659000000000063e+01 -1.747415000000000163e+01 1.278721999999999959e+01 1.071731999999999907e+00 -6.952087999999999823e+00 2.138698999999999906e+00 -7.404397000000000062e-02
-7.808834000000000053e+00 8.741317999999999699e+00 1.842761000000000138e+01 3.300574000000000119e+00 6.180964000000000347e+00 -2.051939000000000135e+01 -1.984301999999999921e+01 1.192614000000000019e+01 2.961803999999999881e+00 -6.055365000000000109e+00 5.274324000000000012e+00 -2.831757000000000080e+00
-7.091236999999999568e+00 7.664495999999999754e+00 1.799476999999999904e+01 4.165060999999999680e+00 5.499412000000000411e+00 -2.083476999999999890e+01 -2.185698999999999970e+01 1.333935999999999922e+01 1.560794999999999932e+00 -3.550136999999999876e+00 4.976211000000000162e+00 -1.495738000000000012e+00
-7.399872000000000227e+00 8.599536000000000513e+00 1.777933000000000163e+01 3.888815999999999939e-01 6.812335000000000029e+00 -1.858250999999999920e+01 -1.952683000000000035e+01 8.643872999999999251e+00 1.756191999999999975e+00 -2.082495999999999903e+00 5.908802999999999805e+00 -1.159021000000000079e+00
-6.918922000000000239e+00 8.722728000000000037e+00 1.569475000000000087e+01 9.217250000000000165e-01 8.462533999999999779e+00 -1.956837000000000160e+01 -2.082347000000000037e+01 7.001916999999999724e+00 5.715689000000000242e+00 1.051719999999999988e+00 1.651056000000000079e+00 -3.249099000000000181e+00
-7.264827999999999619e+00 9.272930999999999813e+00 1.494811999999999941e+01 2.695031999999999983e-01 9.723330000000000695e+00 -1.921327000000000140e+01 -2.032625000000000171e+01 7.607954999999999579e+00 2.312584000000000195e+00 -3.025766999999999762e-01 3.227259000000000100e+00 -1.023959999999999981e+00
-6.630963999999999636e+00 9.449395000000000877e+00 1.447586000000000084e+01 -5.342888999999999555e-01 8.415074000000000609e+00 -1.609467000000000070e+01 -2.017031000000000063e+01 6.283151000000000153e+00 2.875853000000000215e+00 -4.026272000000000184e-01 5.482855999999999952e+00 -2.167863000000000095e+00
-6.878841999999999679e+00 8.044339000000000794e+00 1.396768999999999927e+01 9.203835999999999684e-01 8.775691000000000130e+00 -1.718195000000000050e+01 -2.319735999999999976e+01 8.026332000000000022e+00 6.070668000000000397e+00 -1.502853000000000105e-01 2.913351000000000024e+00 -2.663399000000000072e+00
-6.725163000000000224e+00 5.576332999999999984e+00 1.278547999999999973e+01 2.203701000000000132e+00 9.487975999999999743e+00 -1.948856999999999928e+01 -1.970320999999999856e+01 9.856935999999999254e+00 3.330535999999999941e+00 -2.551264999999999894e+00 2.710249000000000130e+00 -2.012973000000000123e+00
-8.035012999999999295e+00 3.825562000000000129e+00 1.548789999999999978e+01 3.001456999999999820e+00 9.528434000000000736e+00 -1.920107000000000141e+01 -2.232194000000000145e+01 7.273386000000000351e+00 4.504633000000000109e+00 -3.094196000000000168e+00 1.987382000000000037e-01 2.658040999999999876e+00
-8.671941000000000344e+00 4.550009000000000192e+00 1.650422999999999973e+01 5.055773000000000073e-01 9.825640999999999181e+00 -1.904983000000000004e+01 -2.354294000000000153e+01 7.603354000000000390e+00 5.068188000000000137e+00 -2.308717999999999826e+00 5.057361999999999691e-01 -4.534118999999999788e-01
-7.692935000000000301e+00 8.484944999999999737e+00 1.458787000000000056e+01 1.149415999999999993e+00 6.957437999999999789e+00 -1.709831000000000145e+01 -2.123179000000000016e+01 7.214555999999999969e+00 2.135238000000000191e+00 -2.456344999999999779e+00 1.468436999999999992e+00 -2.345200999999999869e+00
-7.547424999999999606e+00 8.881712999999999525e+00 1.416674000000000078e+01 1.628271000000000024e+00 6.897528999999999577e+00 -1.701816000000000173e+01 -2.285464999999999947e+01 8.984030999999999878e+00 4.471111999999999753e+00 -2.578084000000000042e+00 1.148112000000000021e+00 -1.036494000000000026e+00
-9.077071999999999363e+00 8.810961000000000709e+00 1.553278000000000070e+01 1.402927000000000035e+00 7.893405999999999700e+00 -1.642990999999999957e+01 -2.112281000000000120e+01 5.981774999999999842e+00 4.469679000000000180e+00 -7.263336999999999710e-01 1.123186999999999935e+00 9.028097000000000483e-01
-9.215178999999999121e+00 7.381764999999999688e+00 1.431662000000000035e+01 -1.287109999999999976e+00 5.944833000000000034e+00 -1.361589000000000027e+01 -2.161105999999999838e+01 6.785333999999999754e+00 4.856174000000000213e+00 -3.482969999999999899e+00 -7.215156999999999821e-01 7.909448999999999508e-01
-1.092786000000000080e+01 7.297693999999999903e+00 1.022123999999999988e+01 -8.635853999999999475e-01 5.387374999999999581e+00 -1.072345999999999933e+01 -2.057432999999999979e+01 3.385406999999999833e+00 2.270181000000000004e+00 -2.935840999999999923e+00 8.532066999999999846e-01 1.869000999999999912e+00
-1.598295000000000066e+01 5.398759000000000086e+00 4.098656000000000077e+00 -2.997306000000000026e+00 4.762617999999999796e+00 -9.405490999999999602e+00 -1.720672000000000068e+01 -1.203591000000000077e+00 -2.951369999999999827e+00 -1.526174999999999893e-01 2.724809000000000037e+00 1.958231000000000055e+00
-1.581447000000000003e+01 5.758625000000000327e+00 3.405489000000000210e+00 -1.351493999999999973e+00 2.771641999999999939e+00 -5.336572999999999567e+00 -1.843596000000000146e+01 -5.179319999999999702e+00 -1.593623000000000012e+00 -6.654638000000000497e-01 3.833604999999999929e+00 4.886477000000000182e-01
-1.644271000000000171e+01 6.045518000000000391e+00 3.785248000000000168e+00 3.878755999999999871e-01 4.342482999999999649e+00 -3.221614000000000200e+00 -1.394162999999999997e+01 -2.710799000000000181e+00 -1.644333999999999962e+00 2.517028999999999961e+00 4.651937000000000211e+00 -1.268663000000000082e-02
-1.780463999999999913e+01 4.608830000000000204e+00 3.375046000000000213e+00 -7.012844999999999773e-01 4.423786999999999914e+00 -2.695400999999999936e+00 -1.481634000000000029e+01 -6.382195000000000285e+00 -7.554643000000000441e+00 -7.706450999999999718e-01 2.508379999999999832e+00 -1.516502999999999934e+00
-1.749575000000000102e+01 5.301092999999999833e+00 1.770146999999999915e+00 8.251492000000000271e-01 3.341547999999999963e+00 -1.775748000000000104e+00 -1.349854999999999983e+01 -6.162325000000000053e+00 -4.439188999999999830e+00 1.504863000000000062e+00 7.127665000000000362e+00 3.636883000000000199e-01
-1.686928999999999945e+01 5.703133000000000230e+00 -5.956290000000000195e-02 9.327908999999999784e-01 2.563909000000000216e+00 -2.033627000000000073e+00 -1.269768999999999970e+01 -7.215333000000000219e+00 -2.070653000000000077e+00 -3.170361999999999902e-01 5.042100999999999722e+00 2.519051999999999847e+00
-1.785519000000000034e+01 4.790843999999999880e+00 7.296165999999999485e-01 2.168490999999999946e+00 1.629116999999999926e-01 -7.871457000000000370e+00 -1.331966000000000072e+01 -8.198667000000000371e+00 -2.579372999999999805e-01 3.650234999999999896e+00 4.763237000000000165e+00 6.122976999999999448e-01
-1.572001000000000026e+01 7.329324999999999868e+00 2.712712999999999930e+00 2.190958000000000183e+00 8.277373999999999565e-01 -4.787708000000000297e+00 -1.135481000000000051e+01 -6.209979999999999833e+00 3.171907999999999672e-02 2.587693999999999939e+00 3.567079999999999806e+00 4.329023000000000176e-01
-8.218560000000000088e+00 9.445788000000000295e+00 1.417220999999999975e+01 2.404564999999999841e+00 1.645834999999999937e+00 -3.499706000000000206e+00 -1.583408000000000015e+01 -1.826062000000000074e+00 -9.168238999999999805e+00 -7.176210000000000200e+00 4.990029999999999966e+00 1.774907000000000012e+00
-9.143701000000000079e+00 1.138301000000000052e+01 1.206070000000000064e+01 5.714967999999999826e+00 5.276894999999999669e+00 -3.051553000000000182e+00 -1.291564999999999941e+01 -2.694694999999999840e+00 -7.704772000000000176e+00 -4.802518000000000065e+00 1.539509999999999934e+00 -2.697070000000000078e+00
-6.677425000000000388e+00 1.539952000000000076e+01 1.322963999999999984e+01 1.556845000000000034e+00 6.229591000000000101e+00 -2.984992999999999785e+00 -1.026537000000000077e+01 -5.656735000000000513e-01 -7.952885000000000204e+00 -6.776940999999999882e+00 -2.608912000000000120e+00 -9.403422000000000169e-01
-6.264635000000000176e+00 1.717858999999999980e+01 1.452854999999999919e+01 9.378896999999999928e-02 6.606936000000000142e+00 -3.234160000000000146e+00 -6.772649000000000363e+00 1.924209999999999976e+00 -1.022428999999999988e+01 -5.551613999999999827e+00 3.959177999999999864e-01 -2.458562000000000136e+00
-6.538297000000000025e+00 1.694497000000000142e+01 1.492938000000000009e+01 -7.904828999999999883e-01 4.170926999999999829e+00 3.263172999999999768e-01 -7.578165000000000262e+00 -6.480457000000000578e-02 -9.146750000000000824e+00 -6.707908999999999899e+00 -4.739922999999999775e-01 3.763386999999999982e-02
-6.116316000000000308e+00 1.832423000000000002e+01 1.335726999999999975e+01 -1.447063999999999906e+00 5.250441999999999609e+00 2.085290999999999950e-01 -5.571723999999999677e+00 2.376767000000000074e+00 -9.571922999999999959e+00 -7.907815000000000261e+00 -1.346370000000000067e+00 -8.258583999999999925e-01
-6.268975000000000186e+00 1.949787999999999855e+01 1.454611000000000054e+01 -8.666034000000000237e-01 7.173339999999999606e+00 -1.764248000000000038e+00 -8.205873000000000417e+00 2.619971000000000050e+00 -6.578807000000000293e+00 -6.522501000000000104e+00 -1.478893000000000013e+00 -3.696746000000000087e+00
-6.043306000000000289e+00 1.849265000000000114e+01 1.498948999999999998e+01 1.025678000000000090e+00 7.080754999999999910e+00 -2.775204000000000004e+00 -6.605595000000000105e+00 6.237259000000000553e-01 -8.285517000000000465e+00 -4.007477999999999874e+00 -3.093593999999999955e+00 -3.133119000000000209e+00
-6.581949999999999967e+00 1.982334000000000174e+01 1.671187000000000111e+01 -1.385965000000000114e-01 6.408538000000000068e+00 -4.591510999999999676e+00 -5.960679999999999978e+00 2.374467000000000105e+00 -8.970262999999999209e+00 -4.184490000000000265e+00 -3.085449999999999804e+00 -3.417457999999999885e+00
-6.486475000000000435e+00 1.923817999999999984e+01 1.560849999999999937e+01 1.444172999999999929e+00 6.361078000000000010e+00 -2.653931000000000040e+00 -7.214661000000000435e+00 -8.222324000000000299e-02 -7.219719000000000442e+00 -3.952437999999999896e+00 -2.352751000000000037e+00 -3.015455000000000219e+00
-6.235021999999999842e+00 1.923873999999999995e+01 1.672670000000000101e+01 2.228851000000000138e+00 3.339214000000000127e+00 -2.438915999999999862e+00 -7.893632000000000204e+00 2.986868999999999774e-01 -6.469076000000000271e+00 -3.361463999999999785e+00 -1.926063999999999998e+00 -4.985623999999999612e+00
-6.049177000000000248e+00 1.903036000000000172e+01 1.563308999999999926e+01 1.382471999999999923e+00 4.448682999999999943e+00 -3.983751999999999960e+00 -7.445166999999999646e+00 3.908624000000000098e+00 -7.329449999999999577e+00 -5.414947999999999873e+00 -2.337943999999999800e+00 -3.840599000000000096e+00
-5.786491999999999969e+00 1.929617000000000004e+01 1.496568000000000076e+01 1.298639000000000099e+00 4.171316000000000024e+00 -3.572887999999999842e+00 -8.569376999999999356e+00 4.026939999999999742e+00 -4.487894999999999968e+00 -6.284151999999999738e+00 -1.054918999999999940e+00 -6.017101000000000255e+00
-5.555717999999999712e+00 1.952674000000000021e+01 1.430997999999999948e+01 8.724311000000000149e-01 2.782923999999999953e+00 -4.295646999999999771e+00 -8.117684999999999818e+00 4.148869999999999614e+00 -3.093475999999999893e+00 -4.621774000000000271e+00 -2.037363000000000035e+00 -5.674396999999999913e+00
-5.083191000000000237e+00 1.947596000000000060e+01 1.462339000000000055e+01 -5.802294000000000063e-01 -1.208752999999999966e+00 -3.193386999999999976e+00 -5.719778999999999947e+00 4.437100000000000044e+00 -8.727766999999999609e-01 -6.110403999999999947e+00 -2.936640000000000139e+00 -4.570153000000000354e+00
-5.258314999999999628e+00 1.972790000000000177e+01 1.409337000000000018e+01 -3.263224999999999820e+00 -1.731198999999999932e+00 -3.876069999999999904e+00 -6.965873000000000204e+00 6.894776000000000238e+00 1.884546000000000054e+00 -6.561448000000000391e+00 -3.546688000000000063e+00 -5.099733999999999767e+00
-4.371466999999999992e+00 1.966852000000000089e+01 1.262740999999999936e+01 -3.925507000000000080e+00 -2.584308000000000050e+00 -8.706428999999999974e+00 -4.684115000000000251e+00 7.889282999999999824e+00 2.108019999999999783e+00 -3.751170999999999811e+00 -3.865038000000000196e+00 -6.304619999999999891e+00
-3.482321000000000222e+00 2.020401999999999987e+01 1.102954000000000079e+01 -3.813505999999999840e+00 -5.127295000000000158e+00 -1.123713000000000051e+01 -1.846346999999999960e+00 5.104924999999999713e+00 1.689723000000000086e+00 1.126349999999999962e+00 -2.507978000000000041e+00 -5.173998000000000097e+00
-2.694777000000000200e+00 2.033580999999999861e+01 9.422299000000000646e+00 -4.008333999999999619e+00 -4.893887000000000320e+00 -1.377585000000000015e+01 -2.885594999999999910e+00 6.197371999999999659e+00 1.416684000000000054e+00 3.378399000000000263e-01 5.444811999999999985e-01 -2.814172999999999814e+00
-2.852796000000000110e+00 1.967295999999999978e+01 8.929356000000000293e+00 -4.633728999999999765e+00 -5.920495999999999981e+00 -1.475230999999999959e+01 -1.949232000000000076e+00 4.138682000000000194e+00 1.359383000000000008e+00 4.012751999999999986e-01 2.181639999999999802e+00 -2.821303000000000005e-02
-2.544160999999999895e+00 1.928950999999999993e+01 1.064081000000000010e+01 -1.236474999999999991e+00 -1.181601000000000035e+01 -1.941609000000000052e+01 -2.233868999999999883e+00 8.036519999999999442e+00 2.687046000000000046e+00 2.615777000000000241e-01 3.882715000000000138e+00 -1.743786999999999976e+00
-1.948844000000000021e+00 1.826291000000000153e+01 1.067515000000000036e+01 -2.714285999999999976e+00 -1.339228999999999914e+01 -1.711016000000000048e+01 -3.883258999999999794e+00 9.961119000000000057e+00 3.218226000000000031e+00 -1.077093999999999996e+00 5.064065000000000261e+00 -4.891413000000000011e-01
-1.125561000000000034e+00 1.895739000000000019e+01 7.451692999999999678e+00 -5.243699000000000332e+00 -1.134764000000000017e+01 -1.485858999999999952e+01 -4.325987999999999722e+00 9.232492000000000587e+00 3.369501000000000079e+00 1.519789000000000057e+00 2.636461000000000165e+00 6.979735000000000245e-01
-1.218993999999999911e+00 1.779594000000000165e+01 8.124174000000000007e+00 -3.812500000000000000e+00 -1.300056000000000012e+01 -1.565872000000000064e+01 -4.087595000000000312e+00 9.166104000000000696e+00 5.138668000000000013e+00 1.612608999999999959e+00 2.424967999999999790e+00 -6.545068000000000552e-01
-1.130921000000000065e+00 1.711921999999999855e+01 8.850904999999999134e+00 -2.138520000000000199e+00 -1.557778000000000063e+01 -1.517292999999999914e+01 -5.089920000000000222e+00 7.773267999999999844e+00 7.445318999999999576e+00 9.973803999999999448e-01 3.467379000000000211e+00 3.418015999999999832e-01
-1.926123999999999947e+00 1.636758000000000024e+01 9.592859000000000691e+00 -2.374928999999999846e+00 -1.488805999999999941e+01 -1.409784999999999933e+01 -8.013007999999999242e+00 8.555794000000000565e+00 7.826656999999999975e+00 -4.103096999999999994e+00 6.627682000000000073e+00 3.477946999999999900e+00
-2.134943999999999953e+00 1.808421999999999841e+01 9.437912000000000745e+00 -2.780346000000000206e+00 -1.439751000000000047e+01 -1.606679000000000102e+01 -6.390862000000000265e+00 5.485835999999999935e+00 4.363672000000000217e+00 -1.227656000000000025e-01 7.221688999999999581e+00 2.145296000000000092e+00
-2.371589999999999865e+00 1.777734999999999843e+01 9.027319999999999567e+00 -6.436072999999999933e-01 -1.339579999999999949e+01 -1.461082000000000036e+01 -8.867635999999999186e+00 4.118634000000000128e+00 6.504436000000000107e+00 -2.458081000000000155e-02 5.770112000000000130e+00 2.188508000000000120e+00
-2.531906999999999908e+00 1.830092000000000141e+01 8.430946000000000495e+00 -1.066796999999999995e+00 -1.362608999999999959e+01 -1.403023999999999916e+01 -9.214650000000000674e+00 5.140090999999999966e+00 6.089578000000000380e+00 -2.004271999999999998e-01 8.081481000000000137e+00 1.390862000000000043e+00
-3.057786999999999811e+00 1.639143999999999934e+01 8.921549999999999869e+00 6.558062999999999532e-01 -1.450993000000000066e+01 -1.430450000000000088e+01 -1.063603999999999949e+01 3.490905000000000147e+00 5.159582999999999586e+00 3.021576000000000262e-01 8.165881000000000611e+00 3.409855999999999998e+00
-4.341853999999999658e+00 1.783479000000000170e+01 8.309955000000000425e+00 6.155663999999999580e-01 -1.184908000000000072e+01 -1.140371000000000024e+01 -1.061022999999999961e+01 -1.921372000000000080e+00 3.538825000000000109e+00 3.212718000000000185e+00 4.150967999999999769e+00 8.345310000000000228e-01
-6.591395000000000337e+00 1.500830000000000020e+01 6.396330999999999989e+00 -2.244819999999999816e+00 -9.877160999999999191e+00 -1.112805000000000000e+01 -1.295114000000000054e+01 -1.191759999999999931e+00 4.611213000000000228e+00 4.227216000000000307e+00 8.631807000000000230e+00 3.724498999999999782e+00
-8.774307999999999552e+00 1.225646000000000058e+01 7.683529000000000053e+00 3.120904999999999929e-01 -8.973480000000000345e+00 -9.077565999999999136e+00 -1.385452000000000083e+01 -2.750894999999999868e+00 4.884825000000000195e+00 2.648563999999999918e+00 8.252995000000000303e+00 5.245898999999999646e+00
