-1.498343000000000025e+01 1.114606999999999903e+00 1.141966000000000037e+01 1.550569999999999915e+01 1.140470000000000006e+01 -8.421272000000000091e+00 -5.009235000000000326e+00 1.289522000000000013e+01 -1.293755999999999906e+00 -8.632528000000000645e+00 1.163731000000000071e+00 -2.429946000000000161e+00
-1.325686999999999927e+01 6.900599999999999845e+00 1.913216999999999857e+01 1.339159000000000077e+01 1.260998999999999981e+01 -1.033305999999999969e+01 -9.149001999999999413e+00 1.139921999999999969e+01 -7.001261999999999652e+00 -1.178199000000000041e+01 -6.506712000000000051e-01 -2.964380999999999933e+00
-1.007086999999999932e+01 5.184489000000000125e+00 2.309741999999999962e+01 1.848942999999999870e+01 9.718346000000000373e+00 -1.883611000000000146e+01 -1.203497999999999912e+01 1.117904000000000053e+01 -6.714375999999999678e+00 -1.143260000000000076e+01 5.272250000000000547e-01 -2.391732000000000191e+00
-9.729855999999999838e+00 6.377061999999999564e+00 2.060427999999999926e+01 1.537725000000000009e+01 1.195264000000000060e+01 -1.689040999999999926e+01 -1.041459000000000046e+01 1.288129999999999953e+01 -4.309953000000000145e+00 -1.173728000000000016e+01 -1.312198999999999893e+00 -5.729549999999999699e+00
-9.106149000000000271e+00 8.322336999999999207e+00 1.900036000000000058e+01 1.515529000000000082e+01 1.099396999999999913e+01 -1.476674000000000042e+01 -7.629539000000000293e+00 1.152965000000000018e+01 -7.935743999999999687e+00 -1.006429999999999936e+01 -1.407658000000000076e+00 -3.755586000000000091e+00
-9.434806000000000026e+00 9.768682000000000087e+00 1.847494999999999976e+01 1.313625000000000043e+01 1.192572000000000010e+01 -1.270916000000000068e+01 -5.857581999999999844e+00 1.124930999999999948e+01 -7.986518000000000228e+00 -1.064109999999999978e+01 -1.108255999999999908e+00 -2.332432999999999979e+00
-8.963072000000000372e+00 1.128485000000000049e+01 1.841353000000000151e+01 1.219017999999999979e+01 9.667111999999999483e+00 -9.793578000000000117e+00 -5.139990000000000059e+00 9.532438000000000855e+00 -6.301645999999999859e+00 -9.205733999999999639e+00 -1.351958999999999911e+00 -1.313072000000000017e+00
-9.852671000000000845e+00 1.200956000000000046e+01 1.921763999999999939e+01 1.096626000000000012e+01 8.985015000000000640e+00 -9.363879999999999981e+00 -5.966140000000000221e+00 1.137035000000000018e+01 -8.339439999999999742e+00 -4.916487000000000052e+00 -2.427655000000000091e-02 -2.032554999999999890e+00
-9.830923999999999552e+00 1.162198000000000064e+01 1.867319000000000173e+01 1.126196000000000019e+01 8.588608000000000686e+00 -8.346451000000000064e+00 -4.922181000000000139e+00 1.165487000000000073e+01 -7.540770000000000195e+00 -6.931401000000000145e+00 1.129111999999999894e+00 -3.271977000000000135e+00
-1.003405000000000058e+01 1.077238999999999969e+01 1.890268000000000015e+01 1.130424999999999969e+01 7.866999999999999993e+00 -9.458631000000000455e+00 -3.173808999999999880e+00 1.234112999999999971e+01 -1.118431999999999960e+01 -5.662730999999999959e+00 2.340599000000000096e+00 -4.843092000000000397e+00
-1.040126000000000062e+01 1.111966999999999928e+01 2.081221999999999994e+01 1.138419000000000025e+01 6.502369999999999983e+00 -1.201374000000000031e+01 -2.990683000000000202e+00 1.073869999999999969e+01 -1.032085000000000008e+01 -5.283261000000000429e+00 -1.696261999999999937e+00 -2.986216999999999899e+00
-1.008840999999999966e+01 1.096063999999999972e+01 1.912966000000000122e+01 1.122315000000000040e+01 8.271656000000000120e+00 -1.168369000000000035e+01 -4.044699999999999740e+00 7.744614000000000331e+00 -1.224028000000000027e+01 -4.412827000000000055e+00 7.387080999999999786e-01 -2.954026999999999958e+00
-9.728127000000000635e+00 1.125193999999999939e+01 1.842000000000000171e+01 9.928997000000000739e+00 7.194020000000000081e+00 -9.890076999999999785e+00 -5.201032999999999795e+00 7.025310000000000166e+00 -9.509724000000000288e+00 -6.467206000000000010e+00 -4.496421999999999919e-01 -1.152497000000000105e+00
-1.024459000000000053e+01 1.194589000000000034e+01 1.909517999999999915e+01 1.039814999999999934e+01 7.561771000000000242e+00 -1.395874000000000059e+01 -7.194613000000000369e+00 8.671568999999999861e+00 -9.803463000000000704e+00 -6.736009000000000135e+00 6.483908000000000449e-01 -2.319068000000000129e+00
-9.475578999999999752e+00 8.793276000000000536e+00 1.811759999999999948e+01 1.208890000000000065e+01 8.963739999999999597e+00 -1.457583999999999946e+01 -1.116478000000000037e+01 9.164438000000000528e+00 -5.594553999999999583e+00 -8.702626000000000417e+00 -2.308260999999999896e+00 -2.205178000000000083e+00
-9.166938000000000031e+00 1.024146999999999963e+01 1.934262000000000015e+01 9.709358999999999185e+00 7.137143000000000015e+00 -1.707605999999999824e+01 -1.126986999999999917e+01 1.062983000000000011e+01 -6.753313000000000343e+00 -7.487219999999999764e+00 -3.943055999999999894e+00 -1.164544999999999941e+00
-8.657149000000000427e+00 1.070101999999999975e+01 1.995352000000000103e+01 7.808290999999999649e+00 4.982305000000000206e+00 -1.736205999999999960e+01 -1.080061000000000071e+01 8.832613000000000270e+00 -9.348680999999999131e+00 -6.878688999999999609e+00 -5.498996000000000439e-01 -3.477167000000000119e+00
-7.765573999999999977e+00 9.476459999999999440e+00 1.979945000000000022e+01 8.443144999999999456e+00 3.941139000000000170e+00 -1.968256999999999834e+01 -1.415238000000000085e+01 8.274352000000000373e+00 -6.562365999999999921e+00 -8.076983999999999497e+00 -2.633026000000000089e+00 -4.049439999999999706e+00
-7.151257000000000197e+00 7.634539000000000186e+00 1.992874000000000123e+01 7.835842999999999670e+00 3.113590999999999998e+00 -2.144960999999999984e+01 -1.491679000000000066e+01 8.640264999999999418e+00 -7.138319000000000081e+00 -1.236430000000000007e+01 -1.179551000000000016e+00 5.172594999999999832e-01
-7.218719000000000108e+00 8.212830999999999548e+00 1.912462999999999980e+01 3.854036999999999935e+00 3.400150000000000006e+00 -2.206740999999999886e+01 -1.654862999999999928e+01 1.316616999999999926e+01 -5.670247999999999955e+00 -1.202181000000000033e+01 5.315094999999999681e-01 -2.353329000000000004e+00
-6.878447000000000422e+00 7.660684999999999967e+00 1.811939999999999884e+01 3.903707999999999956e+00 3.308104000000000156e+00 -2.170484000000000080e+01 -1.584455999999999953e+01 1.435225999999999935e+01 -3.599435000000000162e+00 -1.186312000000000033e+01 1.660390999999999950e+00 -1.100163999999999920e+00
-6.614779999999999660e+00 7.430906000000000233e+00 1.811257000000000161e+01 3.313092000000000148e+00 3.793518000000000168e+00 -2.144471000000000060e+01 -1.590559999999999974e+01 1.350981999999999950e+01 -1.441092000000000040e+00 -8.805842000000000169e+00 -1.533258999999999872e-01 -1.421125999999999889e+00
-6.716588999999999920e+00 7.069473999999999592e+00 1.622745000000000104e+01 2.536211000000000215e+00 7.321234999999999715e+00 -2.194013999999999953e+01 -1.686251000000000033e+01 1.243157000000000068e+01 -3.891766999999999865e-01 -5.566413999999999973e+00 -2.011944000000000177e+00 -8.253226999999999647e-01
-6.573019000000000389e+00 7.089159999999999684e+00 1.620088000000000150e+01 5.098132999999999804e+00 6.552300999999999931e+00 -2.422917999999999950e+01 -1.986431999999999931e+01 1.322842999999999947e+01 3.222758000000000012e-01 -5.451056000000000346e+00 2.465042000000000066e-01 -2.012036000000000158e+00
-6.396829000000000320e+00 8.401391000000000275e+00 1.586651999999999951e+01 2.640209000000000028e+00 7.069844999999999935e+00 -2.049965999999999866e+01 -2.150031999999999854e+01 1.103852000000000011e+01 4.336812000000000111e+00 -4.527358000000000438e+00 -6.227361999999999620e-01 -2.299113999999999880e+00
-6.833967000000000347e+00 7.218660999999999994e+00 1.632909000000000077e+01 3.375567999999999902e+00 7.098499999999999588e+00 -2.109997999999999863e+01 -1.803201999999999927e+01 1.033905000000000030e+01 3.825960999999999945e+00 -3.672102999999999895e+00 -1.260099000000000080e+00 -7.972738000000000325e-01
-7.046730000000000160e+00 6.030086999999999975e+00 1.622421999999999898e+01 3.897498999999999825e+00 7.350760000000000183e+00 -2.318622999999999834e+01 -1.837295999999999907e+01 1.210703999999999958e+01 4.978800999999999810e+00 -2.948764999999999858e+00 -1.269354000000000093e+00 -1.641375999999999946e+00
-7.412206000000000294e+00 6.653902999999999679e+00 1.623211999999999833e+01 4.240536999999999779e+00 7.319064000000000014e+00 -2.462775999999999854e+01 -1.752356999999999942e+01 1.298670000000000080e+01 4.755460000000000242e+00 -3.171203000000000216e+00 -2.000290000000000123e+00 -2.991299999999999848e+00
-6.827789000000000108e+00 6.548089000000000048e+00 1.525670000000000037e+01 3.922721999999999820e+00 5.550212000000000145e+00 -2.258625999999999934e+01 -1.521507000000000076e+01 1.222912999999999961e+01 3.887325999999999837e+00 -2.232601999999999975e+00 -3.639521000000000006e-01 -2.689916000000000196e+00
-6.791711000000000276e+00 5.667423999999999573e+00 1.494353000000000087e+01 4.031376999999999988e+00 8.938992000000000715e+00 -2.251108999999999938e+01 -1.614630999999999972e+01 1.251712999999999987e+01 2.897397999999999918e+00 -3.486094000000000026e+00 1.199035000000000073e+00 -2.211202000000000112e+00
-6.920950000000000379e+00 6.532092999999999705e+00 1.549480999999999931e+01 2.090726999999999780e+00 7.569151999999999880e+00 -2.113004000000000104e+01 -1.493101000000000056e+01 1.147503999999999991e+01 3.287698999999999927e+00 -2.969186999999999799e+00 -3.132235999999999909e-01 -1.318907999999999969e+00
-6.339745999999999881e+00 7.002108999999999916e+00 1.452909000000000006e+01 3.315031999999999979e+00 6.548394000000000048e+00 -2.028254000000000090e+01 -1.596734000000000009e+01 1.116965000000000074e+01 3.920655000000000001e+00 -4.160032000000000174e+00 -4.528983999999999788e-01 4.188060000000000116e-01
-6.986927999999999805e+00 5.019613999999999798e+00 1.356874999999999964e+01 4.705035999999999774e+00 8.951148999999999134e+00 -1.993115999999999843e+01 -2.103731000000000151e+01 1.173835000000000051e+01 3.918787000000000020e+00 -3.404403999999999986e+00 1.766132000000000035e+00 -1.679906000000000107e-02
-9.260346000000000188e+00 9.254314000000000151e-01 1.803356000000000137e+01 3.607235999999999887e+00 1.230692999999999948e+01 -2.073741000000000057e+01 -2.149096000000000117e+01 1.057174000000000014e+01 9.337387000000000326e-01 -3.194936999999999916e+00 1.699637000000000064e+00 1.356090999999999935e+00
-6.871033999999999864e+00 8.137159999999999727e+00 1.308319000000000010e+01 4.159434000000000076e+00 8.269052000000000291e+00 -1.914658000000000015e+01 -1.849296000000000006e+01 8.765482000000000440e+00 1.202870000000000106e+00 -4.804715999999999987e+00 -2.435595999999999872e+00 1.727663000000000115e-01
-6.920702999999999605e+00 5.824608999999999703e+00 1.317117999999999967e+01 7.255315999999999654e+00 7.480145000000000266e+00 -2.157373000000000118e+01 -2.009531000000000134e+01 7.987396000000000384e+00 4.964160999999999824e+00 -4.811891000000000140e+00 -2.214344000000000090e+00 -2.505621000000000098e+00
-9.025838000000000250e+00 1.093075000000000019e+00 1.577708999999999939e+01 8.126105000000000800e+00 6.696449000000000318e+00 -1.914064000000000121e+01 -1.917343999999999937e+01 9.214525000000000077e+00 2.755978999999999957e+00 -6.694612000000000229e+00 -9.632686999999999777e-01 -3.617788000000000004e+00
-1.122043000000000035e+01 2.308409999999999851e+00 1.205209999999999937e+01 1.000737999999999950e+01 5.830693000000000126e+00 -1.664705999999999975e+01 -1.969299000000000177e+01 6.733137000000000150e+00 2.598052000000000028e+00 -5.649759999999999671e+00 2.036591000000000096e-01 -9.264116999999999491e-01
-1.276634999999999920e+01 7.156217999999999968e+00 1.676472000000000051e+01 5.088432000000000066e+00 9.886808000000000263e+00 -1.030508999999999986e+01 -2.005611999999999995e+01 1.304621000000000031e+00 -2.818830999999999865e+00 -5.193017000000000216e+00 4.376138999999999724e-02 2.095903999999999989e+00
-1.327935000000000088e+01 4.973474000000000395e+00 1.809534000000000020e+01 5.475708000000000020e+00 8.569069999999999965e+00 -1.136063000000000045e+01 -2.073417999999999850e+01 8.955777999999999794e-01 -3.231872000000000078e+00 -7.555939000000000405e+00 -6.182803999999999522e-01 3.421355999999999842e+00
-1.370091999999999999e+01 6.767716000000000065e+00 2.487157999999999980e+00 5.524990999999999985e+00 1.864454000000000056e+00 -1.094805999999999990e+01 -1.752391000000000076e+01 -8.442151000000000849e+00 -5.519173000000000329e+00 -1.885698000000000096e+00 3.489875000000000060e+00 3.432838999999999974e+00
-1.686691000000000074e+01 3.701846999999999888e+00 1.144697000000000076e+00 2.872653000000000123e+00 1.951724000000000014e+00 -7.994721000000000188e+00 -1.466777000000000086e+01 -3.003200999999999787e+00 -3.185458999999999818e+00 -3.000649000000000122e+00 2.685929999999999929e+00 -3.656220000000000026e-01
-1.575985000000000014e+01 6.355529999999999902e+00 3.487000999999999795e+00 4.061257000000000339e+00 -2.886477000000000070e-01 -9.605126000000000275e+00 -1.375422000000000011e+01 -6.254674999999999763e+00 -2.065948999999999813e+00 2.776394999999999946e+00 3.633147999999999822e+00 -1.602437999999999918e-01
-1.142601999999999940e+01 4.542830999999999619e+00 1.434915999999999947e+01 1.619294000000000011e+01 3.658053999999999917e+00 -1.484087000000000067e+01 -1.661973000000000056e+01 2.096271999999999913e+00 -1.522081000000000017e+00 -5.970722000000000307e+00 3.301376999999999784e-01 9.750777999999999945e-01
-1.025768000000000058e+01 3.094641000000000197e+00 1.572394000000000069e+01 1.834274999999999878e+01 3.645027999999999935e+00 -1.590375000000000050e+01 -1.727488999999999919e+01 4.607225999999999821e+00 1.047019000000000075e-02 -8.657918000000000447e+00 -1.213654999999999928e+00 -6.967495999999999690e-01
-9.171386999999999290e+00 1.024207999999999963e+01 1.777892999999999901e+01 1.276798999999999928e+01 7.718510000000000204e+00 -9.424016999999999200e+00 -1.471320000000000050e+01 4.706704000000000221e+00 -6.576694999999999958e+00 -9.159368999999999872e+00 -9.319062000000000179e-01 -2.378931000000000129e+00
-8.357651000000000607e+00 1.046631999999999962e+01 1.894254000000000104e+01 1.400043999999999933e+01 6.095977000000000423e+00 -1.298151999999999973e+01 -1.133714999999999939e+01 6.222180999999999962e+00 -5.159086000000000283e+00 -8.778245000000000076e+00 -1.010397999999999907e+00 -3.244870000000000143e+00
-8.141676000000000357e+00 5.949802000000000035e+00 1.882725999999999900e+01 1.904899999999999949e+01 3.641989000000000143e+00 -1.636665999999999954e+01 -1.090291999999999994e+01 8.241656000000000759e+00 -4.066203999999999930e-01 -9.707186000000000092e+00 -2.369272000000000045e+00 -3.752949999999999786e+00
-8.012437999999999505e+00 1.079176999999999964e+01 1.941444999999999865e+01 1.134615999999999936e+01 3.526496999999999993e+00 -9.828191999999999595e+00 -9.215246999999999744e+00 6.880266999999999911e+00 5.484204999999999774e-01 -8.202002999999999489e+00 -3.464390999999999998e+00 -3.179358999999999824e+00
-7.940033999999999814e+00 1.014273000000000025e+01 1.996789000000000058e+01 1.309821999999999953e+01 3.066266000000000158e+00 -1.078862999999999950e+01 -8.047121999999999886e+00 8.024613000000000440e+00 -3.296974000000000071e+00 -8.135768000000000555e+00 4.211405999999999761e-01 -3.494298000000000126e+00
-8.432772999999999186e+00 1.060659000000000063e+01 2.081725000000000136e+01 1.326702000000000048e+01 3.619845999999999897e+00 -1.084596999999999944e+01 -7.037151999999999852e+00 9.155742999999999299e+00 -4.385023000000000337e+00 -9.441971000000000558e+00 -1.016224999999999934e+00 -3.646590000000000220e+00
-8.327750999999999237e+00 1.028945000000000043e+01 2.149924999999999997e+01 1.389411999999999914e+01 4.890258000000000216e+00 -1.148545000000000016e+01 -8.597194999999999254e+00 7.498700999999999617e+00 -4.628612000000000393e+00 -8.805842000000000169e+00 -1.635251000000000010e+00 -1.132355000000000000e+00
-7.810794999999999710e+00 1.021223999999999954e+01 1.858340000000000103e+01 1.479904999999999937e+01 5.865427000000000390e+00 -1.176829999999999998e+01 -4.708533000000000079e+00 7.202352999999999561e+00 -6.244019999999999904e+00 -1.000331000000000081e+01 -1.926596999999999893e+00 -1.211794999999999956e+00
-8.758217999999999392e+00 1.112274999999999991e+01 2.120476000000000028e+01 1.647466000000000008e+01 7.122815000000000119e+00 -9.831338000000000577e+00 -6.071922999999999959e+00 5.876789999999999736e+00 -6.705966000000000093e+00 -1.197572000000000081e+01 -2.042258000000000129e-01 -1.228361000000000036e+00
-8.142170999999999381e+00 1.058844000000000030e+01 1.928049000000000035e+01 1.499385999999999974e+01 6.843637000000000192e+00 -9.630649999999999267e+00 -3.936836000000000002e+00 6.284093000000000373e+00 -6.856728999999999630e+00 -1.019622000000000028e+01 -7.651531999999999778e-01 -2.349940000000000140e+00
-8.313418000000000418e+00 9.845582000000000278e+00 2.103273000000000081e+01 1.692984999999999829e+01 7.522694999999999688e+00 -1.281404999999999994e+01 -5.663011000000000017e+00 6.924440999999999846e+00 -7.025247000000000241e+00 -9.677103999999999928e+00 -2.575098999999999805e+00 -1.849577999999999944e+00
-8.323797000000000779e+00 9.794826999999999728e+00 1.956995999999999825e+01 1.731634999999999991e+01 5.938804000000000194e+00 -1.304236000000000040e+01 -3.959379999999999900e+00 8.035047999999999746e+00 -6.500379999999999825e+00 -1.063447000000000031e+01 -9.075701000000000462e-01 -3.787399999999999878e+00
-8.454271000000000313e+00 8.680694000000000798e+00 2.033240999999999943e+01 1.618440000000000012e+01 4.996633000000000102e+00 -1.025229000000000035e+01 -5.849605000000000388e+00 6.957136000000000209e+00 -6.965127999999999986e+00 -1.106803000000000026e+01 -1.578181000000000056e+00 -1.906241000000000074e+00
-8.957388999999999157e+00 7.765577000000000396e+00 2.081653000000000020e+01 1.572688999999999915e+01 5.566277000000000363e+00 -1.079876999999999931e+01 -8.427595000000000169e+00 9.168960000000000221e+00 -8.022650999999999755e+00 -1.205133999999999972e+01 -6.880321000000000353e-01 -2.768038999999999916e+00
-8.600561000000000789e+00 7.321399999999999686e+00 2.155922999999999945e+01 1.625191999999999837e+01 6.212772000000000183e+00 -1.289516000000000062e+01 -1.077529000000000003e+01 8.205830999999999875e+00 -6.901583999999999719e+00 -9.962464999999999904e+00 -1.174579999999999957e+00 -2.780651000000000206e+00
-8.348261000000000820e+00 6.406284000000000312e+00 2.235004999999999953e+01 1.648125999999999891e+01 7.210518999999999679e+00 -1.576773999999999987e+01 -1.159450000000000003e+01 8.242701000000000278e+00 -6.828070999999999557e+00 -1.130151000000000039e+01 -4.460625000000000284e+00 -1.438069000000000042e+00
-7.415170999999999957e+00 5.392120000000000246e+00 2.198553000000000068e+01 1.566713000000000022e+01 4.251578000000000301e+00 -1.842738999999999905e+01 -1.342333999999999961e+01 9.930350000000000676e+00 -3.701293000000000166e+00 -1.195254000000000083e+01 -4.188473000000000113e+00 -2.451594000000000051e+00
-7.114931999999999590e+00 6.667437999999999754e+00 1.949956999999999852e+01 1.069073999999999991e+01 6.189760999999999846e+00 -2.121291000000000082e+01 -1.635335999999999856e+01 1.122948000000000057e+01 -2.040718000000000032e+00 -9.887399999999999523e+00 -3.023258999999999919e+00 -4.081254000000000381e+00
-6.959745999999999988e+00 6.742801000000000045e+00 1.934872999999999976e+01 8.334490000000000620e+00 3.081462000000000145e+00 -2.156043999999999983e+01 -1.722806999999999888e+01 1.145696000000000048e+01 6.051123999999999947e-01 -8.232912000000000674e+00 -1.996863000000000055e+00 -2.479642999999999819e+00
-7.230084999999999873e+00 7.517958000000000141e+00 1.728726999999999947e+01 4.828047999999999895e+00 4.222488000000000241e+00 -2.033079000000000036e+01 -1.585530999999999935e+01 1.061834999999999951e+01 3.563060000000000116e+00 -6.868477999999999639e+00 -2.173726999999999965e+00 -1.965755999999999892e-01
-6.421787000000000134e+00 7.361696000000000240e+00 1.660275000000000034e+01 4.446981000000000073e+00 3.744456000000000007e+00 -2.136430000000000007e+01 -1.619520999999999944e+01 1.315573999999999977e+01 2.572509000000000157e+00 -6.591671999999999976e+00 -1.075350999999999946e+00 4.086406000000000205e-01
-6.888577999999999868e+00 8.163921000000000205e+00 1.504660999999999937e+01 4.483457999999999721e+00 6.654334000000000415e+00 -2.269919000000000153e+01 -1.849364999999999881e+01 1.115156999999999954e+01 6.112327999999999761e+00 -4.217435000000000045e+00 -1.137219999999999898e+00 8.894250999999999685e-01
-6.948132000000000197e+00 7.385689000000000171e+00 1.569951999999999970e+01 3.733353000000000144e+00 8.861273999999999873e+00 -2.387291000000000096e+01 -1.976061999999999941e+01 1.378112999999999921e+01 4.579153999999999947e+00 -4.855220000000000091e+00 -4.213644999999999752e-01 6.177837999999999941e-01
-6.951096999999999859e+00 7.948908000000000307e+00 1.566395999999999944e+01 3.904872000000000121e+00 6.931775000000000020e+00 -2.296106999999999942e+01 -1.766714999999999947e+01 1.179400000000000048e+01 6.236303000000000374e+00 -5.951679999999999637e+00 3.543023000000000144e-01 8.690944000000000447e-01
-7.513027000000000122e+00 8.409388999999999115e+00 1.658802999999999983e+01 7.193498000000000392e-01 7.683341999999999672e+00 -2.139402000000000115e+01 -1.541067999999999927e+01 1.026182999999999979e+01 2.614561000000000135e+00 -3.923519000000000201e+00 2.302723999999999993e+00 1.006515000000000049e+00
-7.103317999999999799e+00 9.176854999999999762e+00 1.643683000000000050e+01 1.347995000000000054e+00 5.343109000000000108e+00 -2.245655000000000001e+01 -1.425295999999999985e+01 9.871219999999999217e+00 3.316046000000000049e+00 -4.163895000000000124e+00 3.686104999999999965e+00 9.133326000000000500e-01
-7.458910000000000373e+00 9.266674999999999329e+00 1.675789999999999935e+01 1.061223999999999945e+00 6.025205999999999840e+00 -2.021855000000000047e+01 -1.597565999999999953e+01 7.448266000000000275e+00 3.018568999999999836e+00 -2.103721000000000174e+00 4.117468999999999824e+00 6.196661999999999448e-01
-7.993163000000000018e+00 9.536749999999999616e+00 1.701072999999999880e+01 8.082137999999999822e-01 9.786946000000000367e+00 -2.102899999999999991e+01 -2.086944000000000088e+01 8.496961000000000652e+00 4.233706999999999887e+00 -5.850147999999999460e-01 2.423033000000000214e+00 9.229332000000000091e-01
-7.831553000000000431e+00 7.615775000000000183e+00 1.557023000000000046e+01 1.859447999999999990e+00 9.890281999999999130e+00 -2.087901000000000096e+01 -2.052919999999999945e+01 9.777307999999999666e+00 3.453413999999999984e+00 2.029018999999999961e-01 4.225780999999999565e+00 -1.084162999999999988e+00
-8.154032000000000835e+00 6.166046999999999834e+00 1.480311000000000021e+01 2.601404000000000050e+00 9.231194999999999595e+00 -1.800503000000000142e+01 -2.040746000000000038e+01 8.572091000000000349e+00 3.651212999999999820e+00 -1.690306000000000086e+00 3.381733999999999796e+00 1.623966999999999938e+00
-8.406084999999999141e+00 3.930088000000000026e+00 1.473738999999999955e+01 2.442689999999999806e+00 1.171601000000000070e+01 -1.831935000000000002e+01 -2.055799000000000021e+01 7.702179000000000109e+00 3.923770000000000202e+00 -9.297111000000000125e-01 2.951741000000000170e+00 1.349690999999999974e+00
-7.084538000000000224e+00 6.834158000000000399e+00 1.291117000000000026e+01 4.148957000000000228e+00 1.058975000000000044e+01 -1.912944999999999851e+01 -2.207189999999999941e+01 6.241659000000000290e+00 4.355501000000000289e+00 -1.077358999999999956e+00 1.655591999999999953e+00 1.923440999999999901e-01
-6.974820000000000242e+00 9.499221999999999611e+00 1.464581000000000088e+01 1.803568000000000060e+00 7.943850000000000300e+00 -1.709703999999999979e+01 -2.078169000000000111e+01 6.961657999999999902e+00 4.313761000000000401e+00 -4.199495999999999896e+00 9.786403999999999659e-01 1.788872000000000018e+00
-7.673649000000000164e+00 9.962778000000000134e+00 1.546967000000000070e+01 2.303380000000000205e+00 8.342862000000000222e+00 -1.818370000000000175e+01 -1.925875999999999877e+01 5.813486000000000153e+00 4.472622999999999571e+00 -4.962575000000000180e+00 2.680981000000000058e-01 3.333255999999999997e+00
-7.744322999999999624e+00 9.323582000000000036e+00 1.540826000000000029e+01 9.645989999999999842e-01 8.420579999999999288e+00 -1.663727000000000089e+01 -1.905932999999999922e+01 7.357831000000000010e+00 1.298810000000000020e+00 -4.436836999999999698e+00 2.286806000000000116e-01 5.492616000000000165e-01
-9.843033000000000143e+00 2.239199999999999857e+00 1.892135000000000034e+01 3.498969000000000218e+00 9.742226000000000496e+00 -1.703515000000000157e+01 -2.378628000000000142e+01 6.479918999999999762e+00 3.407312999999999814e+00 -4.490376999999999619e+00 -5.798912000000000511e-01 9.773368000000000055e-01
-9.344364000000000559e+00 5.642508000000000301e+00 1.590817999999999977e+01 3.674368999999999996e+00 6.351276000000000366e+00 -1.610828000000000060e+01 -2.082295999999999836e+01 6.612440999999999569e+00 3.777991000000000099e+00 -4.954019999999999868e+00 -3.245881999999999934e+00 5.379667999999999672e-01
-1.136201999999999934e+01 4.398258000000000223e+00 1.767801000000000045e+01 4.360057000000000293e+00 8.927269000000000787e+00 -1.323780000000000001e+01 -2.119719999999999871e+01 9.512264000000000053e+00 8.244042000000000314e-01 -6.998464000000000240e+00 -3.734144000000000130e+00 4.382171999999999734e+00
-1.338115999999999950e+01 5.946727000000000096e+00 8.771010999999999669e+00 2.638656999999999808e+00 5.302296000000000120e+00 -9.010752000000000095e+00 -1.800739000000000090e+01 3.056653999999999760e-01 -3.534021000000000079e+00 -5.574142000000000152e+00 3.055768000000000040e+00 5.237004999999999910e+00
-1.616535999999999973e+01 5.008848000000000411e+00 6.627311999999999870e+00 1.647183000000000064e+00 4.744807999999999915e+00 -9.845672999999999675e+00 -2.006653000000000020e+01 -3.944417000000000062e+00 -4.423337000000000074e+00 -3.967950999999999784e+00 1.728086000000000011e+00 7.265909000000000395e-01
-1.628643999999999892e+01 5.871363999999999805e+00 4.451647999999999605e+00 1.974698999999999982e+00 4.685759000000000007e+00 -5.292416000000000231e+00 -1.794601000000000113e+01 -6.291197000000000372e+00 -2.596112000000000197e+00 -2.720530999999999811e+00 2.426118000000000219e+00 4.058168999999999804e-01
-1.409309000000000012e+01 5.248776999999999582e+00 1.428558999999999912e+01 1.150087999999999999e+00 6.293096000000000245e+00 -1.040053999999999945e+01 -2.269653999999999883e+01 4.030183000000000071e+00 -4.349663999999999753e-01 -5.868058000000000440e+00 -1.235935000000000006e+00 -7.054089000000000054e-01
-1.417463000000000051e+01 6.295855000000000423e+00 1.374221000000000004e+01 3.005754000000000037e+00 6.023469000000000406e+00 -9.645334000000000074e+00 -2.263618999999999915e+01 1.120969000000000104e+00 -2.453759999999999941e+00 -6.137688999999999950e+00 -2.639539000000000080e+00 4.558907999999999849e-01
-1.736383999999999972e+01 5.197408000000000250e+00 5.406958000000000375e+00 5.839700999999999809e+00 3.451817999999999831e+00 -3.194274000000000058e+00 -1.447735999999999912e+01 -6.796240000000000059e+00 -5.805748000000000353e+00 -5.127057999999999893e+00 6.743263000000000208e-03 -2.123884000000000050e-01
-1.329640000000000022e+01 9.948935999999999780e+00 8.569176000000000570e+00 8.927433999999999870e+00 7.141049999999999898e+00 -1.729316999999999993e+00 -9.265883999999999787e+00 -3.009809000000000179e+00 -4.180060000000000109e+00 -4.298848999999999698e+00 -1.238677000000000028e+00 -9.282941999999999583e-01
-8.632191000000000614e+00 1.626523999999999859e+01 1.474924000000000035e+01 5.343382000000000076e+00 7.461040999999999812e+00 -3.106517000000000195e+00 -1.184734000000000087e+01 -4.274503000000000164e+00 -7.055773000000000295e+00 -5.217577999999999605e+00 -6.079974999999999685e-01 -6.319924000000000097e-01
-9.061175000000000423e+00 1.385271000000000008e+01 1.830362999999999829e+01 3.642548000000000119e+00 6.910934000000000133e+00 -1.776866999999999974e+00 -1.029146000000000072e+01 -6.512031000000000347e-01 -6.932109999999999772e+00 -5.055026999999999937e+00 -2.166014999999999802e+00 -1.026936000000000071e+00
-6.857442999999999955e+00 1.687612999999999985e+01 1.554940000000000033e+01 7.232304000000000510e-01 6.663016999999999967e+00 -2.193277999999999839e+00 -7.866769999999999818e+00 1.577663999999999955e+00 -7.936366999999999727e+00 -6.583116999999999663e+00 -1.642962999999999951e+00 -1.407572999999999963e+00
-6.747231000000000201e+00 1.647810000000000130e+01 1.330658000000000030e+01 -1.031155000000000044e+00 7.593032000000000004e+00 -1.714982000000000006e+00 -5.019639999999999880e+00 4.898355999999999710e+00 -9.692883000000000138e+00 -1.007534000000000063e+01 -4.342201000000000199e+00 -1.310624999999999929e+00
-6.395592999999999861e+00 1.811422999999999917e+01 1.331304000000000087e+01 -6.590122999999999953e-01 7.347286000000000428e+00 -2.335928000000000004e+00 -3.967356999999999800e+00 1.476447000000000065e+00 -8.608570999999999529e+00 -8.626181000000000765e+00 -5.949747000000000341e+00 1.018186999999999953e+00
-6.664696000000000176e+00 1.902073000000000036e+01 1.581659999999999933e+01 -3.683609999999999940e-01 6.912237000000000187e+00 -3.670472999999999875e+00 -3.997878000000000043e+00 6.496650999999999954e-01 -1.005950999999999951e+01 -5.040953000000000017e+00 -3.670904999999999863e+00 -2.471359999999999779e+00
-6.705963999999999814e+00 1.822681000000000040e+01 1.592864999999999931e+01 6.037101999999999746e-01 6.328263999999999889e+00 -4.197019000000000055e+00 -5.419189000000000256e+00 3.056618999999999975e+00 -1.089338000000000051e+01 -8.464733999999999980e+00 -2.772015000000000118e+00 -1.080962999999999896e+00
-7.106777000000000122e+00 1.962486000000000175e+01 1.700176000000000087e+01 7.403045999999999793e-01 6.201918000000000042e+00 -3.205811999999999884e+00 -8.280886000000000635e+00 2.750879999999999992e+00 -9.486672999999999689e+00 -7.371860999999999997e+00 -3.523518000000000150e+00 -1.912265000000000104e+00
-5.873447999999999780e+00 1.830279000000000167e+01 1.490295000000000059e+01 2.195501000000000147e+00 5.987866000000000355e+00 -4.317642000000000202e+00 -6.739919000000000437e+00 6.541867999999999572e-01 -6.923700000000000188e+00 -6.346052000000000248e+00 -4.871936999999999962e+00 -2.817359000000000169e+00
-5.739266999999999896e+00 1.779371000000000080e+01 1.566216999999999970e+01 2.513704000000000160e+00 5.225880000000000081e+00 -4.703286000000000300e+00 -8.803212000000000259e+00 1.267403000000000057e+00 -4.783113000000000170e+00 -6.955410999999999788e+00 -4.476048999999999722e+00 -4.791324000000000360e+00
-5.734325000000000117e+00 1.906748999999999938e+01 1.549300999999999995e+01 1.970431000000000044e+00 4.780409999999999826e+00 -5.117250000000000298e+00 -7.936482999999999954e+00 8.886212999999999473e-01 -5.820076000000000249e+00 -6.451200000000000045e+00 -1.605944999999999956e+00 -5.920810000000000350e+00
-5.389605999999999675e+00 1.899490000000000123e+01 1.506169000000000047e+01 7.604834000000000316e-01 3.332418000000000102e+00 -5.627712999999999965e+00 -6.336208000000000062e+00 3.762739999999999974e-01 -4.378792999999999935e+00 -4.529289999999999594e+00 -4.290102000000000082e+00 -4.965453000000000117e+00
-5.549980999999999831e+00 2.093248000000000175e+01 1.482071000000000005e+01 -1.465772999999999993e+00 1.264850000000000030e+00 -5.359894999999999854e+00 -6.555057999999999829e+00 1.829838000000000076e+00 -2.757155000000000022e+00 -6.097120000000000317e+00 -3.163276000000000199e+00 -2.838442999999999827e+00
-4.734763000000000055e+00 2.068547999999999831e+01 1.433047999999999966e+01 -3.190665999999999780e+00 -1.401018000000000097e+00 -5.934689999999999799e+00 -7.357275999999999705e+00 4.503922000000000203e+00 -8.174810999999999606e-01 -4.196184999999999832e+00 -2.549221000000000181e+00 -4.594416999999999973e+00
-4.007268999999999970e+00 1.978666000000000125e+01 1.353031999999999968e+01 -2.531753000000000142e+00 -3.996983999999999870e+00 -1.072779000000000060e+01 -6.779110000000000191e+00 7.567223000000000255e+00 2.935087999999999919e+00 -4.145957000000000114e+00 -3.138082999999999956e+00 -4.887330999999999648e+00
-3.400612999999999886e+00 1.991031999999999869e+01 1.097791999999999923e+01 -2.856164999999999843e+00 -3.368724999999999969e+00 -1.463213000000000008e+01 -3.157507999999999981e+00 5.474008000000000429e+00 3.263714999999999922e+00 6.604731999999999825e-01 -3.702952999999999939e+00 -5.615661000000000236e+00
-3.521450000000000191e+00 2.097092999999999918e+01 1.114635999999999960e+01 -5.264029999999999987e+00 -4.485002999999999851e+00 -1.739247999999999905e+01 -1.057104000000000044e+00 6.018703000000000358e+00 4.545823999999999643e+00 1.258240999999999943e+00 -3.640055999999999958e+00 -1.773714000000000013e+00
-2.422795999999999950e+00 2.108381999999999934e+01 1.001148000000000060e+01 -6.192250999999999728e+00 -5.824016000000000304e+00 -1.751695000000000135e+01 -3.126640000000000086e+00 5.981137000000000370e+00 6.598569999999999602e+00 7.719681999999999933e-01 -2.992239000000000093e+00 -1.570783000000000040e+00
-1.706174999999999997e+00 1.932157000000000124e+01 9.739250000000000185e+00 -6.381620999999999988e+00 -6.208700000000000330e+00 -1.520448000000000022e+01 -5.561735999999999791e+00 4.076095999999999719e+00 4.953880999999999979e+00 1.400369999999999893e+00 7.978342999999999963e-01 1.067884000000000055e+00
-1.169697999999999904e+00 1.857040999999999897e+01 1.097791999999999923e+01 -2.399039000000000144e+00 -1.224989000000000061e+01 -1.781868000000000052e+01 -7.450921000000000127e+00 8.897655000000000314e+00 4.747983999999999760e+00 6.679245999999999794e-01 4.042233000000000409e+00 6.345378000000000407e-01
-1.379000999999999921e+00 1.781831999999999994e+01 1.033901000000000003e+01 -4.960961000000000176e+00 -9.867972999999999217e+00 -1.860954999999999870e+01 -6.974723000000000006e+00 8.782873000000000374e+00 2.930727000000000082e+00 1.030283000000000060e+00 2.297067999999999888e+00 3.481406999999999918e+00
-2.152210000000000178e+00 1.790199000000000140e+01 1.338559000000000054e+01 -5.046331999999999596e+00 -1.315428999999999959e+01 -1.892071999999999932e+01 -7.314269999999999605e+00 7.297310000000000407e+00 7.040269000000000332e+00 2.000344999999999818e+00 1.031597000000000097e+00 2.211864999999999970e+00
-1.734593000000000051e+00 1.690013000000000076e+01 1.300417999999999985e+01 -3.886444000000000010e+00 -1.518060999999999972e+01 -1.667747999999999919e+01 -8.139379999999999171e+00 7.808614000000000388e+00 6.924393000000000242e+00 -5.113286999999999694e-01 1.148649999999999949e+00 4.598657000000000217e+00
-2.515957000000000221e+00 1.389977999999999980e+01 1.328430999999999962e+01 -4.988901000000000252e+00 -1.495570000000000022e+01 -1.316613000000000078e+01 -1.004035999999999973e+01 7.285135999999999612e+00 8.173173000000000243e+00 -1.917435999999999918e+00 3.136317000000000021e+00 6.415811999999999848e+00
-2.278976999999999808e+00 1.652608000000000033e+01 1.226506999999999969e+01 -4.388195999999999763e+00 -1.584360000000000035e+01 -1.357729999999999926e+01 -9.296751999999999683e+00 6.287571999999999939e+00 7.945159000000000304e+00 -1.291517999999999944e+00 3.222693000000000030e+00 4.872368999999999950e+00
-1.576689000000000007e+00 1.722772000000000148e+01 1.070604999999999940e+01 -1.985374999999999890e+00 -1.423582999999999998e+01 -1.556879999999999953e+01 -1.079124000000000017e+01 4.830530000000000435e+00 4.952946999999999989e+00 -5.049812000000000189e-01 4.907531999999999783e+00 4.900605999999999796e+00
-2.632098000000000049e+00 1.798627000000000109e+01 1.132987999999999928e+01 -1.953942999999999985e+00 -1.461096000000000039e+01 -1.601737999999999928e+01 -7.989201999999999693e+00 6.062528999999999613e+00 5.955022999999999733e+00 -4.611006999999999745e-01 4.761002000000000400e+00 3.546352000000000171e+00
-3.404319000000000095e+00 1.657190999999999903e+01 1.130832999999999977e+01 -2.040090999999999877e+00 -1.361799000000000071e+01 -1.449367999999999945e+01 -9.646357000000000070e+00 4.283400000000000318e+00 7.061449999999999783e+00 1.004893999999999954e+00 3.521065999999999807e+00 2.279634000000000160e+00
-4.222997000000000334e+00 1.636827999999999861e+01 8.520692000000000377e+00 -1.278343999999999925e+00 -1.043284000000000056e+01 -1.169907000000000075e+01 -1.146547999999999945e+01 2.464967000000000130e+00 5.978385000000000282e+00 3.708095999999999837e+00 5.085252999999999801e+00 3.345304000000000055e+00
-4.975201000000000207e+00 1.514279999999999937e+01 1.109248999999999974e+01 -2.309010999999999925e+00 -1.353983999999999988e+01 -1.088198000000000043e+01 -1.065320000000000000e+01 5.516094999999999970e+00 7.917125000000000412e+00 -1.252053000000000083e+00 2.816349999999999909e+00 4.130485000000000184e+00
-5.639681999999999640e+00 1.367800000000000082e+01 8.590006000000000697e+00 -3.634986000000000050e+00 -1.500606999999999935e+01 -1.262279999999999980e+01 -1.247719000000000023e+01 1.485837999999999992e+00 8.147007000000000332e+00 2.903620999999999786e+00 5.281482999999999706e+00 3.978381000000000167e+00
-1.171711999999999954e+01 8.478291999999999717e+00 -4.383871999999999769e-01 -4.066887999999999614e+00 -1.047583000000000020e+01 -9.563520000000000465e+00 -1.245012999999999970e+01 -6.748240000000000016e+00 1.996868000000000087e+00 5.721631000000000355e+00 5.139408999999999672e+00 8.120553000000000354e-01
