-1.182760999999999996e+01 8.643186999999999287e+00 1.915250999999999948e+01 7.811613000000000362e+00 4.323415999999999926e+00 -1.700813999999999937e-01 -6.703172000000000352e+00 3.958056000000000019e+00 -1.682930000000000037e+00 -5.759528999999999677e+00 -2.062259000000000064e+00 1.731684999999999919e+00
-7.369354000000000404e+00 1.387125999999999948e+01 2.010829000000000022e+01 4.749935999999999936e+00 1.605766000000000027e+00 -7.817809999999999704e+00 -9.346102000000000132e+00 1.649016000000000037e+00 -8.752883000000000191e-01 -3.648581000000000074e+00 -3.256317999999999824e+00 -4.739670000000000272e-01
-7.760919999999999597e+00 1.181521000000000043e+01 2.154890999999999934e+01 8.252205000000000013e+00 1.131091000000000069e+00 -1.184600000000000009e+01 -1.094824999999999982e+01 1.472901000000000016e+00 -1.965719999999999912e+00 -3.642510000000000137e+00 -2.213583999999999996e+00 -2.664404000000000217e-01
-7.710194999999999688e+00 1.168589000000000055e+01 2.048040999999999912e+01 8.305248000000000630e+00 3.750767000000000184e+00 -8.472697999999999396e+00 -9.855048000000000030e+00 2.360195000000000043e+00 -3.540850999999999971e+00 -7.475094999999999601e+00 -3.407643999999999895e+00 -1.210207999999999950e+00
-8.813713999999999160e+00 1.385528000000000048e+01 2.385304000000000002e+01 7.103906000000000276e+00 3.615072000000000063e+00 -5.976263999999999577e+00 -1.026385999999999932e+01 -7.251765000000000017e-01 -5.095620000000000260e+00 -4.492500999999999856e+00 -3.852576000000000001e+00 -2.557878999999999792e+00
-9.038541000000000381e+00 1.361608000000000018e+01 2.445870000000000033e+01 6.742340000000000444e+00 1.046772000000000036e+00 -7.935709000000000124e+00 -8.225870000000000459e+00 1.092778000000000027e+00 -4.221152000000000015e+00 -5.695053999999999839e+00 -3.544188999999999812e+00 3.650137999999999994e-01
-8.437200999999999951e+00 1.275619000000000014e+01 2.312886999999999915e+01 4.438165999999999833e+00 3.083728999999999942e+00 -6.635449999999999626e+00 -8.273315999999999448e+00 9.429273999999999711e-01 -6.559185000000000265e+00 -6.024976999999999805e+00 2.821829000000000143e-01 4.596750000000000003e-01
-8.842511999999999261e+00 1.386161000000000065e+01 2.473741000000000057e+01 3.255225999999999953e+00 2.688763999999999932e+00 -7.340075999999999823e+00 -8.418414000000000286e+00 1.345650000000000013e+00 -5.765882000000000396e+00 -5.729341999999999935e+00 4.447585000000000011e-01 -1.607968000000000064e+00
-8.983888999999999569e+00 1.351012000000000057e+01 2.497325999999999979e+01 5.923672999999999966e+00 2.553751999999999800e+00 -8.152162999999999826e+00 -7.361628999999999756e+00 1.270113999999999965e+00 -5.906130000000000102e+00 -4.901008000000000031e+00 -9.996717000000000519e-01 9.627599000000000573e-02
-9.163389999999999702e+00 1.395520999999999923e+01 2.391518999999999906e+01 5.242218000000000266e+00 2.428809999999999913e+00 -6.616722000000000214e+00 -6.562211999999999712e+00 1.595264999999999933e+00 -7.347610000000000419e+00 -4.775667000000000328e+00 2.165147999999999850e+00 -2.229636999999999869e+00
-9.041650000000000631e+00 1.442215999999999987e+01 2.357588000000000150e+01 3.669024999999999981e+00 3.403252000000000166e+00 -6.106136000000000230e+00 -5.621283000000000030e+00 8.160838999999999732e-01 -6.534233000000000402e+00 -5.421075000000000088e+00 -1.160482999999999931e+00 -9.938072999999999491e-01
-9.185480000000000089e+00 1.419879000000000069e+01 2.263592999999999833e+01 5.453853999999999758e+00 2.526953999999999922e+00 -5.631472999999999729e+00 -5.247505000000000308e+00 2.914038999999999935e-01 -6.548573000000000199e+00 -6.056639999999999802e+00 -2.765502999999999822e+00 -7.985685000000000144e-01
-9.210188999999999737e+00 1.410232000000000063e+01 2.266178999999999988e+01 5.305005000000000415e+00 3.904895999999999923e+00 -3.995327000000000073e+00 -7.619824999999999626e+00 -1.508634000000000031e+00 -5.576877999999999780e+00 -4.198998999999999704e+00 -2.712781999999999805e+00 -2.023020999999999958e+00
-9.535975000000000534e+00 1.338832999999999984e+01 2.299377000000000137e+01 6.617577999999999960e+00 4.179015999999999842e+00 -6.421145000000000103e+00 -5.635075999999999752e+00 4.443082999999999894e-01 -8.343109999999999360e+00 -3.911896000000000040e+00 -2.269172999999999885e+00 -7.330337999999999576e-01
-9.794674000000000547e+00 1.349202999999999975e+01 2.310493999999999915e+01 5.853578999999999866e+00 4.627748000000000417e+00 -4.491176000000000279e+00 -8.373727000000000587e+00 4.711835999999999802e-01 -5.430894999999999584e+00 -4.753191000000000166e+00 -3.478232999999999908e+00 -1.179716999999999905e+00
-9.394272000000000844e+00 1.318214000000000041e+01 2.230704000000000065e+01 5.009472999999999843e+00 5.676266000000000034e+00 -7.015242999999999896e+00 -7.558862000000000414e+00 1.243034999999999890e+00 -6.416642999999999653e+00 -5.425996999999999737e+00 -5.441493000000000357e+00 -5.075307000000000013e-01
-8.781969000000000136e+00 1.257562000000000069e+01 2.415529000000000082e+01 4.112052000000000263e+00 3.211402000000000090e+00 -8.541164999999999452e+00 -8.898120000000000474e+00 4.595783999999999980e-01 -5.815500000000000114e+00 -5.543626999999999860e+00 -5.185607000000000077e+00 8.706321999999999672e-01
-7.749628999999999657e+00 1.164940999999999960e+01 2.287835000000000107e+01 4.732615000000000016e+00 2.653432000000000013e+00 -1.121781999999999968e+01 -1.148947000000000074e+01 2.740724999999999856e+00 -7.498183000000000042e+00 -4.261998000000000175e+00 -3.504483000000000015e+00 -1.380984999999999907e+00
-7.205396999999999608e+00 1.185951999999999984e+01 2.117214999999999847e+01 3.282019000000000020e+00 2.806024999999999991e+00 -1.492824000000000062e+01 -1.024868999999999986e+01 4.375234999999999985e+00 -7.334418000000000326e+00 -4.644582999999999906e+00 -6.257460000000000022e+00 -1.643837999999999966e-01
-7.110818000000000083e+00 1.161339000000000077e+01 2.125438000000000116e+01 4.341420999999999752e-01 1.422962999999999978e+00 -1.724414000000000158e+01 -9.209555999999999187e+00 5.207149000000000250e+00 -3.495249999999999968e+00 -4.124024000000000356e+00 -6.400182000000000038e+00 8.033909000000000189e-01
-6.742161000000000293e+00 1.204008999999999929e+01 1.954508999999999830e+01 -1.452986000000000111e+00 1.200218000000000007e+00 -1.708848000000000056e+01 -1.130353999999999992e+01 4.861434000000000033e+00 1.850503999999999927e+00 -3.520942999999999934e+00 -5.362741999999999898e+00 4.554653000000000174e-01
-6.521423999999999666e+00 1.241705999999999932e+01 1.874179000000000173e+01 -3.797483999999999860e+00 7.489268999999999510e-01 -1.781736000000000075e+01 -1.068729000000000084e+01 5.525580999999999854e+00 2.750853999999999799e-01 -1.791760000000000019e+00 -3.995298000000000016e+00 1.169748000000000010e+00
-5.942666000000000004e+00 1.230221000000000053e+01 1.753316999999999837e+01 -5.384750000000000369e+00 -1.763573999999999975e-01 -1.659110000000000085e+01 -1.010055999999999976e+01 4.358336000000000432e+00 1.896175999999999973e-01 2.115800000000000125e+00 -3.580146000000000051e+00 8.888363000000000236e-01
-5.848577999999999832e+00 1.155851999999999968e+01 1.696611000000000047e+01 -4.814524999999999721e+00 -6.646878000000000508e-01 -1.620670000000000144e+01 -1.168890999999999991e+01 4.309268000000000320e+00 5.207552999999999876e+00 8.005381999999999776e-01 -6.328930999999999862e+00 2.745994000000000046e+00
-5.975717999999999641e+00 1.262415999999999983e+01 1.586674000000000007e+01 -5.806396999999999586e+00 6.402004000000000028e-01 -1.592975999999999992e+01 -1.137415999999999983e+01 3.770335999999999910e+00 5.769690999999999903e+00 6.169561000000000073e-01 -6.842467000000000077e+00 3.505787000000000209e+00
-5.707201999999999664e+00 1.114387999999999934e+01 1.719617999999999824e+01 -5.533869000000000149e+00 -8.109648999999999885e-01 -1.465407000000000082e+01 -1.245770000000000088e+01 5.391001000000000154e+00 5.349808000000000341e+00 -1.158327000000000107e+00 -4.831337999999999688e+00 3.649713000000000207e+00
-5.781817000000000206e+00 1.250237000000000087e+01 1.668625000000000114e+01 -6.864303999999999739e+00 8.762579999999999814e-01 -1.554720999999999975e+01 -1.170600999999999914e+01 4.072276999999999703e+00 6.221694000000000280e+00 1.881056000000000117e-01 -4.195374000000000159e+00 3.036918000000000006e+00
-5.484665999999999819e+00 1.231395999999999979e+01 1.580766999999999989e+01 -7.452119999999999855e+00 2.151943000000000050e-01 -1.275878999999999941e+01 -1.177276999999999951e+01 2.343498999999999999e+00 7.254766000000000048e+00 2.389615000000000045e+00 -6.214444000000000301e+00 1.900414000000000048e+00
-5.724873999999999796e+00 1.283878999999999948e+01 1.671944999999999837e+01 -8.086484999999999701e+00 5.022868000000000333e-01 -1.249812999999999974e+01 -1.360027999999999970e+01 4.875890000000000057e+00 7.742046000000000205e+00 -2.185969000000000106e-01 -6.463270999999999766e+00 2.265178999999999832e+00
-5.948719999999999786e+00 1.369656999999999947e+01 1.747681000000000040e+01 -5.911944000000000088e+00 -1.580583999999999989e+00 -1.385732999999999926e+01 -1.405763999999999925e+01 6.510195999999999650e+00 8.538503999999999650e+00 -4.241630000000000122e-01 -5.074208999999999747e+00 1.794262000000000024e+00
-5.975882999999999612e+00 1.317913000000000068e+01 1.627629999999999910e+01 -4.366627000000000258e+00 1.381998000000000060e+00 -1.825210999999999828e+01 -1.328580999999999968e+01 6.217418000000000333e+00 9.328362999999999516e+00 6.023549000000000264e-01 -5.396050999999999931e+00 1.060295999999999905e+00
-6.345850000000000435e+00 1.328373000000000026e+01 1.768333000000000155e+01 -3.857294000000000000e+00 -9.403443000000000218e-01 -1.821404000000000067e+01 -1.299699000000000026e+01 5.939095000000000013e+00 1.045234999999999914e+01 -1.680667000000000133e-01 -7.490343000000000195e+00 3.047841000000000022e+00
-5.818143000000000065e+00 1.502717999999999954e+01 1.603426999999999936e+01 -6.801245999999999903e+00 -4.064410999999999996e-01 -1.456256999999999913e+01 -1.084204000000000079e+01 2.932720999999999911e+00 7.982389000000000401e+00 -7.736089000000000437e-01 -3.764781000000000155e+00 2.497281000000000084e+00
-5.529664000000000357e+00 1.378128000000000064e+01 1.503410000000000046e+01 -6.779325000000000045e+00 1.962839999999999918e+00 -1.212570000000000014e+01 -1.288885999999999932e+01 3.126142000000000198e+00 5.921696999999999989e+00 1.082883999999999958e+00 -4.729424999999999990e+00 1.828281000000000045e+00
-5.741728000000000165e+00 9.742580000000000240e+00 1.479669999999999952e+01 -1.965565999999999924e+00 2.238496000000000041e+00 -1.357025999999999932e+01 -1.617755999999999972e+01 5.320758999999999794e+00 5.956686999999999621e+00 5.644571999999999923e-01 -4.160300000000000331e+00 3.193898000000000015e-01
-7.762883000000000422e+00 6.182587999999999973e+00 1.827393999999999963e+01 -1.361782000000000048e+00 2.877883000000000191e+00 -1.410787000000000013e+01 -1.622887000000000057e+01 6.137198999999999849e+00 6.498460999999999821e+00 -2.286398000000000152e+00 -4.330155000000000420e+00 1.094314999999999927e+00
-6.521751000000000076e+00 1.284617000000000075e+01 1.613346999999999909e+01 -4.446193000000000062e+00 2.806537000000000059e+00 -1.266391999999999918e+01 -1.753529999999999944e+01 2.865126000000000062e+00 5.149619000000000391e+00 -4.628834000000000337e+00 -4.521408000000000094e+00 -4.609964999999999757e-01
-7.639997000000000149e+00 1.207446000000000019e+01 1.628788000000000125e+01 -1.458939999999999904e+00 3.341975999999999836e+00 -1.278274000000000044e+01 -1.598694000000000059e+01 2.326397000000000048e+00 3.516839000000000048e+00 -3.012522999999999840e+00 -2.679692999999999881e+00 1.732596000000000025e+00
-8.906328000000000245e+00 6.958071999999999591e+00 1.846501999999999910e+01 8.495646000000000031e-01 6.596585000000000365e-01 -1.431418999999999997e+01 -1.784287000000000134e+01 3.337073000000000178e+00 3.708711999999999787e+00 -5.547399999999999665e+00 -7.555858999999999881e+00 4.367637000000000214e+00
-1.005452000000000012e+01 8.078568000000000637e+00 1.834033000000000158e+01 1.905035000000000034e+00 3.255097000000000129e+00 -1.137440999999999924e+01 -1.904476000000000013e+01 3.983913999999999955e+00 3.105274000000000090e+00 -6.590323999999999849e+00 -4.833323000000000036e+00 -5.309684999999999544e-01
-9.850635999999999726e+00 5.990714999999999790e+00 1.810717999999999961e+01 2.300159999999999982e+00 1.671821999999999919e+00 -1.259821999999999953e+01 -2.332514000000000109e+01 2.647476000000000163e+00 2.339506000000000085e+00 -6.236777000000000015e+00 -4.194050999999999974e+00 1.153903000000000012e-01
-1.411974000000000018e+01 7.259825000000000195e+00 2.723238999999999965e+00 -1.314819999999999878e-01 -1.371153999999999984e+00 -9.869362999999999886e+00 -1.516215000000000046e+01 -5.536067000000000071e+00 -5.065217999999999776e+00 -7.138446000000000069e+00 -3.999931000000000125e+00 1.217419999999999947e+00
-1.581968999999999959e+01 5.149513999999999925e+00 2.197484000000000215e+00 -1.982885999999999926e+00 -1.401705999999999896e+00 -7.173360999999999876e+00 -1.671766999999999825e+01 -6.645489999999999675e+00 -5.837297000000000402e+00 -4.153226000000000084e+00 -2.669325000000000170e+00 4.394714999999999705e+00
-1.346848999999999918e+01 9.038389000000000451e+00 1.084195000000000064e+01 6.066027000000000058e+00 7.581795999999999758e+00 1.868576000000000015e+00 -6.595866000000000007e+00 1.361124000000000001e+00 -1.121367000000000003e+00 -2.277375000000000149e+00 -1.601664999999999894e+00 1.452253000000000016e+00
-9.373817999999999984e+00 1.005186999999999919e+01 2.034299000000000035e+01 4.943438999999999695e+00 6.120730000000000004e+00 -8.631430999999999187e+00 -1.555274999999999963e+01 6.653124000000000038e+00 3.290046999999999833e-01 -8.361834999999999241e+00 -9.057641999999999527e+00 3.210658999999999735e-02
-9.338801000000000130e+00 1.182846999999999937e+01 2.301075000000000159e+01 5.129904999999999937e+00 8.666499999999999204e+00 -8.632351999999999137e+00 -1.491830000000000034e+01 3.772982999999999976e+00 -8.219425999999999677e-01 -7.811416000000000359e+00 -1.044802999999999926e+01 1.937505000000000033e+00
-8.917291999999999774e+00 1.308327000000000062e+01 2.264248999999999867e+01 4.366717999999999655e+00 6.894788000000000139e+00 -9.889934000000000225e+00 -1.288058000000000014e+01 5.949682000000000137e+00 8.790961999999999943e-01 -5.956400000000000361e+00 -8.680652999999999508e+00 2.297604999999999897e+00
-8.793423999999999907e+00 1.454968000000000039e+01 2.216422000000000025e+01 3.951836999999999822e+00 6.865770999999999624e+00 -6.003281999999999563e+00 -1.174324999999999974e+01 3.424418000000000184e+00 -1.715626000000000095e+00 -6.458092999999999861e+00 -7.791007999999999711e+00 3.630796000000000023e-01
-9.426507000000000858e+00 1.474817999999999962e+01 2.422709000000000046e+01 3.864964000000000066e+00 8.411837999999999482e+00 -6.790498999999999619e+00 -8.289592000000000738e+00 7.706808000000000547e-01 -2.800607999999999986e+00 -5.567908000000000079e+00 -8.540577000000000751e+00 1.855928000000000022e+00
-9.331110999999999933e+00 1.363809000000000005e+01 2.548473999999999862e+01 6.310679000000000372e+00 7.786106000000000193e+00 -7.415297999999999945e+00 -9.900838999999999501e+00 1.615626000000000007e+00 -3.105195000000000149e+00 -6.238582000000000072e+00 -7.284531999999999563e+00 3.262989999999999835e+00
-9.819710000000000605e+00 1.258060000000000045e+01 2.570205999999999946e+01 8.659779000000000337e+00 8.239445999999999160e+00 -7.469948999999999728e+00 -1.089555999999999969e+01 1.192746000000000084e+00 -5.400135999999999825e-01 -6.052209999999999646e+00 -1.113185999999999964e+01 3.411239999999999828e+00
-1.054115000000000002e+01 1.143960000000000043e+01 2.693384999999999962e+01 9.083320000000000505e+00 8.128671000000000646e+00 -8.160144999999999982e+00 -1.018220999999999954e+01 6.027099000000000206e-01 -2.773005000000000053e-01 -4.828821999999999726e+00 -1.229106999999999950e+01 4.898285999999999696e+00
-1.001345000000000063e+01 1.025158000000000058e+01 2.690914000000000073e+01 9.649214999999999876e+00 5.490389999999999660e+00 -7.038883000000000223e+00 -8.378968000000000416e+00 2.117706000000000088e+00 -8.451737999999999751e-01 -6.260402000000000022e+00 -1.151877999999999957e+01 2.974568999999999797e+00
-1.011735000000000007e+01 1.065521999999999991e+01 2.610159000000000162e+01 8.395099000000000089e+00 6.646441000000000265e+00 -6.428513999999999839e+00 -7.721063000000000009e+00 4.597820000000000240e-01 -3.988267000000000007e+00 -5.750670000000000393e+00 -7.272840000000000416e+00 4.348181000000000296e+00
-1.027984000000000009e+01 1.064799000000000007e+01 2.749473000000000056e+01 8.816475999999999758e+00 5.230608000000000146e+00 -6.991601000000000177e+00 -7.493484999999999729e+00 -2.713496000000000241e-01 -2.362370999999999999e+00 -4.702168000000000347e+00 -8.895507999999999527e+00 3.255481000000000069e+00
-9.749349000000000487e+00 1.139333000000000062e+01 2.592015999999999920e+01 7.405121000000000286e+00 4.848955000000000126e+00 -7.076647999999999605e+00 -7.443831999999999560e+00 9.504607000000000472e-01 -3.125557999999999836e+00 -3.435140000000000082e+00 -7.203795000000000393e+00 4.294478999999999935e+00
-9.278912999999999300e+00 1.147306000000000026e+01 2.537124999999999986e+01 5.748032000000000252e+00 3.676860000000000017e+00 -6.368337000000000359e+00 -6.587866000000000000e+00 3.526625999999999816e+00 -3.021735000000000060e+00 -6.456287999999999805e+00 -6.228120999999999796e+00 1.996213999999999933e+00
-8.893565000000000609e+00 1.167398000000000025e+01 2.444172000000000011e+01 5.799451999999999607e+00 3.731308999999999987e+00 -6.538122999999999685e+00 -7.520794999999999675e+00 4.881794000000000189e+00 -3.560067000000000093e+00 -7.901156000000000290e+00 -6.831438000000000343e+00 2.376450999999999869e+00
-9.071103000000000804e+00 1.179711999999999961e+01 2.632509999999999906e+01 6.187269999999999825e+00 2.344832999999999945e+00 -9.266362000000000876e+00 -9.051493000000000677e+00 3.621503999999999834e+00 -8.368565000000000031e-01 -6.044007999999999825e+00 -8.896390000000000242e+00 2.517873999999999945e+00
-8.239699999999999136e+00 1.264541000000000004e+01 2.433748999999999896e+01 2.854689000000000032e+00 2.496913999999999856e+00 -9.616372999999999394e+00 -1.008014000000000010e+01 5.362497000000000291e+00 3.746067000000000147e-01 -6.355227000000000182e+00 -9.601620000000000488e+00 2.345504000000000033e+00
-7.669122999999999912e+00 1.344064000000000014e+01 2.207697999999999894e+01 2.885812000000000044e+00 3.403066000000000146e-01 -1.221504999999999974e+01 -9.078526000000000096e+00 5.950293000000000276e+00 3.258499000000000256e-01 -7.246724999999999639e+00 -5.351932999999999829e+00 2.836332000000000075e+00
-7.400280000000000413e+00 1.228728000000000087e+01 2.154311999999999827e+01 -1.847299000000000024e+00 1.959254999999999969e+00 -9.684226000000000667e+00 -1.249356000000000044e+01 5.155026999999999582e+00 1.871440999999999910e+00 -3.701243999999999978e+00 -7.841965000000000074e+00 3.817076999999999831e+00
-6.664436000000000249e+00 1.201778999999999975e+01 2.041054000000000102e+01 -3.865955000000000030e+00 1.566167000000000087e+00 -9.155219000000000662e+00 -1.388551000000000002e+01 3.443963999999999803e+00 4.326775999999999733e+00 -3.244502999999999915e+00 -8.177042999999999395e+00 4.396194000000000379e+00
-6.211181999999999981e+00 1.099074000000000062e+01 1.999171000000000120e+01 -2.553653000000000173e+00 -1.193485999999999991e-01 -1.253650000000000020e+01 -1.568957999999999942e+01 4.686745000000000161e+00 6.283644999999999925e+00 -3.094552999999999887e+00 -6.613713999999999871e+00 3.150351999999999819e+00
-5.722747000000000028e+00 1.195734000000000030e+01 1.885837000000000074e+01 -3.573399999999999910e+00 -2.239785999999999999e-01 -1.441244000000000014e+01 -1.601700999999999908e+01 4.316597999999999935e+00 7.244152999999999842e+00 -3.644970999999999961e+00 -5.539655999999999914e+00 4.867907999999999902e+00
-5.789671000000000234e+00 1.276975999999999978e+01 1.724365999999999843e+01 -5.530350999999999573e+00 7.175207999999999586e-01 -1.470073999999999970e+01 -1.513180999999999976e+01 2.727084000000000064e+00 8.348065000000000069e+00 -2.599422999999999817e+00 -6.127310999999999730e+00 3.701026000000000149e+00
-5.152007000000000225e+00 1.256944000000000017e+01 1.794930000000000092e+01 -6.051861999999999853e+00 -2.519181999999999810e+00 -1.376061999999999941e+01 -1.366178999999999988e+01 5.722464000000000439e+00 6.332114999999999938e+00 -3.401180000000000092e+00 -4.630158999999999914e+00 3.153424999999999923e+00
-5.096371999999999680e+00 1.292756999999999934e+01 1.707150000000000034e+01 -5.271084000000000103e+00 -1.783017000000000074e+00 -1.448335999999999935e+01 -1.396274999999999977e+01 3.286782999999999788e+00 1.010790000000000077e+01 -1.952374000000000054e+00 -6.590773000000000437e+00 4.129731999999999736e+00
-5.159370000000000012e+00 1.376922000000000068e+01 1.675958999999999932e+01 -6.299490999999999730e+00 -1.498825999999999992e+00 -1.432309000000000054e+01 -1.280803000000000047e+01 4.247780999999999807e+00 8.070150999999999186e+00 -2.219133999999999940e+00 -4.876338999999999757e+00 3.959524000000000044e+00
-5.766109000000000151e+00 1.361969999999999992e+01 1.645541000000000054e+01 -5.143074999999999619e+00 -1.640153999999999890e+00 -1.527058000000000071e+01 -1.197744999999999926e+01 4.252870999999999846e+00 8.469383000000000550e+00 -1.344041999999999959e+00 -4.606777000000000122e+00 2.417183000000000082e+00
-5.427232000000000056e+00 1.363054999999999950e+01 1.588990000000000080e+01 -6.980406000000000333e+00 2.215097000000000038e-01 -1.410755999999999943e+01 -1.240776999999999930e+01 6.697306000000000203e+00 5.281836000000000197e+00 -2.184845000000000148e+00 -3.184846999999999984e+00 2.787294999999999856e+00
-5.935628999999999600e+00 1.381353000000000009e+01 1.567140999999999984e+01 -6.901921999999999890e+00 5.468355999999999772e-01 -1.465498999999999974e+01 -1.115568999999999988e+01 3.454550999999999927e+00 8.439555000000000362e+00 -1.612279000000000018e+00 -4.454788999999999888e+00 2.744969999999999910e+00
-5.501846999999999710e+00 1.155053999999999981e+01 1.365292999999999957e+01 -5.582042000000000392e+00 2.328447000000000155e+00 -9.835895999999999972e+00 -1.725613999999999848e+01 3.999184000000000072e+00 9.392607999999999180e+00 -1.968123000000000067e+00 -3.604630999999999919e+00 2.673519000000000201e+00
-7.169724999999999682e+00 5.582247999999999877e+00 1.597752000000000017e+01 -1.204002999999999934e+00 3.030816999999999872e+00 -1.086167000000000016e+01 -1.627990000000000137e+01 2.294839000000000073e+00 9.316031000000000617e+00 -1.864109999999999934e+00 -3.527425000000000033e+00 4.323947000000000429e+00
-8.542906999999999584e+00 6.889191000000000287e+00 1.731197999999999837e+01 -1.458255999999999997e-01 4.884799000000000113e+00 -1.262953000000000081e+01 -1.686993999999999971e+01 3.230792999999999804e+00 9.959908000000000428e+00 -4.523810999999999805e-01 -4.642953000000000330e+00 2.349600000000000133e+00
-8.997469999999999857e+00 9.479412999999999201e+00 1.720467000000000013e+01 -2.694923000000000179e+00 2.514494000000000007e+00 -1.148709000000000024e+01 -1.454921000000000042e+01 1.385963000000000056e+00 9.747384999999999522e+00 -2.622882999999999853e+00 -3.886766999999999861e+00 4.501437000000000133e+00
-7.814426000000000094e+00 7.216867999999999839e+00 1.327887999999999913e+01 -1.539587999999999957e+00 3.361604999999999954e+00 -1.143336000000000041e+01 -1.559689000000000014e+01 -7.487943000000000238e-01 8.366134000000000626e+00 9.732925000000000049e-01 -4.943839999999999790e+00 4.887021999999999977e+00
-8.824021999999999366e+00 1.168182000000000009e+01 1.239489999999999981e+01 2.591632999999999853e+00 4.149657999999999625e+00 -1.169679000000000002e+01 -1.524545999999999957e+01 -2.235692999999999930e+00 3.508522000000000141e+00 8.074286999999999992e-01 -1.226879999999999971e+00 3.553459000000000145e+00
-1.246789000000000058e+01 8.613644000000000744e+00 5.447747999999999813e+00 2.877422000000000146e+00 3.524951000000000167e+00 -7.929567999999999728e+00 -1.240033000000000030e+01 -1.637512999999999996e+00 2.326886000000000010e+00 -2.696193000000000062e-01 1.346074999999999910e-01 3.250815999999999928e+00
