-1.032560999999999929e+01 1.230007999999999946e+01 2.223516000000000048e+01 7.563450999999999702e+00 8.903985000000000483e+00 -6.625918999999999670e+00 -1.156456999999999979e+01 2.393423999999999996e+00 -2.586513000000000062e+00 -7.053848999999999592e+00 -5.457186000000000092e+00 4.635672999999999710e+00
-8.819487000000000521e+00 1.485506999999999955e+01 2.142327999999999832e+01 5.465252000000000443e+00 3.669255999999999851e+00 -8.529158000000000683e+00 -1.121630000000000038e+01 -9.192204000000000486e-01 -1.311703999999999981e+00 -3.442871999999999932e+00 -5.009135999999999811e+00 1.967305000000000081e+00
-9.374477999999999867e+00 1.268157000000000068e+01 1.945852999999999966e+01 9.036457000000000406e+00 6.078515999999999586e+00 -8.737968000000000401e+00 -8.006786999999999210e+00 1.590133000000000019e+00 -3.684483000000000175e+00 -6.611203999999999859e+00 -6.449654999999999916e+00 2.658046999999999827e+00
-9.435192999999999941e+00 1.316018000000000043e+01 2.023260000000000147e+01 8.636732999999999549e+00 9.077916999999999348e+00 -9.126979999999999649e+00 -9.509831000000000145e+00 1.521716000000000069e+00 -2.642475000000000129e+00 -7.013783000000000101e+00 -7.620733999999999675e+00 4.575472999999999679e+00
-9.285496999999999446e+00 1.394976999999999911e+01 2.133493999999999957e+01 7.474782000000000259e+00 6.290917999999999566e+00 -8.077695999999999543e+00 -7.667037999999999798e+00 -6.720393999999999535e-01 -2.497813999999999979e+00 -3.789791000000000132e+00 -6.977179999999999715e+00 3.575498000000000065e+00
-9.813017999999999574e+00 1.442759999999999998e+01 2.002774000000000143e+01 5.863553999999999711e+00 8.581495000000000317e+00 -6.063036000000000314e+00 -5.115725000000000300e+00 -1.206614000000000075e+00 -5.372849000000000430e+00 -4.442841999999999736e+00 -6.231167000000000122e+00 2.426762999999999781e+00
-9.981028999999999485e+00 1.429536000000000051e+01 1.994903000000000048e+01 7.219678000000000040e+00 9.045996000000000592e+00 -6.670487999999999751e+00 -5.558783000000000030e+00 -1.536886999999999892e+00 -6.100630999999999915e+00 -3.197198000000000206e+00 -5.242853000000000208e+00 1.475827000000000000e+00
-1.026648999999999923e+01 1.321570999999999962e+01 1.960977000000000103e+01 8.604252000000000677e+00 8.148099000000000203e+00 -8.362987999999999644e+00 -7.154219999999999580e+00 1.200971000000000011e+00 -4.564200999999999731e+00 -4.023228999999999722e+00 -5.633581999999999645e+00 1.842513999999999985e+00
-1.079043000000000063e+01 1.260796000000000028e+01 1.997687000000000168e+01 6.704494000000000398e+00 1.123302999999999940e+01 -6.323293999999999748e+00 -8.561142999999999503e+00 -9.876382000000000216e-01 -5.303175999999999668e+00 -3.104109999999999925e+00 -5.803054999999999630e+00 4.733565999999999718e+00
-1.069586999999999932e+01 1.143585000000000029e+01 2.020785000000000053e+01 7.273734000000000144e+00 7.643492000000000175e+00 -6.503218999999999639e+00 -4.540067999999999770e+00 1.452917000000000014e+00 -6.977832000000000257e+00 -4.536170000000000258e+00 -7.698546999999999585e+00 4.921117999999999881e+00
-1.186378000000000021e+01 1.227735999999999983e+01 2.102043000000000106e+01 6.649490000000000123e+00 1.037279000000000018e+01 -6.716432000000000180e+00 -6.682405000000000150e+00 1.947278000000000064e+00 -7.862587000000000437e+00 -4.212283000000000222e+00 -7.971864000000000061e+00 2.543868999999999936e+00
-1.177300999999999931e+01 1.281278999999999968e+01 2.078566000000000003e+01 6.106565999999999939e+00 8.724323999999999302e+00 -7.171470000000000233e+00 -5.474377999999999744e+00 2.230478999999999878e+00 -7.575503000000000320e+00 -3.465424000000000060e+00 -8.160166999999999504e+00 4.318207999999999595e-03
-1.104243999999999915e+01 1.206892000000000031e+01 1.951902000000000115e+01 8.194570000000000576e+00 8.968237999999999488e+00 -8.844162999999999997e+00 -8.609602999999999895e+00 2.818033999999999928e+00 -4.912842999999999627e+00 -4.275381000000000320e+00 -8.545911000000000257e+00 -1.479194000000000064e-01
-1.133726000000000056e+01 1.144876999999999967e+01 2.172679000000000116e+01 7.567719000000000307e+00 8.619146000000000640e+00 -1.009179999999999922e+01 -8.006254999999999455e+00 2.613351999999999897e+00 -6.519224999999999604e+00 -3.807544000000000040e+00 -1.046854000000000084e+01 1.818178000000000072e+00
-1.045101999999999975e+01 1.209060999999999986e+01 2.159376999999999924e+01 6.460771000000000264e+00 7.641854999999999620e+00 -1.309852000000000061e+01 -8.533718000000000359e+00 3.703844999999999832e+00 -4.533421999999999841e+00 -6.011893999999999849e+00 -9.697051999999999339e+00 8.866376999999999731e-01
-9.353975000000000151e+00 1.131574999999999953e+01 1.993390000000000128e+01 6.780598000000000347e+00 6.354351999999999556e+00 -1.280964999999999954e+01 -1.059618000000000038e+01 2.524351999999999929e+00 -3.535625000000000018e+00 -8.665846000000000160e+00 -1.007587000000000010e+01 2.138573000000000057e+00
-8.639132999999999285e+00 1.167657999999999952e+01 2.013052000000000064e+01 2.438630999999999993e+00 5.043929999999999580e+00 -1.171883000000000052e+01 -1.388823000000000008e+01 2.675672000000000050e+00 -3.502327000000000190e+00 -8.061016999999999655e+00 -1.034476000000000084e+01 3.860943999999999932e+00
-7.585284999999999833e+00 1.014028000000000063e+01 1.888416000000000139e+01 2.995068999999999981e+00 2.694011000000000156e+00 -1.482844000000000051e+01 -1.241261000000000081e+01 7.510141000000000178e-01 -4.025324999999999737e-02 -4.449799999999999756e+00 -1.001828000000000074e+01 9.739183000000000145e-01
-7.411501999999999590e+00 1.001966000000000001e+01 1.810492999999999952e+01 1.222860999999999976e+00 9.469182000000000432e-01 -1.443722999999999956e+01 -1.159599000000000046e+01 5.886407000000000167e-01 4.353583999999999676e+00 -3.161929999999999907e+00 -9.506811000000000789e+00 1.292666000000000093e+00
-7.548855999999999788e+00 1.049233000000000082e+01 1.754156000000000049e+01 4.433272999999999797e-01 4.627743000000000273e-01 -1.758727999999999980e+01 -1.117050000000000054e+01 3.323640000000000150e+00 6.055380999999999680e+00 -5.115086999999999939e+00 -7.208959000000000117e+00 2.368027000000000104e+00
-7.195516999999999719e+00 9.726765000000000327e+00 1.802036999999999978e+01 1.092939000000000105e+00 -6.679643999999999859e-02 -1.783102999999999838e+01 -1.564128999999999969e+01 4.646067999999999643e+00 9.023312999999999917e+00 -2.050158999999999843e+00 -7.605780000000000207e+00 2.649446999999999885e+00
-7.156698999999999700e+00 9.762408000000000641e+00 1.721569999999999823e+01 -2.039136000000000004e-01 3.494117999999999946e-01 -1.676002000000000081e+01 -1.511782000000000004e+01 2.912942000000000142e+00 7.532491000000000270e+00 2.295627000000000084e-02 -5.589828999999999937e+00 2.902505999999999808e+00
-7.535121000000000180e+00 1.018857999999999997e+01 1.733909999999999840e+01 -4.993209000000000120e-01 -1.069460999999999995e+00 -1.777930999999999884e+01 -1.405011999999999972e+01 3.461047999999999902e+00 9.688416999999999391e+00 -1.138957999999999915e+00 -7.477291000000000132e+00 2.816872000000000043e+00
-7.583891999999999634e+00 1.160942000000000007e+01 1.658256000000000085e+01 -3.159647000000000094e+00 1.245262000000000091e+00 -1.723678999999999917e+01 -1.470032999999999923e+01 3.203003999999999962e+00 1.039577000000000062e+01 -4.503982000000000263e-01 -8.746674999999999756e+00 3.607153999999999971e+00
-7.586280999999999608e+00 1.184549999999999947e+01 1.598893999999999949e+01 -3.028776000000000135e+00 9.677900999999999865e-01 -1.861317999999999984e+01 -1.145007999999999981e+01 3.447515999999999803e+00 8.599121999999999488e+00 -2.244010999999999978e+00 -7.761683999999999806e+00 6.030695999999999835e+00
-6.804952000000000112e+00 1.117394999999999960e+01 1.522620000000000040e+01 -2.114341000000000026e+00 1.572254000000000040e+00 -1.796777000000000157e+01 -1.349761999999999951e+01 2.334534999999999805e+00 9.587967000000000795e+00 -3.119665999999999828e-01 -8.763844000000000634e+00 4.621948999999999863e+00
-6.801168999999999798e+00 1.248888999999999960e+01 1.376467000000000063e+01 -3.148267000000000149e+00 2.784046000000000021e+00 -1.703237999999999985e+01 -1.428149999999999942e+01 2.590291999999999817e+00 8.878652000000000655e+00 -1.295382999999999951e+00 -6.337502999999999886e+00 5.325498999999999761e+00
-7.367110000000000269e+00 1.365764000000000067e+01 1.555859000000000059e+01 -3.498203999999999869e+00 -8.857076999999999867e-01 -1.718617000000000061e+01 -1.229705000000000048e+01 4.572695000000000398e+00 7.123410999999999937e+00 4.411300000000000221e-01 -7.058040000000000092e+00 4.816454000000000235e+00
-6.992670000000000385e+00 1.239203000000000010e+01 1.591985000000000028e+01 -4.633601999999999776e+00 1.751914999999999889e+00 -1.597015999999999991e+01 -1.266661999999999999e+01 2.173877000000000059e+00 7.834685000000000343e+00 -2.190804000000000015e-02 -6.485653000000000112e+00 3.857650000000000023e+00
-7.234930999999999557e+00 1.236594999999999978e+01 1.481854000000000049e+01 -3.606076999999999977e+00 1.680704999999999893e+00 -1.606287999999999982e+01 -1.201801000000000030e+01 3.373953000000000202e+00 6.093715000000000437e+00 -2.651830000000000020e-01 -6.393163999999999625e+00 4.325707999999999664e+00
-7.801866999999999663e+00 1.277223000000000042e+01 1.575554999999999950e+01 -3.309957999999999956e+00 3.262869999999999937e+00 -1.679633000000000109e+01 -1.593390999999999913e+01 4.281299999999999883e+00 8.716082999999999359e+00 5.241409999999999680e-01 -8.292809000000000097e+00 3.187584999999999891e+00
-7.076277000000000150e+00 1.059460999999999942e+01 1.319340000000000046e+01 -3.314226000000000116e+00 7.613208000000000197e+00 -1.614376000000000033e+01 -1.978085000000000093e+01 3.638666999999999874e+00 1.047439999999999927e+01 4.646417999999999937e-01 -9.137128000000000583e+00 1.273269999999999902e+00
-1.022249000000000052e+01 4.883871000000000073e+00 1.847031000000000134e+01 -7.394876000000000227e-01 7.036164000000000307e+00 -1.807891000000000048e+01 -1.883696000000000126e+01 2.036278999999999950e+00 9.674706999999999724e+00 -4.805890000000000162e-02 -8.391667999999999239e+00 3.368916000000000022e+00
-9.968287999999999371e+00 6.726237000000000243e+00 1.680392000000000152e+01 9.412049000000000110e-01 6.849544999999999995e+00 -1.690472000000000108e+01 -1.841413000000000011e+01 1.766799999999999926e+00 9.299483000000000388e+00 7.023987000000000425e-01 -9.885908999999999835e+00 2.050559999999999938e+00
-9.170436999999999728e+00 8.925556000000000267e+00 1.547505999999999915e+01 9.898071999999999981e-01 6.175508999999999915e+00 -1.503477999999999959e+01 -1.779054999999999964e+01 1.373064000000000062e+00 3.848249000000000031e+00 -5.669587999999999711e-02 -7.894880999999999815e+00 1.327798000000000034e+00
-9.677654000000000423e+00 1.187519999999999953e+01 1.322776999999999958e+01 1.424857000000000040e+00 3.225627999999999940e+00 -1.171166999999999980e+01 -1.773489999999999966e+01 -3.208836999999999939e+00 3.453231999999999968e-01 1.597285999999999984e+00 -1.282394999999999952e+00 2.060074999999999878e+00
-1.073747000000000007e+01 1.121527999999999992e+01 1.367873999999999945e+01 -8.075309000000000514e-01 7.988490999999999786e+00 -1.090174000000000021e+01 -1.576936000000000071e+01 3.087512999999999952e+00 1.417829999999999924e+00 -8.117119000000000417e-01 -3.820333999999999897e+00 2.594554000000000027e+00
-9.805255000000000720e+00 1.234683000000000064e+01 1.336457000000000050e+01 -2.138523999999999869e+00 6.045776000000000039e+00 -1.014049999999999940e+01 -1.702824999999999989e+01 1.029641000000000028e+00 -2.346436999999999884e+00 -1.639423000000000075e+00 -3.596308000000000060e+00 5.490435000000000176e-01
-1.241916999999999938e+01 1.029241000000000028e+01 7.810273999999999717e+00 -4.331743000000000121e-01 4.139076000000000199e+00 -5.570581999999999923e+00 -1.547034999999999982e+01 -6.630301000000000222e+00 -6.194087999999999816e+00 -4.645811000000000135e+00 -1.483713999999999977e+00 3.429482000000000141e+00
-1.445959000000000039e+01 9.412169999999999703e+00 7.221466999999999636e+00 -6.301915999999999629e-01 3.555893000000000193e+00 -2.174300999999999817e+00 -1.207658999999999949e+01 -3.900256999999999863e+00 -4.209963000000000122e+00 -1.857266000000000084e+00 -8.913896999999999515e-01 2.346985000000000099e+00
-9.297838000000000491e+00 1.732584999999999908e+01 1.436172999999999966e+01 1.754167999999999950e+00 7.157301999999999609e+00 -5.404963999999999658e+00 -9.940908000000000300e+00 -1.951205999999999996e+00 -5.459589000000000247e+00 -3.377374999999999794e+00 -5.443616999999999706e+00 -7.669337000000000515e-01
-8.565281000000000589e+00 1.827944000000000102e+01 1.515849000000000046e+01 1.449276999999999926e+00 7.224009999999999820e+00 -5.069600000000000328e+00 -9.449655999999999167e+00 -1.139910999999999897e+00 -7.790676999999999630e+00 -3.699822000000000166e+00 -4.468872000000000178e+00 -9.685753999999999753e-01
-7.771012999999999948e+00 1.740023000000000053e+01 1.589062999999999981e+01 -2.980884999999999785e+00 7.016519999999999868e+00 -2.515442999999999873e+00 -8.966393000000000058e+00 3.060121000000000091e-01 -6.213115000000000165e+00 -3.981484000000000023e+00 -6.543251999999999846e+00 2.324916999999999956e-01
-8.012477999999999767e+00 1.833885000000000076e+01 1.590025999999999939e+01 -1.936290999999999984e+00 7.486748999999999654e+00 -2.829898000000000025e+00 -9.254220999999999364e+00 4.821071000000000106e-01 -6.498518999999999934e+00 3.091762000000000121e-01 -6.900750999999999635e+00 -1.564718000000000053e+00
-8.135899000000000214e+00 1.908530000000000015e+01 1.812143000000000015e+01 2.233128000000000057e-01 4.960033000000000136e+00 -2.452442000000000011e+00 -9.527404999999999902e+00 -6.542641000000000429e-02 -5.629992999999999803e+00 -2.095982999999999929e+00 -2.417752999999999819e+00 -1.451087999999999933e+00
-7.495706000000000202e+00 1.831224999999999881e+01 1.646225000000000094e+01 1.270515000000000061e+00 5.251011000000000095e+00 -2.350099000000000160e+00 -6.853876999999999775e+00 1.423560999999999924e-02 -5.088282999999999667e+00 -3.764838999999999825e+00 -5.117963999999999736e+00 -8.007845999999999576e-01
-7.326900000000000190e+00 1.776363999999999876e+01 1.586691000000000074e+01 1.882430999999999965e+00 5.340637000000000079e+00 -1.918720999999999899e+00 -7.112949000000000410e+00 6.589644000000000057e-01 -6.666685000000000194e+00 -3.972367000000000203e+00 -1.403130999999999906e+00 -2.721503999999999923e+00
-7.010785000000000267e+00 1.889598000000000155e+01 1.610443000000000069e+01 4.596860999999999864e-01 5.506793000000000049e+00 -5.838680000000000536e-01 -7.668902000000000108e+00 4.903020000000000156e-01 -4.929631999999999792e+00 -4.818070999999999771e+00 -2.576149000000000022e+00 -3.855052000000000145e+00
-7.889853999999999701e+00 1.850957999999999970e+01 1.879513000000000034e+01 -3.064338999999999924e+00 6.713264999999999816e+00 -2.084338999999999942e+00 -8.632234999999999658e+00 3.078936999999999813e+00 -5.246654999999999625e+00 -4.058976999999999613e+00 -3.832517999999999869e+00 -3.539781000000000066e+00
-7.282507999999999981e+00 1.896493999999999858e+01 1.616526999999999958e+01 1.690204999999999902e-01 4.259395999999999738e+00 -1.729716999999999949e+00 -5.528696000000000055e+00 -1.731468000000000007e+00 -4.411705000000000432e+00 -2.847879999999999967e+00 -5.102732999999999741e+00 -1.013704999999999988e-02
-6.741848000000000063e+00 1.843931999999999860e+01 1.476216999999999935e+01 8.506386000000000225e-01 3.255094000000000154e+00 -4.001057999999999559e+00 -3.949234999999999829e+00 -1.830137000000000014e-01 -3.461475000000000080e+00 -2.177074000000000176e+00 -7.162436999999999721e+00 -2.062600000000000211e+00
-6.175907999999999731e+00 1.791009000000000029e+01 1.318136999999999937e+01 1.037935000000000052e+00 1.717538000000000009e+00 -4.174929999999999808e+00 -2.331697999999999826e+00 1.428331999999999935e+00 -4.160716999999999999e+00 -1.933319999999999927e+00 -7.736207000000000278e+00 -3.168518999999999863e+00
-6.579610999999999876e+00 1.985913000000000039e+01 1.371585999999999927e+01 -2.902172999999999892e+00 1.535012000000000043e+00 -5.099037000000000042e+00 -2.413972999999999924e+00 4.620529999999999582e+00 -3.121227999999999891e+00 -2.835404000000000035e+00 -6.933427000000000007e+00 -3.350947999999999816e+00
-6.160181999999999825e+00 1.902330999999999861e+01 1.291360000000000063e+01 -4.112726999999999578e+00 1.887377000000000082e+00 -4.159798999999999580e+00 -2.403322999999999876e+00 2.460316999999999865e+00 -2.715504999999999836e+00 -2.414830999999999950e+00 -4.702312000000000047e+00 -3.343628999999999962e+00
-5.724428999999999768e+00 1.937276999999999916e+01 1.304559000000000069e+01 -3.785787000000000013e+00 5.053364999999999663e-01 -5.267407000000000394e+00 -4.038432000000000244e+00 2.886833000000000204e+00 -2.669896000000000047e+00 -5.555089000000000034e-04 -3.048567999999999945e+00 -4.332075999999999816e+00
-5.170232999999999635e+00 2.045810000000000173e+01 1.229902000000000051e+01 -4.517430000000000057e+00 -2.104865999999999904e+00 -6.481209999999999916e+00 -4.149462999999999901e+00 4.471879000000000381e+00 -4.795530000000000070e-01 1.495322000000000040e+00 -3.578863000000000127e+00 -5.960579000000000072e+00
-4.893532999999999689e+00 2.032791999999999888e+01 1.318239999999999945e+01 -6.498033999999999644e+00 -4.681100999999999956e+00 -5.576909999999999812e+00 -3.275593999999999895e+00 3.996383999999999936e+00 -9.084999000000000269e-01 2.662312000000000012e-01 -1.394546999999999981e+00 -3.286722999999999839e+00
-4.581000999999999657e+00 2.035969000000000051e+01 1.295759999999999934e+01 -5.608018999999999643e+00 -4.624215999999999660e+00 -8.708531000000000688e+00 -4.531547999999999909e+00 2.856149999999999967e+00 6.774563000000000113e-01 1.821368000000000098e+00 -1.447160999999999920e+00 -1.156859999999999999e+00
-3.719250000000000167e+00 2.181049000000000149e+01 1.002834999999999965e+01 -5.890861000000000125e+00 -5.310120000000000395e+00 -9.745711000000000013e+00 -4.576012999999999664e+00 1.434811999999999976e+00 2.051597000000000115e+00 3.162497999999999809e+00 3.519647000000000192e-01 -2.719857000000000191e+00
-2.937323999999999824e+00 2.091863000000000028e+01 9.586316000000000059e+00 -4.520749000000000350e+00 -5.980883000000000393e+00 -1.194744999999999990e+01 -5.888148000000000160e+00 5.815892999999999757e-01 3.170551999999999815e+00 4.191258999999999624e+00 -9.420654000000000527e-01 -2.774677999999999867e-01
-2.730496000000000034e+00 2.159998999999999825e+01 1.092651000000000039e+01 -5.785594999999999821e+00 -8.144182999999999950e+00 -1.395852999999999966e+01 -5.902791999999999817e+00 1.600996000000000086e+00 3.834258999999999862e+00 3.582831999999999795e+00 2.238319000000000170e+00 -2.535232000000000152e+00
-2.145246000000000208e+00 2.086902999999999864e+01 1.044872999999999941e+01 -4.526676000000000144e+00 -1.129622999999999955e+01 -1.376952999999999960e+01 -5.612834000000000323e+00 1.916214000000000084e+00 2.889064999999999994e+00 4.570325999999999667e+00 8.609369000000000050e-01 -1.340751999999999944e+00
-1.996345999999999954e+00 2.034703999999999979e+01 1.005000000000000071e+01 -5.183400999999999925e+00 -1.258497000000000021e+01 -1.307320999999999955e+01 -6.685599999999999987e+00 4.265672000000000352e+00 3.791447999999999929e+00 3.857775000000000176e+00 7.955847000000000335e-01 -1.991605000000000070e+00
-1.833112999999999992e+00 2.082487000000000066e+01 9.651968000000000103e+00 -5.943018999999999608e+00 -1.189456000000000024e+01 -1.374723999999999968e+01 -7.709907000000000288e+00 4.659599000000000046e+00 4.576031999999999655e+00 5.096701999999999622e+00 1.333078999999999903e+00 2.288321000000000105e-01
-1.445931999999999995e+00 2.076985000000000170e+01 9.885360000000000369e+00 -5.454387999999999792e+00 -1.335477000000000025e+01 -1.544552000000000014e+01 -6.562586999999999726e+00 5.859103000000000172e+00 5.350262999999999991e+00 7.056816999999999673e+00 3.181808999999999887e-01 -1.975136999999999921e+00
-1.414082000000000061e+00 1.981418999999999997e+01 8.981011000000000521e+00 -5.257133999999999752e+00 -1.377752000000000088e+01 -1.232765000000000022e+01 -7.434059999999999668e+00 3.620372000000000146e+00 6.990502000000000216e+00 6.662395000000000067e+00 -1.012955999999999968e+00 1.319746000000000086e+00
-1.676846999999999976e+00 1.951509000000000071e+01 9.647500000000000853e+00 -6.266877000000000031e+00 -1.304782999999999937e+01 -1.119280999999999970e+01 -7.515535999999999994e+00 2.238102000000000036e+00 6.745389000000000301e+00 5.641312000000000104e+00 6.333117000000000330e-01 2.304168000000000216e+00
-2.172915999999999848e+00 2.003734999999999999e+01 1.097016999999999953e+01 -6.272092999999999918e+00 -1.422483000000000075e+01 -1.201346999999999987e+01 -6.447562999999999711e+00 8.712695000000000300e-01 8.498112000000000776e+00 5.339256999999999920e+00 2.521049999999999791e+00 2.267023000000000010e+00
-2.182471000000000050e+00 1.992447999999999908e+01 1.020158999999999949e+01 -5.741260999999999726e+00 -1.460012000000000043e+01 -1.264404000000000039e+01 -7.795641999999999960e+00 3.265131999999999923e+00 8.182487000000000066e+00 5.055196999999999719e+00 3.421581999999999901e+00 2.251287000000000038e+00
-2.128524999999999778e+00 1.891535000000000011e+01 1.027308000000000021e+01 -5.522668999999999606e+00 -1.558681999999999945e+01 -1.106103000000000058e+01 -8.659658999999999551e+00 4.372968000000000188e+00 9.306758999999999560e+00 2.722252000000000116e+00 3.175680999999999976e+00 2.315145999999999926e+00
-2.565272999999999914e+00 1.851990999999999943e+01 9.337113000000000440e+00 -5.034985999999999962e+00 -1.513172999999999924e+01 -1.156366000000000049e+01 -6.743644999999999889e+00 4.382687999999999917e+00 6.353657000000000110e+00 4.549933000000000227e+00 4.566078000000000081e+00 1.828608000000000011e+00
-2.031579999999999941e+00 1.992989999999999995e+01 8.380174999999999486e+00 -3.810681000000000207e+00 -1.460707000000000022e+01 -1.257498000000000005e+01 -8.954143999999999437e+00 1.764704000000000050e+00 6.655850000000000044e+00 2.538237000000000076e+00 4.577154000000000167e+00 3.839973999999999887e-01
-3.216015000000000068e+00 1.905637000000000114e+01 9.688060000000000116e+00 -4.998948999999999643e+00 -1.409018999999999977e+01 -1.249629999999999974e+01 -1.001040000000000063e+01 9.816146999999999512e-01 7.460860000000000269e+00 5.141567000000000220e+00 6.217052999999999940e+00 2.317524999999999835e+00
-4.524865000000000137e+00 1.616612999999999900e+01 1.005137999999999998e+01 -4.253080999999999889e+00 -1.320824999999999960e+01 -8.659010999999999569e+00 -9.125617000000000090e+00 -6.523582999999999466e-02 7.126209000000000238e+00 2.027454999999999785e+00 4.715057999999999971e+00 3.696629999999999860e+00
-5.330479999999999663e+00 1.445343000000000089e+01 8.506323000000000079e+00 -6.500642000000000031e+00 -1.549391999999999925e+01 -1.036581999999999937e+01 -1.078283000000000058e+01 1.704480999999999913e+00 7.564669000000000310e+00 3.017828999999999873e+00 5.993304000000000187e+00 4.082713000000000036e+00
-1.173020999999999958e+01 9.885094999999999743e+00 -2.907073000000000018e-01 -4.825402999999999665e+00 -1.209468000000000032e+01 -8.000387999999999167e+00 -7.807623999999999675e+00 4.632397999999999794e-01 3.916243000000000141e+00 5.754071999999999854e+00 7.678893999999999664e+00 2.471591999999999789e+00
