-1.094561999999999991e+01 7.794037999999999577e+00 2.194889999999999830e+01 8.826012000000000413e+00 5.916883000000000337e+00 -1.344257999999999953e+01 -1.087393999999999927e+01 6.071265000000000356e+00 -2.107070000000000221e+00 -9.670593999999999468e+00 -7.181365000000000443e+00 2.048683000000000032e+00
-1.036611000000000082e+01 8.708707000000000420e+00 2.331034000000000006e+01 1.013625000000000043e+01 4.399365999999999666e+00 -1.227349000000000068e+01 -1.339057000000000031e+01 2.714243000000000183e+00 -7.072017999999999915e-01 -1.067365000000000030e+01 -8.550784999999999414e+00 2.636362999999999790e+00
-9.488604999999999734e+00 1.218374999999999986e+01 2.000232000000000099e+01 7.764117999999999853e+00 5.948102999999999696e+00 -5.428600000000000314e+00 -8.206263999999999115e+00 -4.326536000000000270e-01 -4.577933999999999948e+00 -7.713837999999999973e+00 -8.366215000000000401e+00 -1.024521999999999933e+00
-9.078827000000000425e+00 1.127805999999999997e+01 1.987087999999999965e+01 9.732834999999999681e+00 6.283718999999999610e+00 -5.826465999999999923e+00 -9.021473000000000297e+00 -2.331774000000000069e-01 -5.004477999999999760e+00 -9.431855000000000544e+00 -7.270294999999999952e+00 3.711233000000000004e+00
-9.308448999999999529e+00 1.179709000000000074e+01 2.132327000000000083e+01 9.547674000000000660e+00 7.124430000000000263e+00 -5.921636000000000344e+00 -9.059134000000000242e+00 -2.277394000000000140e+00 -4.801714999999999733e+00 -6.909691999999999723e+00 -5.535089000000000148e+00 4.492039000000000115e+00
-9.285655999999999466e+00 1.265122000000000035e+01 2.021236000000000033e+01 9.495597999999999317e+00 6.779522000000000048e+00 -6.706228000000000300e+00 -8.254516999999999882e+00 -2.230023999999999895e-01 -2.818284999999999929e+00 -6.994114999999999860e+00 -8.607355000000000089e+00 2.241810000000000080e+00
-1.029360999999999926e+01 1.265382999999999925e+01 2.116300000000000026e+01 8.894752999999999687e+00 8.793958999999999193e+00 -7.224727999999999817e+00 -9.548731000000000080e+00 1.236509999999999998e+00 -3.412046999999999830e+00 -6.768151999999999724e+00 -5.706716000000000122e+00 1.939894999999999925e+00
-9.947122000000000241e+00 1.243313000000000024e+01 2.124227000000000132e+01 9.659001999999999200e+00 6.914066000000000045e+00 -9.900299999999999656e+00 -8.684091000000000449e+00 4.235043000000000113e+00 -3.434610999999999859e+00 -6.914201000000000263e+00 -6.127393999999999785e+00 3.339110999999999940e+00
-1.027907000000000082e+01 1.187412999999999919e+01 2.091863999999999990e+01 9.740240999999999261e+00 6.914066000000000045e+00 -1.122090000000000032e+01 -6.201192999999999955e+00 4.667595999999999634e+00 -4.037335999999999814e+00 -5.289124000000000159e+00 -6.220638000000000112e+00 2.358448999999999796e+00
-9.669247999999999621e+00 1.234218000000000082e+01 1.949233999999999867e+01 8.490871999999999531e+00 5.992332000000000214e+00 -9.726193999999999562e+00 -5.111371000000000109e+00 3.696953999999999851e+00 -5.655111999999999917e+00 -5.172635999999999790e+00 -4.856492000000000253e+00 2.894985999999999837e+00
-9.948575999999999198e+00 1.257127999999999979e+01 1.973050999999999888e+01 8.067780000000000840e+00 6.094540000000000290e+00 -7.741953999999999780e+00 -6.805342999999999698e+00 2.450641000000000069e+00 -6.672017999999999560e+00 -5.679422999999999888e+00 -3.392148999999999859e+00 2.846760999999999875e+00
-9.394040999999999642e+00 1.071733000000000047e+01 1.910659000000000063e+01 9.352097999999999800e+00 5.118171000000000248e+00 -7.467585999999999835e+00 -8.307871000000000450e+00 2.813863000000000003e+00 -3.291501999999999928e+00 -8.317073000000000604e+00 -4.772115999999999580e+00 2.691990000000000105e+00
-9.414165999999999812e+00 1.212842999999999982e+01 1.927406999999999826e+01 7.386390999999999707e+00 5.642221000000000153e+00 -1.005085000000000051e+01 -7.782181999999999711e+00 3.605379000000000111e+00 -4.212280999999999942e+00 -5.624560999999999922e+00 -4.595934999999999881e+00 2.374150000000000205e+00
-9.372946000000000666e+00 1.231901000000000046e+01 1.930976000000000070e+01 7.680564000000000391e+00 5.386514000000000024e+00 -1.211243999999999943e+01 -8.708021000000000456e+00 4.220372000000000234e+00 -4.923187000000000424e+00 -6.719553000000000331e+00 -4.145294999999999952e+00 2.197397000000000045e+00
-9.053851999999999123e+00 1.115293999999999919e+01 1.979709000000000074e+01 8.919518000000000058e+00 4.571076999999999835e+00 -1.190840999999999994e+01 -1.214422000000000068e+01 3.645369000000000081e+00 -1.383490000000000109e+00 -9.106939999999999813e+00 -6.817975999999999814e+00 1.004766999999999966e+00
-8.073292999999999608e+00 9.443222000000000449e+00 1.967971999999999966e+01 8.415649999999999409e+00 4.842022000000000048e+00 -1.481537999999999933e+01 -1.308300000000000018e+01 4.404231000000000229e+00 -3.707228000000000190e+00 -1.027959000000000067e+01 -7.581908000000000314e+00 3.469431999999999849e+00
-7.918594999999999828e+00 9.835098999999999592e+00 1.982179999999999964e+01 8.227944000000000813e+00 3.592849000000000181e+00 -1.383918000000000070e+01 -1.581188000000000038e+01 3.063740999999999826e+00 -3.168175000000000185e+00 -1.092215999999999987e+01 -8.870789000000000257e+00 4.809878999999999571e+00
-8.026011000000000450e+00 1.072920000000000051e+01 2.110361999999999938e+01 6.456423000000000023e+00 1.330510999999999999e+00 -1.668280999999999992e+01 -1.793581999999999965e+01 5.293000000000000149e+00 8.481383000000000116e-01 -7.549751999999999796e+00 -1.069804000000000066e+01 4.520300999999999902e+00
-8.106512000000000384e+00 9.519686000000000092e+00 1.986881999999999948e+01 3.840107000000000159e+00 1.332740999999999953e+00 -1.399131999999999998e+01 -1.750075000000000003e+01 5.658587999999999951e+00 3.788200999999999929e+00 -9.569637000000000171e+00 -9.060392000000000223e+00 3.691044999999999909e+00
-7.383943999999999619e+00 1.009576999999999991e+01 1.938801000000000130e+01 2.587498000000000076e+00 1.231648000000000076e+00 -1.325384000000000029e+01 -1.987772999999999968e+01 6.145801999999999765e+00 7.016952999999999996e+00 -7.226841000000000292e+00 -8.566845999999999961e+00 3.008036000000000154e+00
-6.588875999999999955e+00 9.097108000000000416e+00 1.853277999999999892e+01 3.421413999999999955e+00 6.354937999999999976e-01 -1.573142999999999958e+01 -1.921983000000000175e+01 5.892847999999999864e+00 7.846241000000000021e+00 -3.930844000000000005e+00 -7.626731999999999623e+00 1.437451000000000034e+00
-6.669618999999999964e+00 9.892735999999999308e+00 1.825169999999999959e+01 1.416358999999999924e+00 7.979123000000000188e-01 -1.466388000000000069e+01 -2.066507999999999967e+01 7.302432999999999730e+00 8.396112000000000464e+00 -5.237017999999999951e+00 -8.118601999999999208e+00 4.226461999999999719e+00
-6.890996000000000343e+00 1.063593999999999973e+01 1.769401999999999830e+01 1.966152999999999929e-01 -1.061538000000000093e+00 -1.683273000000000152e+01 -1.710137999999999892e+01 8.874817000000000178e+00 7.568369999999999820e+00 -4.077644000000000268e+00 -6.011137999999999870e+00 3.673100999999999949e+00
-7.029690999999999690e+00 1.183069000000000059e+01 1.701895999999999987e+01 -2.234307999999999961e+00 -3.464507000000000003e-01 -1.346582000000000079e+01 -1.732892000000000010e+01 6.623788000000000231e+00 7.760932999999999637e+00 -2.012916999999999845e+00 -5.640558000000000405e+00 5.668744000000000227e+00
-6.751816999999999958e+00 1.097278999999999982e+01 1.494162000000000035e+01 -2.069977999999999874e+00 1.804758000000000084e+00 -1.482429999999999914e+01 -1.732499999999999929e+01 8.110276000000000707e+00 7.379825000000000301e+00 -3.857943999999999818e+00 -4.890290000000000248e+00 6.564394000000000062e+00
-6.478308000000000177e+00 1.049227999999999916e+01 1.516606999999999950e+01 -2.167187999999999892e+00 1.679877999999999982e+00 -1.619200000000000017e+01 -1.673575999999999908e+01 6.142252000000000045e+00 1.113249000000000066e+01 -2.173996999999999957e+00 -7.160032000000000174e+00 5.260060000000000180e+00
-6.622336999999999918e+00 1.025130000000000052e+01 1.510840999999999923e+01 7.562624000000000013e-01 1.553512000000000004e+00 -1.916804000000000130e+01 -1.654156000000000049e+01 6.549013999999999669e+00 1.051121000000000016e+01 -8.405169000000000112e-01 -7.323508999999999602e+00 3.446553000000000200e+00
-6.566568000000000183e+00 1.077555000000000085e+01 1.382761999999999958e+01 -1.468439000000000050e+00 3.283993000000000162e+00 -1.609842000000000084e+01 -1.806998000000000104e+01 4.503612999999999644e+00 9.116291999999999618e+00 1.514053000000000093e+00 -4.841150999999999982e+00 3.032934000000000019e+00
-6.651190999999999853e+00 1.090994000000000064e+01 1.454592000000000063e+01 -3.406372999999999873e+00 5.001839000000000368e+00 -1.437931999999999988e+01 -1.993579000000000079e+01 3.945647999999999822e+00 1.327355000000000018e+01 -1.558737000000000039e+00 -8.370528999999999442e+00 5.356511000000000244e+00
-6.927125000000000199e+00 1.027274000000000065e+01 1.358018000000000036e+01 -2.045907999999999838e+00 3.355354000000000170e+00 -1.334328000000000003e+01 -1.791894999999999882e+01 4.873223999999999556e+00 1.153553999999999924e+01 -1.604581000000000035e+00 -9.130145999999999873e+00 4.393793999999999755e+00
-7.245975999999999750e+00 9.768772000000000233e+00 1.390381000000000000e+01 -3.160472999999999755e-01 5.970774999999999721e+00 -1.575117000000000012e+01 -1.928142000000000067e+01 8.501656999999999798e+00 8.419912000000000063e+00 -4.420595999999999748e+00 -6.383396000000000292e+00 5.467990999999999602e+00
-7.836154999999999760e+00 7.027953000000000117e+00 1.453734000000000037e+01 -1.121262999999999899e+00 7.802350999999999814e+00 -1.352660999999999980e+01 -2.008329000000000164e+01 6.007849000000000217e+00 1.003026999999999980e+01 -3.460129999999999928e+00 -6.606558999999999848e+00 6.225693999999999839e+00
-9.265287999999999968e+00 3.087172999999999945e+00 1.879908999999999963e+01 1.567032999999999898e+00 6.615245999999999960e+00 -1.253991000000000078e+01 -2.031240000000000023e+01 4.514497999999999678e+00 8.905801999999999552e+00 -3.456623000000000001e+00 -6.780343000000000231e+00 5.696781999999999790e+00
-7.340055999999999692e+00 6.954385000000000261e+00 1.541351000000000049e+01 6.713200999999999752e-01 5.928777000000000186e+00 -1.402887999999999913e+01 -1.999659000000000120e+01 7.298646999999999885e+00 9.412708999999999548e+00 -4.722965000000000302e+00 -8.085043999999999897e+00 3.274958999999999953e+00
-6.665255000000000152e+00 1.060031999999999996e+01 1.583426000000000045e+01 -2.188382000000000105e-01 2.653646000000000171e+00 -1.251030000000000086e+01 -1.694249999999999901e+01 2.852905999999999942e+00 7.897859999999999658e+00 -2.590850000000000097e+00 -7.051686000000000121e+00 8.971004000000000200e-01
-7.222214000000000134e+00 1.125286000000000008e+01 1.324557000000000073e+01 -1.316607000000000083e+00 8.020519000000000176e+00 -1.124985999999999997e+01 -1.905467000000000155e+01 2.490867999999999860e+00 8.719110999999999834e+00 -4.286571999999999605e+00 -8.455384000000000455e+00 2.274334000000000078e+00
-8.588789999999999480e+00 6.303863999999999912e+00 1.628898999999999830e+01 2.789322999999999997e+00 5.457502999999999993e+00 -1.148762999999999934e+01 -2.212484999999999857e+01 4.478293999999999997e+00 7.885495999999999839e+00 -3.748971000000000053e+00 -7.084045999999999843e+00 1.683963000000000099e+00
-9.018693999999999988e+00 5.041343000000000352e+00 1.323493000000000031e+01 3.407064000000000092e+00 3.149077999999999822e+00 -1.103214999999999968e+01 -2.617617999999999867e+01 1.704085000000000072e+00 7.764024000000000036e+00 -5.530869000000000035e+00 -5.667883999999999922e+00 2.823208999999999858e+00
-1.072763999999999918e+01 1.014588000000000001e+01 1.636929999999999907e+01 -8.552273000000000513e-02 6.691809000000000118e+00 -5.606843999999999717e+00 -2.093262999999999963e+01 -2.802660000000000151e-01 2.276133999999999880e+00 -5.242278999999999911e+00 -6.063873000000000069e+00 4.502582000000000306e+00
-1.171911000000000058e+01 8.785748999999999143e+00 1.623338999999999999e+01 -2.193109999999999893e+00 6.101974000000000231e+00 -7.080223000000000155e+00 -2.325820999999999827e+01 3.813419000000000114e-01 2.909768000000000132e+00 -5.704223999999999961e+00 -9.235136000000000678e+00 4.998520000000000074e+00
-1.444328999999999930e+01 6.237827000000000233e+00 1.848875000000000046e+00 2.451173999999999964e+00 2.852860000000000174e+00 -8.083482999999999308e+00 -1.327366999999999919e+01 -7.632208999999999799e-01 1.774790000000000090e+00 -2.590850000000000097e+00 -5.391028000000000375e+00 -5.368823999999999819e-01
-1.610325999999999880e+01 5.017592999999999748e+00 8.196440999999999866e-01 -7.845029000000000030e-01 1.916258999999999935e+00 -3.951083000000000123e+00 -1.222817000000000043e+01 -3.385517000000000110e+00 -3.958209000000000088e+00 -3.569603999999999999e+00 -1.912706000000000017e+00 -2.477531000000000039e-01
-1.656202000000000041e+01 6.314290999999999876e+00 2.229817000000000160e+00 -1.170562000000000102e+00 9.766842000000000024e-01 -3.036309000000000147e+00 -9.032457000000000846e+00 -4.209450000000000358e+00 -4.647789000000000392e+00 -3.450861000000000178e+00 8.007252000000000258e-01 3.337765000000000093e+00
-9.789998999999999896e+00 1.489793000000000056e+01 1.249158000000000079e+01 2.653693000000000080e+00 5.596878000000000242e+00 -8.728698000000000290e-01 -9.392984999999999474e+00 -2.788270999999999944e+00 -1.428617000000000026e+00 -2.969374999999999876e+00 -4.547514999999999752e+00 -1.871906999999999877e-01
-9.975490999999999886e+00 1.434587999999999930e+01 1.818031999999999826e+01 2.785388000000000197e+00 4.429842999999999975e+00 -1.859896999999999911e+00 -1.240274999999999928e+01 1.470816000000000068e-01 -1.050910000000000011e+00 -3.755735000000000046e+00 -6.086165000000000269e+00 3.484499999999999820e-01
-9.527886000000000521e+00 1.513513999999999982e+01 2.009121000000000024e+01 2.443998999999999810e+00 4.886622000000000021e+00 -1.300656000000000034e+00 -1.341606999999999950e+01 7.301744000000000290e-02 -1.693816999999999906e+00 -4.337677000000000227e+00 -5.310966999999999771e+00 1.219427000000000039e+00
-6.776792000000000371e+00 1.761846999999999852e+01 1.491863000000000028e+01 3.442806999999999951e-01 4.810058999999999862e+00 -1.017057000000000100e+00 -7.265124000000000137e+00 -8.604743999999999726e-01 -6.982344000000000328e+00 -3.451362000000000041e+00 -1.534934999999999938e+00 -9.076587999999999878e-01
-7.006897999999999627e+00 1.719039000000000073e+01 1.438634000000000057e+01 8.893463999999999814e-01 6.441305999999999976e+00 3.175465000000000093e-01 -8.693505999999999290e+00 -3.451017000000000112e-01 -4.726296999999999748e+00 -2.376411000000000051e+00 -2.553430999999999784e+00 -9.379401000000000543e-01
-7.062909999999999577e+00 1.872400999999999982e+01 1.482939999999999969e+01 1.949951000000000045e-01 5.974863000000000035e+00 1.075083999999999929e+00 -7.348684999999999690e+00 -2.142471999999999988e-01 -5.497167000000000137e+00 -3.272997000000000156e+00 -2.943186999999999998e+00 -1.020035999999999943e+00
-7.017809999999999881e+00 1.902986999999999895e+01 1.540767999999999915e+01 1.492043000000000008e+00 5.033801999999999666e+00 -6.242828999999999740e-01 -3.874041000000000068e+00 -1.067758999999999903e+00 -5.733003000000000071e+00 -3.616950999999999805e+00 -4.787218000000000195e+00 -4.565812000000000204e-01
-6.619670000000000165e+00 1.878686000000000078e+01 1.421371000000000073e+01 1.730669000000000013e+00 6.408970000000000056e+00 -6.640694999999999792e-01 -4.669635000000000424e+00 7.107261000000000273e-01 -5.826348000000000305e+00 -4.766053000000000317e+00 -4.578676999999999886e+00 -6.449975000000000014e-01
-6.271236000000000033e+00 1.885377000000000081e+01 1.495054999999999978e+01 1.526529000000000025e+00 4.167445999999999984e+00 1.988232000000000055e-01 -3.477421000000000095e+00 -5.691870999999999459e-01 -4.453062000000000076e+00 -5.388577999999999868e+00 -3.783103999999999800e+00 -3.574647000000000130e+00
-6.278267999999999738e+00 1.897744000000000142e+01 1.428440999999999939e+01 2.410438000000000081e+00 2.448113999999999901e+00 1.049301999999999957e+00 -3.587657999999999792e+00 -2.265517999999999976e-01 -4.220007999999999981e+00 -6.691746000000000194e+00 -3.698249999999999815e+00 -2.332444999999999879e+00
-6.123085999999999807e+00 1.974033999999999978e+01 1.318448000000000064e+01 4.197334999999999816e-01 4.334696000000000105e+00 1.690981999999999985e+00 -3.953286999999999995e+00 -2.306973000000000162e+00 -3.321483999999999881e+00 -3.738951000000000136e+00 -5.146531999999999663e+00 -2.754138999999999893e+00
-5.851032000000000011e+00 1.924593000000000131e+01 1.296484000000000059e+01 1.798021000000000091e+00 2.625770999999999855e+00 -6.958988999999999869e-01 -2.270299000000000067e+00 -1.619809000000000054e+00 -2.797575999999999841e+00 4.861991999999999980e-01 -7.271493000000000428e+00 -4.620133000000000045e+00
-5.958688999999999680e+00 2.010904999999999987e+01 1.354242999999999952e+01 -9.825251000000000123e-02 1.604057999999999984e+00 -2.795678999999999803e+00 -4.668733999999999940e-01 1.371386999999999912e+00 -4.880842000000000347e+00 -2.876936000000000160e+00 -3.512001000000000150e+00 -3.486495000000000122e+00
-6.066105000000000302e+00 2.009572000000000003e+01 1.441550999999999938e+01 -5.782806000000000335e-01 -1.706522000000000039e-01 -3.968271000000000104e+00 -2.282852999999999799e+00 5.451065999999999967e+00 -1.915434000000000081e+00 -4.112465000000000259e+00 -3.397422999999999860e+00 -5.526326000000000072e+00
-6.053253999999999913e+00 2.025270000000000081e+01 1.289723000000000042e+01 -1.965362999999999971e+00 1.574324999999999974e+00 -4.649099999999999788e+00 -2.499012000000000011e+00 4.748758999999999730e+00 -1.357218000000000035e+00 -5.501724999999999532e-01 -3.564496000000000109e+00 -8.135220000000000340e+00
-5.400516999999999790e+00 1.988429000000000002e+01 1.189030999999999949e+01 -2.012579000000000118e+00 -3.796702999999999883e-02 -4.693342999999999599e+00 -8.407400000000000428e-01 3.966708000000000123e+00 -1.702471000000000068e+00 4.604812999999999962e-02 -3.833201999999999998e+00 -6.766957999999999807e+00
-4.928181000000000367e+00 1.925085999999999942e+01 1.164905000000000079e+01 -7.132161999999999669e-01 -2.851487000000000105e+00 -3.612737000000000087e+00 -2.477828000000000142e+00 5.119597000000000175e-01 2.868312000000000084e-01 2.444543000000000132e-01 -8.942105999999999666e-01 -5.109342999999999968e+00
-4.573928000000000438e+00 1.966445999999999827e+01 1.189958000000000027e+01 -2.697671999999999848e+00 -4.358969000000000094e+00 -5.945826000000000278e+00 -3.748895999999999784e+00 4.167130000000000223e+00 2.608675999999999773e-01 -4.096348000000000211e-01 6.435939999999999717e-02 -4.685855000000000103e+00
-3.603067999999999937e+00 1.989529999999999887e+01 1.090809999999999924e+01 -3.186031999999999975e+00 -5.592532000000000281e+00 -7.379418000000000255e+00 -3.596289000000000069e+00 1.234143999999999908e+00 2.522168999999999883e+00 5.320430999999999910e-01 -1.201988000000000056e+00 -2.116439000000000181e+00
-3.334893000000000107e+00 2.127627999999999986e+01 1.044444000000000017e+01 -4.949453000000000102e+00 -6.581909999999999705e+00 -1.113146000000000058e+01 -3.528027999999999942e+00 4.841516000000000375e+00 2.127460999999999824e+00 -4.371912000000000020e-01 -1.154287999999999981e+00 -2.795186999999999866e+00
-2.828368000000000215e+00 2.137301000000000073e+01 1.049627000000000088e+01 -4.630976999999999677e+00 -8.146627999999999759e+00 -1.273629000000000033e+01 -5.222000999999999671e+00 3.389812000000000047e+00 3.082549000000000206e+00 1.749786000000000064e+00 1.372416000000000080e+00 -4.363304000000000293e+00
-1.327463000000000060e+00 2.123108999999999824e+01 8.109370999999999441e+00 -4.735129999999999839e+00 -8.262216999999999700e+00 -1.366698000000000057e+01 -4.366384000000000043e+00 2.005783000000000094e+00 3.914928000000000186e+00 -1.578692999999999902e-01 5.097264999999999713e-01 4.720421000000000200e-01
-9.259281000000000317e-01 2.206813999999999965e+01 8.576110999999999152e+00 -5.031617999999999924e+00 -1.125376999999999938e+01 -1.269904999999999973e+01 -6.646851999999999983e+00 2.374448000000000114e+00 3.740600999999999843e+00 4.562543999999999933e+00 8.903739000000000514e-01 -2.118457999999999952e+00
-7.785047000000000494e-01 2.154361000000000104e+01 1.014244000000000057e+01 -4.361569000000000251e+00 -1.397250999999999976e+01 -1.398940999999999946e+01 -4.990148999999999724e+00 2.237913999999999959e+00 4.429254000000000246e+00 3.944027999999999867e+00 4.960634999999999906e-01 1.100321000000000105e+00
-6.718167999999999918e-01 2.148509999999999920e+01 9.676724999999999355e+00 -3.345270000000000188e+00 -1.267501999999999995e+01 -1.655548999999999893e+01 -6.550736999999999810e+00 2.243119999999999781e+00 6.373427999999999649e+00 5.494952999999999754e+00 1.012383000000000033e+00 -1.408083999999999891e+00
-1.086203000000000030e+00 2.181296999999999997e+01 9.132768000000000441e+00 -4.713836999999999833e+00 -1.131471999999999944e+01 -1.594022999999999968e+01 -7.220793999999999713e+00 2.813626999999999878e+00 5.505812999999999846e+00 5.308571999999999846e+00 1.096278000000000086e+00 7.634144999999999959e-01
-1.237748000000000070e+00 2.166670999999999836e+01 9.444385000000000474e+00 -3.974584000000000117e+00 -1.353505999999999965e+01 -1.256887000000000043e+01 -9.569131000000000498e+00 1.615350000000000064e+00 7.598969999999999558e+00 5.074092000000000269e+00 1.818740999999999941e+00 8.997920999999999836e-01
-1.132271999999999945e+00 2.041693000000000069e+01 9.982851999999999393e+00 -4.994585999999999970e+00 -1.361087999999999987e+01 -1.017403000000000013e+01 -1.021879000000000026e+01 5.716345999999999927e-02 9.335437000000000651e+00 3.472814000000000068e+00 1.799085999999999963e+00 1.485900999999999916e+00
-1.323098000000000107e+00 1.930819999999999936e+01 9.370599000000000345e+00 -4.891358999999999568e+00 -1.342467000000000077e+01 -9.818816999999999240e+00 -9.523230999999999113e+00 6.205713999999999952e-01 8.016859000000000179e+00 2.694970999999999783e+00 1.351081999999999894e+00 3.073758000000000212e+00
-2.218065000000000175e+00 1.784959999999999880e+01 1.161060999999999943e+01 -4.144930999999999699e+00 -1.511762000000000050e+01 -1.279899999999999949e+01 -8.948895999999999518e+00 3.233401999999999887e+00 8.037568000000000268e+00 2.404876999999999931e+00 6.561846999999999541e-01 4.531068000000000318e+00
-2.778903999999999819e+00 1.836110000000000042e+01 1.094447000000000081e+01 -1.118254000000000081e+00 -1.556287000000000020e+01 -1.353806999999999938e+01 -7.885749999999999815e+00 2.706006000000000244e-01 6.851282000000000316e+00 3.919728999999999797e+00 3.255517999999999912e+00 3.322735999999999912e+00
-3.254150000000000098e+00 1.845290999999999926e+01 9.796155999999999864e+00 -4.843118000000000145e-01 -1.124224000000000068e+01 -1.015301999999999971e+01 -9.616206999999999283e+00 -7.821510000000000407e-01 6.778954999999999842e+00 1.312640999999999947e+00 1.723100000000000076e+00 1.354009999999999936e+00
-2.168842999999999854e+00 1.957929999999999993e+01 7.523543000000000092e+00 -3.985462000000000060e+00 -1.480838999999999928e+01 -1.247657000000000060e+01 -9.871990000000000265e+00 -1.196720999999999924e+00 7.084025999999999712e+00 4.722372000000000014e+00 2.559181999999999846e+00 6.313385000000000524e-02
-5.267884999999999707e+00 1.792229999999999990e+01 7.569530999999999565e+00 -5.435630999999999657e-01 -9.499124999999999375e+00 -9.855740000000000833e+00 -9.796666999999999348e+00 -3.348840000000000039e+00 4.060200000000000031e+00 4.409231000000000122e+00 4.719380000000000130e+00 -7.398786000000000529e-01
-6.492129000000000261e+00 1.552759000000000000e+01 8.005727000000000260e+00 -2.175520000000000120e+00 -1.193019999999999925e+01 -1.072913999999999923e+01 -1.313793000000000077e+01 -6.632270000000000110e+00 3.746783000000000197e+00 4.879944000000000059e+00 5.010619000000000156e+00 4.297342000000000439e+00
