-1.611607000000000056e+01 7.124938000000000216e+00 1.657452999999999932e+01 -2.061212999999999962e+00 5.906304999999999694e+00 5.573412000000000255e+00 -7.252824000000000382e+00 4.422500000000000320e+00 -8.460053000000000267e+00 -6.257806000000000424e+00 6.831091999999999942e+00 -4.673170999999999853e-01
-8.750249999999999417e+00 1.471176999999999957e+01 1.832717999999999847e+01 -2.021487000000000034e+00 5.990339999999999776e+00 4.157892000000000254e-01 -9.208449999999999136e+00 6.836936999999999820e+00 -1.085302000000000078e+01 -1.134340000000000082e+01 3.581458000000000030e+00 -2.550631000000000093e+00
-6.544880000000000031e+00 1.414357000000000042e+01 1.930299000000000120e+01 -5.018686999999999898e+00 4.656336999999999726e+00 -9.589320000000000066e-01 -1.198911000000000016e+01 7.099990000000000023e+00 -1.078674999999999962e+01 -1.524672999999999945e+01 7.233469000000000149e-01 -1.734301000000000093e+00
-5.887462000000000195e+00 1.713914000000000115e+01 1.665884000000000142e+01 -3.984121000000000024e+00 4.385472000000000037e+00 1.751259000000000010e-01 -8.155585000000000306e+00 4.349733999999999767e+00 -1.269084999999999930e+01 -1.267378000000000071e+01 -9.853505000000000180e-01 -1.448701999999999934e+00
-5.771431999999999896e+00 1.771696999999999989e+01 1.715574000000000154e+01 -3.744496999999999964e+00 5.546324000000000254e+00 -5.368039999999999479e-01 -9.914469999999999672e+00 4.767106000000000066e+00 -1.094758999999999993e+01 -1.152154999999999951e+01 -9.151139000000000356e-01 -2.259707999999999828e+00
-5.818899000000000044e+00 1.909093000000000018e+01 1.775757000000000119e+01 -5.159842000000000262e+00 3.930511000000000088e+00 -1.083520000000000039e+00 -9.340325999999999240e+00 3.563594000000000150e+00 -9.367423000000000499e+00 -1.015244999999999997e+01 -1.085247999999999990e+00 -2.095079000000000136e+00
-5.679134999999999600e+00 1.841335000000000122e+01 1.784225999999999956e+01 -4.184019000000000155e+00 3.039743000000000084e+00 -1.165159999999999973e+00 -9.886594000000000548e+00 3.744820999999999955e+00 -8.821213999999999444e+00 -1.120928999999999931e+01 1.051039000000000057e+00 -2.071225999999999789e+00
-5.806767999999999930e+00 1.692748999999999882e+01 1.909127000000000152e+01 -3.234821000000000168e+00 2.666472000000000175e+00 -2.675689000000000206e+00 -1.020073999999999970e+01 4.434032000000000195e+00 -8.592976000000000170e+00 -1.171878000000000064e+01 -1.745437999999999990e-01 -2.636884999999999923e+00
-5.272501000000000104e+00 1.792518000000000100e+01 1.740494999999999948e+01 -5.085884000000000071e+00 1.943772999999999973e+00 -8.389874000000000498e-01 -8.696491999999999223e+00 4.165486999999999718e+00 -1.091147999999999918e+01 -1.123790999999999940e+01 1.501408000000000076e+00 -3.547562999999999800e+00
-5.653027999999999942e+00 1.780593999999999966e+01 1.790109999999999957e+01 -5.843213000000000434e+00 1.887099000000000082e+00 -4.667718000000000145e-01 -1.008976999999999968e+01 5.336047999999999902e+00 -9.533853999999999829e+00 -1.274503999999999948e+01 1.435205000000000064e+00 -3.791418999999999873e+00
-5.263798999999999673e+00 1.739548999999999879e+01 1.580630999999999986e+01 -4.410118999999999900e+00 2.517164000000000179e+00 -2.443150999999999851e+00 -8.580698999999999188e+00 5.963478000000000279e+00 -8.516647000000000745e+00 -1.363326999999999956e+01 -5.938284000000000340e-01 -4.815399000000000207e+00
-4.844507000000000119e+00 1.664224000000000103e+01 1.620578000000000074e+01 -5.221543999999999741e+00 1.499365999999999977e+00 -1.595412999999999970e+00 -8.733480999999999383e+00 4.803351000000000148e+00 -8.254526999999999504e+00 -1.391241999999999912e+01 1.040836000000000094e+00 -2.915881999999999863e+00
-4.990863000000000049e+00 1.747368000000000166e+01 1.646172999999999931e+01 -5.137019999999999698e+00 1.751349000000000100e-01 -2.938794000000000128e+00 -8.552286000000000499e+00 5.422267999999999866e+00 -7.557152000000000314e+00 -1.538813000000000031e+01 2.975954000000000099e-02 -1.872733999999999899e+00
-4.946032999999999902e+00 1.733793999999999969e+01 1.674090999999999951e+01 -5.277751000000000303e+00 -1.747111000000000081e+00 -2.530981999999999843e+00 -8.379668000000000561e+00 5.462082999999999799e+00 -7.736242999999999981e+00 -1.353255000000000052e+01 -2.163062000000000040e-01 -3.402315000000000200e+00
-5.319968000000000252e+00 1.780411000000000143e+01 1.677950999999999837e+01 -5.348751000000000033e+00 -2.458474999999999966e+00 -5.414297999999999611e+00 -6.355959000000000358e+00 5.211661000000000321e+00 -7.255563999999999680e+00 -1.204505999999999943e+01 -1.303077000000000041e+00 -4.767052999999999763e+00
-4.637762000000000384e+00 1.841013999999999839e+01 1.549902999999999942e+01 -6.607305000000000206e+00 -4.192326999999999693e+00 -6.797532000000000352e+00 -3.780622999999999845e+00 4.268731999999999971e+00 -5.564810999999999730e+00 -1.247430999999999912e+01 -2.268594000000000221e+00 -4.507437999999999612e+00
-4.019636000000000209e+00 1.800749000000000066e+01 1.387828999999999979e+01 -9.022983999999999227e+00 -4.909163000000000388e+00 -7.328382999999999647e+00 -5.989816000000000251e+00 9.245881999999999934e+00 -2.470371000000000095e+00 -1.317456999999999923e+01 -3.623498000000000108e+00 -5.011548000000000336e+00
-3.556305000000000049e+00 1.890290999999999855e+01 1.461090000000000089e+01 -1.061666999999999916e+01 -7.381739999999999746e+00 -1.131209999999999916e+01 -2.732047000000000114e+00 1.046340000000000003e+01 -1.774858000000000047e+00 -1.049192000000000036e+01 -5.077350000000000030e+00 -3.813781000000000088e+00
-2.787866999999999873e+00 1.786486999999999981e+01 1.343046999999999969e+01 -8.894085999999999714e+00 -1.046561999999999948e+01 -1.245388999999999946e+01 2.523201999999999945e-01 9.005893999999999622e+00 -2.901530000000000165e+00 -7.690591000000000399e+00 -2.144019000000000119e+00 -2.150239000000000011e+00
-2.176334000000000213e+00 1.795200000000000173e+01 1.178762000000000043e+01 -8.313831999999999667e+00 -1.087016000000000027e+01 -1.477115000000000045e+01 2.699533000000000182e+00 8.369403000000000148e+00 -4.016288000000000302e+00 -1.410967000000000082e+00 -2.268594000000000221e+00 -3.376971000000000167e+00
-1.661580999999999975e+00 1.925602999999999909e+01 1.080131000000000085e+01 -9.802711999999999648e+00 -1.161317999999999984e+01 -1.672469999999999857e+01 1.735657999999999923e+00 1.236161000000000065e+01 -1.243913999999999964e+00 -3.613590999999999998e+00 -2.464830000000000076e+00 -1.251274999999999915e+00
-6.204709000000000474e-01 1.974374999999999858e+01 9.933419000000000665e+00 -7.542133999999999894e+00 -1.307381999999999955e+01 -1.745288000000000039e+01 -5.325035000000000185e-01 1.115480999999999945e+01 7.100762999999999936e-01 -2.504283000000000037e+00 8.289393000000000455e-01 -4.710402000000000200e+00
3.109372000000000247e-01 1.883663999999999916e+01 6.756390999999999813e+00 -5.834761000000000308e+00 -1.182698000000000071e+01 -1.622053999999999974e+01 -1.099677999999999933e+00 1.045983000000000018e+01 2.997680999999999818e-01 -2.054276000000000213e+00 2.370587000000000000e+00 -3.928361000000000214e+00
7.239001000000000463e-01 1.865205999999999875e+01 7.111642999999999937e+00 -6.587442000000000242e+00 -1.209238000000000035e+01 -1.477153000000000027e+01 -2.197573000000000221e+00 1.046668999999999983e+01 8.370410999999999824e-01 -1.154260999999999981e+00 4.649422999999999750e-01 -3.172515000000000196e+00
-1.729624999999999913e-01 1.915719999999999956e+01 8.527402999999999622e+00 -4.853443999999999647e+00 -1.389931999999999945e+01 -1.638072999999999979e+01 -1.447594999999999965e+00 1.211641000000000012e+01 8.977308999999999983e-01 -2.485767000000000060e+00 9.402264000000000177e-01 -3.872348999999999819e+00
2.041363999999999956e-01 1.922278000000000020e+01 6.211522000000000432e+00 -6.409943000000000168e+00 -1.102806999999999960e+01 -1.456840000000000046e+01 -3.813284000000000118e-01 8.771122000000000085e+00 1.008685000000000054e+00 2.138593000000000188e+00 7.480246000000000395e-01 -4.730209000000000330e+00
6.250105999999999717e-01 2.063686999999999827e+01 6.199156000000000333e+00 -6.114956000000000280e+00 -1.180626999999999960e+01 -1.427046999999999954e+01 -2.296172999999999964e-01 8.189273999999999276e+00 1.665477000000000096e+00 2.112782000000000160e+00 -3.413559999999999928e-01 -2.997663999999999884e+00
1.653717000000000104e-01 2.093221000000000132e+01 8.175523999999999347e+00 -6.162711999999999968e+00 -1.254107999999999912e+01 -1.628903000000000034e+01 5.251858000000000359e-01 1.156860999999999962e+01 6.519928000000000390e-01 2.437361000000000111e-01 2.277096999999999927e+00 -4.562384999999999913e+00
3.882029000000000174e-01 1.968046000000000006e+01 7.171225999999999878e+00 -5.570203000000000237e+00 -1.113047000000000075e+01 -1.418961000000000006e+01 -2.660708999999999991e-01 8.532232000000000482e+00 1.142724999999999991e+00 1.676241000000000092e+00 2.474756000000000178e+00 -4.996640000000000192e+00
1.010275999999999952e-01 2.000194000000000116e+01 7.735206999999999944e+00 -5.709666000000000352e+00 -1.152210999999999963e+01 -1.498123999999999967e+01 -1.685039999999999871e-01 9.613277999999999324e+00 -7.111094999999999500e-01 2.306925000000000114e+00 3.903929999999999900e+00 -3.581852000000000036e+00
-9.569679999999999853e-02 1.987881000000000142e+01 9.052410999999999319e+00 -6.843124999999999680e+00 -1.322625999999999991e+01 -1.533023999999999987e+01 -1.918274999999999952e+00 9.627007000000000758e+00 2.505827000000000027e+00 2.997647000000000173e+00 2.634449000000000041e+00 -3.340977999999999781e+00
1.672176999999999969e-01 1.842917999999999878e+01 6.627856000000000414e+00 -6.642381999999999564e+00 -1.194932000000000016e+01 -1.628825000000000145e+01 -2.176130000000000120e+00 1.005673999999999957e+01 2.837572999999999901e+00 1.831947999999999910e+00 3.231698999999999877e+00 -1.586071000000000009e+00
-1.199305000000000065e+00 1.821661999999999892e+01 8.892398000000000025e+00 -7.947001000000000204e+00 -1.309102000000000032e+01 -1.575237000000000087e+01 -4.372456999999999816e+00 1.234129000000000076e+01 4.953528000000000375e+00 -1.868549999999999933e+00 4.015455000000000219e+00 -8.547171999999999548e-01
-3.437638000000000194e+00 1.542627000000000059e+01 1.196411999999999942e+01 -9.801444000000000045e+00 -1.293781000000000070e+01 -1.695374999999999943e+01 -3.298148999999999997e+00 1.537491999999999948e+01 3.078470999999999957e+00 -6.412110000000000198e+00 5.471680000000000099e+00 3.819214999999999804e+00
-3.028366999999999809e+00 1.551202999999999932e+01 9.648244000000000042e+00 -8.035327999999999804e+00 -1.438749999999999929e+01 -1.381584999999999930e+01 -4.684455999999999953e+00 1.465056000000000047e+01 3.594148999999999816e+00 -5.736818000000000417e+00 5.141852000000000089e+00 1.899890999999999996e+00
-2.890184999999999782e+00 1.604995999999999867e+01 7.813151999999999653e+00 -9.179351999999999734e+00 -1.233118999999999943e+01 -1.177716999999999992e+01 -5.089197999999999666e+00 1.553363000000000049e+01 7.569894999999999818e+00 -5.009063000000000265e+00 2.158453000000000177e+00 -9.776032999999999529e-01
-5.449448000000000292e+00 1.518618999999999986e+01 1.112058999999999997e+01 -9.126101999999999492e+00 -8.370222999999999303e+00 -1.077736999999999945e+01 -7.294101999999999641e+00 1.142554999999999943e+01 5.273360000000000269e+00 -4.797246000000000343e+00 6.310723000000000305e+00 8.726773999999999643e-02
-8.878674999999999429e+00 1.281752999999999965e+01 6.046262999999999721e+00 -8.796039000000000385e+00 -7.718659999999999854e+00 -6.621096999999999788e+00 -6.162434000000000189e+00 6.718865000000000087e+00 4.879062000000000232e+00 -3.404018000000000210e+00 4.822701999999999600e+00 1.151712999999999987e+00
-1.333344999999999914e+01 7.553040000000000198e+00 1.978107000000000060e+00 -6.940326999999999913e+00 -4.893529000000000018e+00 -2.266716000000000175e+00 -2.757242999999999888e+00 8.142044999999999533e+00 5.869461000000000261e+00 -8.077775999999999845e-01 6.174521000000000370e+00 -2.518263999999999919e-02
-8.451734999999999332e+00 1.156165000000000020e+01 1.125249999999999950e+01 -1.004444999999999943e+01 -5.159314000000000178e+00 -4.125860000000000305e+00 -2.835510000000000197e+00 1.438504000000000005e+01 6.311045000000000016e+00 -9.497915000000000774e+00 4.708143000000000050e-02 1.680315000000000003e+00
-6.143784000000000134e+00 1.274896999999999991e+01 6.546912999999999982e+00 -1.171335999999999977e+01 -7.619381999999999877e+00 -4.102257999999999960e+00 -2.093036999999999814e+00 1.370461000000000062e+01 7.031876999999999711e+00 -7.744176999999999644e+00 -9.559271000000000296e-01 1.325712999999999919e+00
-4.986380999999999730e+00 1.232865999999999929e+01 6.515808999999999962e+00 -1.306362999999999985e+01 -5.546655000000000335e+00 -1.901078000000000046e+00 1.463864999999999972e+00 1.381253000000000064e+01 8.005893999999999622e+00 -8.362797000000000480e+00 -1.551514999999999977e+00 3.501030999999999782e+00
-2.321635000000000115e+00 8.721320999999999657e+00 5.222214000000000134e+00 -1.522404000000000046e+01 -1.144589999999999996e+01 3.202204000000000161e-01 3.022254000000000218e+00 1.190882000000000041e+01 1.170946999999999960e+01 -9.664284000000000319e+00 -7.125604000000000049e+00 4.166788999999999632e+00
-2.700061999999999740e-01 1.434328999999999965e+01 2.300381999999999927e+00 -1.495695000000000086e+01 -1.133527999999999913e+01 1.568419000000000008e+00 7.366660999999999682e+00 1.169793999999999912e+01 5.695583000000000062e+00 -7.193450999999999596e+00 -3.258077000000000112e+00 1.999311000000000005e-01
3.660516999999999799e-01 1.688644999999999996e+01 1.677192999999999934e+00 -1.419243999999999950e+01 -1.126688000000000045e+01 -2.547403999999999780e-01 7.498536999999999786e+00 7.730440999999999896e+00 8.154080999999999690e+00 -5.526123000000000118e+00 -6.754488000000000270e+00 -3.840442000000000022e-01
3.212216999999999989e-01 1.214475999999999978e+01 1.025522999999999962e+00 -1.313504999999999967e+01 -1.024713000000000029e+01 -1.866427999999999976e-01 7.345754000000000339e+00 7.674150000000000027e+00 1.021120999999999945e+01 -5.792367999999999739e+00 -7.035910000000000331e+00 1.060559999999999947e+00
4.140460999999999725e-01 1.623776000000000153e+01 1.013532000000000100e+00 -1.531828999999999930e+01 -1.002668000000000070e+01 1.199686000000000030e+00 1.078043000000000085e+01 8.828511000000000664e+00 5.373143999999999920e+00 -4.908343999999999596e+00 -5.972630999999999801e+00 3.061027000000000164e+00
9.891792000000000640e-02 1.578260000000000041e+01 2.418050000000000033e+00 -1.540661000000000058e+01 -9.862914999999999210e+00 4.702072000000000251e+00 7.970289000000000179e+00 4.440896999999999650e+00 5.943927000000000405e+00 -4.332087999999999717e+00 -3.213467000000000073e+00 5.306800999999999879e-01
1.521863999999999995e-01 1.436232000000000042e+01 1.514931000000000028e+00 -1.322295000000000087e+01 -8.823228999999999544e+00 2.145701999999999998e+00 7.219774000000000136e+00 8.087127999999999872e+00 5.515747000000000178e+00 -5.703712999999999589e+00 -4.422202999999999662e+00 1.545288999999999913e+00
-3.686321000000000181e-01 1.545447000000000060e+01 1.895664999999999933e+00 -1.437162000000000006e+01 -9.309457999999999345e+00 1.314988000000000046e+00 6.385631000000000057e+00 8.750253999999999976e+00 6.877360000000000362e+00 -6.781037999999999677e+00 -6.126629000000000325e+00 2.589075999999999933e+00
-7.723739999999999772e-02 1.509149000000000029e+01 4.551720000000000210e-01 -1.420637999999999934e+01 -6.677801999999999794e+00 -2.182754999999999779e+00 6.802166999999999852e+00 9.346106999999999942e+00 5.082353999999999594e+00 -6.004185999999999801e+00 -3.812139999999999862e+00 3.210109000000000101e+00
1.039283000000000012e-01 1.424308000000000085e+01 9.771819999999999951e-01 -1.424441999999999986e+01 -7.019803999999999711e+00 -2.722506000000000093e+00 6.539487000000000272e+00 9.940860000000000696e+00 6.656195999999999557e+00 -8.149015000000000342e+00 -6.327372999999999692e+00 7.376310000000000144e+00
-3.390970999999999846e-01 1.337564000000000064e+01 3.221862999999999921e+00 -1.495102999999999938e+01 -9.062044000000000210e+00 2.157524000000000108e-01 3.139656000000000002e+00 1.065286000000000044e+01 6.044829000000000008e+00 -9.023780999999999608e+00 -2.610523000000000149e+00 7.617397000000000418e+00
-7.040655999999999581e-01 1.339260999999999946e+01 5.101923000000000208e+00 -1.528067000000000064e+01 -9.804676999999999865e+00 -1.605086000000000013e+00 1.055371000000000059e+00 1.257497000000000043e+01 6.398543000000000092e+00 -9.415713000000000221e+00 -1.038502999999999954e+00 6.988697000000000159e+00
-1.603302000000000005e+00 1.317362999999999928e+01 8.758241999999999194e+00 -1.679448999999999970e+01 -1.103667000000000087e+01 -1.837623999999999924e+00 -6.863588999999999940e-01 1.626376000000000133e+01 4.661621000000000237e+00 -1.232476999999999911e+01 2.333333000000000101e+00 6.929916000000000409e+00
-1.826133000000000006e+00 1.427519000000000027e+01 7.883227999999999902e+00 -1.555072999999999972e+01 -9.158194999999999197e+00 -3.118323999999999874e+00 -1.395059000000000049e+00 1.361400000000000077e+01 4.214078999999999908e+00 -1.140230999999999995e+01 4.216673000000000116e+00 5.003351000000000326e+00
-2.277597000000000094e+00 1.477092999999999989e+01 9.403539999999999566e+00 -1.337762999999999991e+01 -8.627798999999999552e+00 -5.728088999999999764e+00 -2.537017000000000091e-02 9.006717999999999336e+00 3.311177999999999955e+00 -1.060637999999999970e+01 7.967692000000000441e+00 3.400081000000000131e+00
-2.446632000000000140e+00 1.525613000000000063e+01 1.035238000000000014e+01 -1.080643000000000065e+01 -7.538475000000000037e+00 -7.511008999999999602e+00 -1.499595000000000011e+00 1.066356999999999999e+01 7.722554999999999836e-01 -1.211828000000000038e+01 6.499366000000000199e+00 4.547373999999999583e+00
-3.021246000000000098e+00 1.709626000000000090e+01 1.120490999999999993e+01 -9.074120999999999881e+00 -6.926389000000000351e+00 -8.596702999999999761e+00 -1.254069000000000100e+00 1.119270000000000032e+01 -1.394708000000000059e+00 -1.153866000000000014e+01 4.359518999999999700e+00 4.030484999999999651e+00
-3.736152000000000140e+00 1.792265000000000086e+01 1.298715999999999937e+01 -8.039975999999999345e+00 -5.711987999999999843e+00 -1.071856000000000009e+01 -1.824996999999999980e+00 1.076022999999999996e+01 -1.230137999999999954e+00 -1.165340999999999916e+01 2.315536999999999956e+00 5.161590999999999596e+00
-3.746964000000000183e+00 1.634393000000000029e+01 1.289985000000000070e+01 -6.939059000000000310e+00 -2.419388999999999790e+00 -1.135116999999999976e+01 -3.343179999999999819e+00 9.651445999999999970e+00 -1.565979999999999928e+00 -1.100868999999999964e+01 4.846370999999999873e-01 4.913262999999999714e+00
-4.240620999999999974e+00 1.696463999999999928e+01 1.315503999999999962e+01 -6.210467000000000404e+00 -8.145210000000000505e-01 -9.944725999999999289e+00 -3.635880999999999919e+00 1.127480000000000082e+01 -6.691482999999999848e+00 -9.031074999999999520e+00 3.457831999999999795e+00 -4.513440000000000230e-01
-4.284131999999999607e+00 1.765184999999999960e+01 1.159276000000000018e+01 -5.783202000000000176e+00 6.945869000000000071e-01 -8.208622999999999337e+00 1.758173999999999904e+00 5.295135000000000147e+00 -5.687680000000000291e+00 -8.536459999999999937e+00 -2.035816000000000070e+00 2.515600000000000058e+00
-5.274083000000000077e+00 1.798686000000000007e+01 1.372464000000000084e+01 -6.372329999999999828e+00 1.843712999999999935e+00 -5.595762999999999820e+00 -4.638849999999999918e-01 6.700467999999999869e+00 -7.229500999999999955e+00 -9.110751999999999740e+00 -2.085172000000000025e+00 2.859727000000000241e-01
-5.500341999999999842e+00 1.852777000000000029e+01 1.390076999999999963e+01 -3.908472999999999864e+00 1.237881000000000009e+00 -4.580102000000000118e+00 -1.302316999999999947e+00 6.080176999999999943e+00 -7.090620999999999619e+00 -1.112653000000000070e+01 -1.929275000000000073e+00 9.402293999999999929e-01
-5.947587000000000401e+00 1.931701999999999941e+01 1.452396000000000065e+01 -5.000515000000000043e+00 2.043832999999999789e+00 -3.371755999999999975e+00 -1.995470999999999995e+00 5.717173999999999978e+00 -6.793129000000000417e+00 -7.271724999999999994e+00 -4.981249000000000038e+00 -2.749549000000000021e+00
-5.676762000000000086e+00 1.930992000000000175e+01 1.251012000000000057e+01 -3.973555999999999866e+00 3.281684999999999963e+00 -3.784210999999999991e+00 1.685267000000000071e+00 4.575169999999999959e+00 -9.555448999999999415e+00 -7.036622000000000376e+00 -5.331720999999999933e+00 -3.431491999999999987e+00
-5.998218999999999745e+00 1.894281000000000148e+01 1.335740000000000016e+01 -2.562161000000000022e-01 3.396987999999999897e+00 -3.909571999999999825e+00 -1.372543999999999986e+00 3.635810000000000208e+00 -7.671084999999999710e+00 -6.324576999999999671e+00 -4.049426999999999666e+00 -5.453469000000000122e+00
-6.005074999999999719e+00 1.885820000000000007e+01 1.527492999999999945e+01 8.145489999999999675e-02 2.154056000000000193e+00 -4.103417999999999566e+00 -3.163593000000000099e+00 2.671737999999999946e+00 -7.528109999999999857e+00 -4.794158999999999615e+00 -3.895901999999999976e+00 -5.108450999999999631e+00
-6.534860000000000113e+00 1.923562000000000083e+01 1.446175000000000033e+01 -2.743885999999999825e-01 2.922876000000000030e+00 -4.185057999999999723e+00 -6.847507000000000454e-01 5.704267999999999894e+00 -9.062112000000000833e+00 -5.645637999999999934e+00 -5.416668999999999734e+00 -6.029138999999999804e+00
-6.644296999999999898e+00 1.939269000000000176e+01 1.416832999999999920e+01 -9.188796000000000186e-01 3.590463999999999878e+00 -2.151415000000000077e+00 -1.851224999999999954e-01 3.312346999999999930e+00 -1.017239999999999966e+01 -5.929839000000000304e+00 -5.681479999999999642e+00 -3.647447999999999801e+00
-6.931473000000000440e+00 1.895449999999999946e+01 1.458766999999999925e+01 1.323949000000000042e+00 4.590282000000000195e+00 -2.890042000000000222e+00 -2.764747999999999983e+00 3.091579999999999995e+00 -5.254286999999999708e+00 -6.832379000000000424e+00 -5.301347999999999949e+00 -6.052565999999999669e+00
-6.552792000000000172e+00 1.943442999999999898e+01 1.466449000000000069e+01 8.535762000000000072e-01 3.475941999999999865e+00 -2.690779000000000032e+00 -1.857696999999999932e+00 9.094430999999999488e-01 -7.424973999999999741e+00 -4.474609000000000059e+00 -4.570744000000000362e+00 -4.730847999999999942e+00
-6.533805000000000085e+00 1.952086999999999861e+01 1.534951000000000043e+01 -1.177521000000000040e+00 3.630722000000000005e+00 -1.714584000000000108e+00 -4.684993000000000407e+00 1.749248999999999943e-01 -6.792011999999999716e+00 -4.511923000000000350e+00 -3.723632999999999971e+00 -4.261664999999999814e+00
-6.675942000000000043e+00 1.883389000000000024e+01 1.600679999999999836e+01 5.349230000000000373e-01 4.299872999999999834e+00 -3.686319999999999819e+00 -3.038149999999999906e+00 7.059746999999999550e-01 -7.190777999999999892e+00 -5.974727999999999817e+00 -6.222493000000000052e+00 -3.606770000000000032e+00
-6.129280999999999757e+00 1.874101999999999890e+01 1.573774000000000051e+01 1.181103999999999932e+00 3.161690999999999807e+00 -4.104192000000000284e+00 -3.611756999999999884e+00 1.959186000000000094e+00 -6.258090000000000153e+00 -7.052332999999999963e+00 -5.191958999999999769e+00 -6.339654999999999596e+00
-6.202062999999999882e+00 1.924846000000000146e+01 1.631483000000000061e+01 1.803472999999999882e-01 2.610189000000000092e+00 -2.920608999999999789e+00 -1.175265000000000004e+00 8.328335000000000043e-01 -8.491329000000000349e+00 -6.876706000000000429e+00 -5.924935999999999758e+00 -4.249952000000000396e+00
-6.134553999999999618e+00 1.956765000000000043e+01 1.572611999999999988e+01 -1.940913999999999973e-01 5.479486999999999775e+00 -1.764882999999999980e+00 -3.298684999999999867e+00 -1.730977999999999906e+00 -7.487898000000000387e+00 -7.013615999999999850e+00 -6.339237999999999928e+00 -4.275508999999999560e+00
-6.047532000000000352e+00 1.941700000000000159e+01 1.634742999999999924e+01 -6.099464999999999471e-01 4.177926000000000251e+00 -1.639869000000000049e-02 -7.725112000000000201e+00 -4.588203000000000142e-01 -5.969534000000000340e+00 -1.046218000000000004e+01 -1.752021999999999968e+00 -2.124468999999999941e+00
-5.970530000000000115e+00 1.824367000000000161e+01 1.564780000000000015e+01 9.871231999999999784e-01 4.559403999999999790e+00 -6.544271999999999867e-01 -8.242430999999999841e+00 1.257068999999999992e+00 -5.435611999999999888e+00 -1.324835000000000029e+01 -4.158578000000000330e+00 -1.598848999999999965e+00
-5.864784000000000219e+00 1.712423000000000073e+01 1.611996999999999858e+01 2.099451000000000178e+00 4.954171999999999798e+00 -2.831617000000000051e+00 -8.526018000000000541e+00 3.614666999999999852e+00 -8.933286000000000726e+00 -1.345063000000000031e+01 2.388086000000000098e-01 -1.172261999999999915e+00
-6.268780999999999715e+00 1.681537000000000148e+01 1.702045999999999992e+01 8.802010999999999585e-01 4.706367000000000189e+00 -2.764679999999999804e+00 -9.926263999999999754e+00 3.142103999999999786e+00 -6.089051999999999687e+00 -1.431781999999999933e+01 1.673677999999999999e+00 -1.983692999999999929e+00
-6.512707999999999942e+00 1.673097999999999885e+01 1.846658000000000044e+01 1.498490000000000100e+00 4.065357999999999805e+00 -7.115965000000000096e+00 -1.055616000000000021e+01 5.866273999999999766e+00 -4.570687999999999640e+00 -1.358361000000000018e+01 -5.400246000000000213e-02 -2.277211000000000096e-01
-6.124005999999999617e+00 1.462119999999999997e+01 1.789884999999999948e+01 3.215583000000000080e+00 4.066139999999999866e+00 -1.167928000000000033e+01 -1.299854999999999983e+01 8.457271000000000427e+00 -6.243564000000000336e-01 -1.164161999999999964e+01 -1.571684999999999999e+00 -1.418247000000000035e+00
-5.870848999999999762e+00 1.352904999999999980e+01 1.884318999999999988e+01 1.187866000000000088e+00 8.704735999999999585e-01 -1.290503999999999962e+01 -1.102738000000000085e+01 8.918025999999999343e+00 8.389027000000000012e-01 -1.201223000000000063e+01 8.747354999999999992e-01 1.419421000000000044e+00
-6.259814999999999685e+00 1.441873000000000005e+01 1.827695999999999898e+01 -1.678891000000000133e-01 2.521463999999999928e+00 -1.529928999999999917e+01 -1.207916999999999952e+01 6.804534999999999556e+00 -2.099524999999999864e-01 -8.223641999999999896e+00 3.126818000000000097e+00 3.036108000000000029e+00
-6.597357999999999834e+00 1.328988999999999976e+01 1.929400000000000048e+01 3.388286999999999827e-01 1.908986999999999989e+00 -1.693983000000000061e+01 -1.657849999999999824e+01 9.421343000000000245e+00 1.520639999999999992e+00 -1.087795999999999985e+01 2.258826000000000001e+00 5.395011000000000223e+00
-5.887725999999999793e+00 1.190033000000000030e+01 1.765415000000000134e+01 -7.113745999999999681e-01 5.667099000000000331e+00 -1.605842000000000169e+01 -2.279489999999999839e+01 8.445738000000000412e+00 3.356602000000000086e+00 -9.957743000000000677e+00 3.287224000000000146e+00 4.000881999999999827e+00
-6.618453999999999837e+00 1.274507000000000012e+01 1.824661000000000044e+01 -1.415877000000000052e+00 3.795665000000000067e+00 -1.479475000000000051e+01 -2.207387999999999906e+01 6.891580000000000261e+00 3.561755999999999922e+00 -8.670282999999999518e+00 3.666643999999999792e+00 4.344622000000000206e+00
-6.572306000000000203e+00 1.257033999999999985e+01 1.812931000000000026e+01 -6.615058000000000327e-01 5.264904999999999724e+00 -1.707911000000000001e+01 -2.247219000000000122e+01 6.802338999999999913e+00 5.839673999999999587e+00 -8.623151000000000010e+00 4.018538999999999639e+00 4.497751000000000055e+00
-6.531168000000000085e+00 1.359692000000000078e+01 1.667045999999999850e+01 -6.720713000000000381e-01 6.172481000000000328e+00 -1.816713000000000022e+01 -2.124348000000000170e+01 6.190012000000000292e+00 5.210435999999999623e+00 -6.310268999999999906e+00 6.175173000000000467e-01 5.819893999999999679e+00
-6.810431999999999597e+00 1.339445000000000086e+01 1.775495000000000090e+01 -1.021997999999999962e+00 5.674916999999999767e+00 -1.966604999999999848e+01 -2.165144000000000091e+01 8.837847000000000008e+00 5.311336999999999975e+00 -8.753327000000000524e+00 -5.086427000000000032e-01 7.126278000000000112e+00
-7.474179000000000350e+00 1.024455999999999989e+01 1.748476000000000141e+01 -5.224647999999999515e-01 6.898305999999999827e+00 -1.937702000000000169e+01 -2.245342000000000127e+01 9.352695999999999898e+00 4.685450000000000337e+00 -9.056886000000000436e+00 3.235198000000000240e-01 6.973362999999999978e+00
-7.529821000000000097e+00 8.735538000000000025e+00 2.000225000000000009e+01 -9.569151000000000185e-01 5.420857999999999954e+00 -1.978290000000000148e+01 -2.418872000000000000e+01 1.001445000000000007e+01 7.149161000000000321e+00 -1.034798999999999936e+01 2.959057000000000048e+00 3.330865000000000187e+00
-6.458384999999999820e+00 1.045781000000000027e+01 1.802888000000000090e+01 1.883769999999999889e-01 5.083547000000000260e+00 -1.823639000000000010e+01 -2.225346000000000046e+01 6.776803000000000132e+00 5.373143999999999920e+00 -9.001056000000000168e+00 -1.746040000000000092e-02 4.559512999999999927e+00
-6.814915000000000056e+00 1.253617999999999988e+01 1.812481999999999971e+01 -1.645081999999999933e-01 5.544761000000000273e+00 -1.500059000000000076e+01 -2.339639000000000024e+01 8.863657999999999149e+00 3.406867000000000090e+00 -1.028233999999999959e+01 1.289036999999999988e+00 3.533189999999999831e+00
-6.974719999999999587e+00 1.238391999999999982e+01 1.817015999999999920e+01 8.214572999999999459e-01 7.197705000000000020e+00 -1.701876000000000033e+01 -2.268447000000000102e+01 7.757075000000000387e+00 5.597286999999999679e+00 -7.093013000000000012e+00 -1.488871999999999973e+00 3.160912000000000166e+00
-7.197815000000000296e+00 1.421671000000000085e+01 1.807272999999999996e+01 -3.420074000000000169e-01 5.098008000000000095e+00 -1.341615999999999964e+01 -2.112984000000000151e+01 5.779779000000000444e+00 5.604362000000000066e+00 -7.022313999999999723e+00 3.498585000000000167e-01 -8.162079999999999336e-02
-7.947267000000000081e+00 1.441047000000000011e+01 1.923329000000000022e+01 -9.683258000000000143e-01 4.091154999999999653e+00 -1.416291000000000011e+01 -2.042113000000000156e+01 8.343591999999999231e+00 3.214744000000000046e+00 -9.891811999999999827e+00 -1.275612000000000135e-01 1.339982000000000006e+00
-9.168487999999999971e+00 1.323554000000000030e+01 1.902156000000000091e+01 -2.479604000000000141e+00 4.296746999999999872e+00 -1.220703999999999922e+01 -1.693607000000000085e+01 1.041808999999999941e+01 -3.650287000000000059e+00 -9.759392000000000067e+00 6.247842999999999591e+00 1.507379999999999942e+00
-9.447751000000000232e+00 7.967154999999999987e+00 1.781004000000000076e+01 6.850088999999999650e+00 7.921185000000000365e+00 -1.588160000000000061e+01 -1.897853999999999886e+01 1.037471000000000032e+01 2.165888999999999953e+00 -1.081819999999999915e+01 3.735871000000000053e-01 2.282605999999999913e+00
-1.108245999999999931e+01 6.118312000000000417e+00 1.603903000000000034e+01 7.337788999999999895e+00 7.410722999999999949e+00 -1.197372999999999976e+01 -2.236978999999999829e+01 6.077981000000000300e+00 -1.634058999999999859e-02 -1.092873999999999945e+01 3.591127000000000069e-01 1.629413999999999918e+00
-1.097751000000000055e+01 8.827486999999999639e+00 2.022259999999999991e+01 6.462126999999999732e+00 9.480323999999999529e+00 -1.026045000000000051e+01 -2.233118999999999943e+01 1.105649999999999977e+01 1.510958999999999941e+00 -1.200437999999999938e+01 -2.720623999999999931e+00 -9.733437999999999812e-01
-1.142449000000000048e+01 8.971028000000000446e+00 1.851154999999999973e+01 8.759895000000000209e+00 9.390034999999999243e+00 -8.948024000000000200e+00 -2.173077999999999932e+01 7.016242000000000090e+00 -2.026926000000000005e+00 -1.284828000000000081e+01 -1.194636999999999949e+00 -3.410233999999999766e-01
-1.086992000000000047e+01 8.791256999999999877e+00 2.150720000000000098e+01 7.751953999999999567e+00 1.110863999999999940e+01 -1.146260999999999974e+01 -2.003355000000000175e+01 1.221443000000000012e+01 -2.969294000000000100e+00 -1.298434999999999917e+01 2.093850999999999907e-01 -5.699707000000000523e-01
-9.554551999999999268e+00 1.073503000000000007e+01 1.959117000000000175e+01 6.389859000000000400e+00 9.053504999999999470e+00 -8.708522000000000318e+00 -1.502064999999999984e+01 1.288854000000000077e+01 -3.784326000000000079e+00 -1.204757999999999996e+01 -6.595566999999999958e-01 -1.354354999999999976e+00
-9.599909999999999499e+00 1.297231000000000023e+01 2.181148999999999916e+01 9.966889000000000109e+00 9.653864999999999696e+00 -9.432059000000000637e+00 -1.386968000000000067e+01 8.944112000000000506e+00 -2.625633000000000106e+00 -1.258849000000000018e+01 -2.417609999999999815e+00 -1.253405000000000102e+00
-9.232303999999999178e+00 1.424995999999999974e+01 2.313206999999999880e+01 8.858788000000000551e+00 1.043206999999999951e+01 -7.110547999999999647e+00 -1.337166000000000032e+01 9.253021000000000384e+00 -6.361970000000000347e+00 -1.035893000000000086e+01 3.769090999999999969e-01 -2.862638000000000016e+00
-9.166377000000000663e+00 1.431072999999999951e+01 2.194190000000000040e+01 9.808830999999999634e+00 1.122706999999999944e+01 -7.380231000000000208e+00 -1.074540000000000006e+01 8.553100999999999843e+00 -7.511355000000000004e+00 -1.023745000000000083e+01 1.867302999999999935e+00 -4.646936000000000178e+00
-9.819575999999999638e+00 1.400943000000000005e+01 2.266964000000000112e+01 7.741387999999999714e+00 1.089640999999999948e+01 -4.485306999999999711e+00 -7.502638000000000140e+00 8.696984000000000492e+00 -8.073945999999999401e+00 -1.074582000000000015e+01 2.633738000000000135e+00 -3.185506999999999866e+00
-9.596745000000000303e+00 1.434856000000000087e+01 2.180623999999999896e+01 8.411659000000000219e+00 1.026204000000000072e+01 -3.147730000000000139e+00 -5.162105000000000388e+00 7.936379999999999768e+00 -8.861798000000000286e+00 -9.661758000000000735e+00 1.915235000000000021e+00 -9.492777000000000021e-01
-1.019008000000000003e+01 1.393604999999999983e+01 2.270636000000000010e+01 8.196970000000000312e+00 9.852422000000000679e+00 -5.897559000000000218e+00 -5.997321000000000346e+00 8.686550000000000438e+00 -8.729620999999999853e+00 -8.352417000000000868e+00 2.762583999999999929e+00 -8.726070000000000215e-01
-1.079791999999999952e+01 1.330066000000000059e+01 2.318115999999999843e+01 7.966643000000000363e+00 1.087529999999999930e+01 -1.968015000000000070e+00 -5.887424000000000213e+00 8.532781999999999201e+00 -9.328328000000000841e+00 -7.617647999999999975e+00 3.708880999999999872e+00 -3.574397999999999964e+00
-1.031085999999999991e+01 1.321376000000000062e+01 2.136629999999999896e+01 1.013762999999999970e+01 8.543433000000000277e+00 -2.976712000000000025e+00 -2.436666000000000221e+00 7.006082000000000143e+00 -9.558801000000000769e+00 -6.558277999999999608e+00 3.976065000000000182e+00 -3.813142000000000031e+00
-1.068717000000000006e+01 1.267261000000000060e+01 2.315343000000000018e+01 9.818550999999999362e+00 7.520946000000000353e+00 -2.315468000000000082e+00 -3.983798000000000172e+00 8.852399999999999380e+00 -9.283647999999999456e+00 -7.156697999999999560e+00 2.926785999999999888e+00 -3.547137000000000207e+00
-1.015923000000000087e+01 1.184369000000000050e+01 2.264003999999999905e+01 9.756849000000000771e+00 9.099626999999999910e+00 -1.198048000000000002e+00 -5.809692000000000078e+00 6.261678999999999995e+00 -8.856956999999999525e+00 -4.807625999999999955e+00 5.216122999999999621e+00 -5.148915999999999826e+00
-1.020195000000000007e+01 1.284688000000000052e+01 2.272173000000000087e+01 1.090130000000000088e+01 7.828942999999999763e+00 -2.759650000000000158e+00 -5.169075000000000308e+00 5.040593999999999575e+00 -7.224287999999999599e+00 -5.719424000000000063e+00 1.630255000000000010e+00 -3.596121000000000123e+00
-1.060145999999999944e+01 1.312617000000000012e+01 2.501324999999999932e+01 1.032484999999999964e+01 6.008710999999999913e+00 -6.147895000000000110e+00 -6.647052000000000405e+00 8.806269999999999598e+00 -5.799750999999999657e+00 -9.743961000000000539e+00 4.632813000000000070e-01 -2.131283999999999956e+00
-9.636827999999999506e+00 1.185585000000000022e+01 2.309647000000000006e+01 1.004930000000000057e+01 9.125813000000000841e+00 -6.871045999999999765e+00 -8.108411000000000257e+00 9.514426999999999524e+00 -8.286175000000000068e+00 -9.399722000000000577e+00 -4.035249000000000197e-01 -1.927254999999999940e+00
-9.485196999999999434e+00 1.224566000000000088e+01 2.398010000000000019e+01 9.040513000000000687e+00 1.021123000000000047e+01 -9.089249999999999829e+00 -1.102255000000000074e+01 8.812860000000000582e+00 -8.069850999999999885e+00 -7.822452000000000183e+00 7.691430999999999685e-01 -3.814207000000000125e+00
-8.588862000000000663e+00 1.142270000000000074e+01 2.341948999999999970e+01 7.100278000000000311e+00 8.066976000000000369e+00 -9.377117000000000147e+00 -1.389326999999999934e+01 9.622889000000000692e+00 -4.704354999999999620e+00 -9.663161000000000556e+00 -1.601107999999999976e+00 -3.278789999999999871e+00
-8.422727999999999327e+00 1.349579999999999913e+01 2.401569999999999894e+01 4.042645000000000266e+00 7.279395000000000060e+00 -1.416214000000000084e+01 -1.822963000000000022e+01 1.233442999999999934e+01 -8.488717999999999542e-01 -8.383278000000000674e+00 -4.815921000000000229e-01 -3.363126999999999978e+00
-7.559091999999999700e+00 1.256758999999999915e+01 2.265915000000000035e+01 2.355557000000000123e+00 5.779276000000000302e+00 -1.396945000000000014e+01 -2.121936000000000178e+01 1.201097000000000037e+01 3.089268999999999821e+00 -6.770376999999999867e+00 -1.495516000000000068e+00 -7.158579999999999943e-01
-7.126088000000000200e+00 1.010881000000000007e+01 2.231213999999999942e+01 1.870392999999999972e+00 3.460698999999999970e+00 -1.298357999999999990e+01 -2.075512000000000157e+01 1.197800999999999938e+01 1.251444999999999919e+00 -7.227959000000000245e+00 1.247748999999999997e+00 6.923274000000000372e-01
-6.729473999999999734e+00 1.171665999999999919e+01 2.058571999999999846e+01 3.040618999999999961e+00 2.533189000000000135e+00 -1.811837999999999838e+01 -2.055407999999999902e+01 1.326143000000000072e+01 7.931061000000000361e-01 -5.429051000000000293e+00 2.352790999999999855e+00 -1.260007000000000099e+00
-7.008739000000000274e+00 9.899233000000000615e+00 2.084879000000000104e+01 6.350831999999999589e-01 4.726301000000000307e+00 -1.452120000000000033e+01 -2.435115000000000052e+01 1.104194999999999993e+01 1.130436999999999914e+00 -9.577311999999999159e+00 2.621636000000000077e+00 1.899890999999999996e+00
-7.207309000000000410e+00 1.019112999999999936e+01 2.000225000000000009e+01 1.339585999999999943e+00 2.496839000000000031e+00 -1.553608999999999973e+01 -2.330578999999999823e+01 1.177345000000000041e+01 1.320326000000000111e+00 -8.022486000000000672e+00 1.759813000000000072e+00 2.630606000000000222e+00
-6.182813000000000336e+00 8.951079000000000008e+00 1.909388999999999825e+01 1.740079999999999960e-01 4.378827000000000247e+00 -1.604797999999999902e+01 -2.364887999999999835e+01 1.268974000000000046e+01 1.976372999999999935e+00 -7.141549000000000369e+00 1.137647999999999993e+00 1.365752000000000077e+00
-5.274346999999999674e+00 9.415639999999999787e+00 1.517675000000000018e+01 1.679370000000000029e+00 4.328796999999999784e+00 -1.576629999999999932e+01 -2.323610000000000042e+01 1.173803000000000019e+01 1.981212999999999891e+00 -6.430626000000000175e+00 4.469085999999999892e-01 2.593122000000000149e+00
-6.384019999999999584e+00 1.003016000000000041e+01 1.635567999999999955e+01 -5.321850000000000191e-01 3.546688000000000063e+00 -1.536196999999999946e+01 -2.314872000000000085e+01 1.222870999999999952e+01 3.187936000000000103e+00 -8.735651999999999973e+00 2.930582999999999938e+00 2.911519000000000190e+00
-6.577580000000000204e+00 1.219636000000000031e+01 1.703583000000000069e+01 -1.129489000000000049e-01 3.967520999999999964e-01 -1.407972000000000001e+01 -2.060607999999999862e+01 9.343360000000000554e+00 1.345272000000000023e+00 -6.998185999999999574e+00 3.322815999999999992e+00 1.888177999999999912e+00
-7.352873999999999910e+00 1.267375999999999969e+01 1.666109000000000151e+01 -6.767201000000000466e-01 4.170768000000000253e-01 -1.383789999999999942e+01 -2.025065999999999988e+01 8.105249999999999844e+00 3.260168000000000177e+00 -6.637393999999999572e+00 2.773499000000000159e+00 4.136332999999999593e+00
-8.925349999999999895e+00 7.028172999999999782e+00 1.684808999999999912e+01 -1.246407999999999960e+00 3.555677000000000199e+00 -1.316929999999999978e+01 -2.057445999999999842e+01 1.148540999999999990e+01 5.668775000000000119e+00 -7.170444999999999958e+00 1.729676999999999909e+00 2.732619999999999827e+00
-6.849196000000000062e+00 1.055939000000000050e+01 1.350242000000000075e+01 -1.015236000000000027e+00 7.453986000000000223e-01 -1.616560000000000130e+01 -2.207226999999999961e+01 1.130363000000000007e+01 2.467477000000000142e+00 -5.980057999999999652e+00 2.947430000000000216e+00 6.231107999999999647e-01
-1.400853999999999999e+01 6.627587000000000117e+00 5.819545999999999886e+00 -3.446552000000000060e+00 2.524589999999999890e+00 -5.148098000000000063e+00 -1.670127000000000095e+01 1.755717999999999890e+00 -3.343859000000000137e+00 -2.054837000000000025e+00 8.424706000000000472e+00 4.141445000000000043e+00
-1.655778000000000105e+01 5.905293000000000347e+00 5.589082000000000328e+00 -6.365714000000000095e-01 1.240226999999999968e+00 -5.632132999999999612e+00 -1.716926000000000130e+01 7.839572000000000207e-01 -2.817384000000000110e+00 -2.125255999999999812e+00 7.165665999999999869e+00 -8.317158999999999525e-01
