-7.170510000000000161e+00 1.694576999999999956e+01 1.284740000000000038e+01 7.108514000000000221e-01 5.175587000000000160e+00 -4.168378999999999834e+00 -4.956807999999999659e+00 1.600630999999999915e+00 -8.841269000000000489e+00 -4.702713000000000143e+00 -3.464506999999999781e+00 -1.933740999999999932e+00
-6.946856000000000364e+00 1.839371999999999829e+01 1.290216999999999992e+01 6.764343999999999912e-01 2.887214000000000169e+00 -3.551201999999999970e+00 -4.881847999999999743e-01 -2.163711999999999858e+00 -1.111693999999999960e+01 -7.901062999999999725e+00 -2.275653000000000148e+00 -6.717330999999999719e-01
-6.954227000000000380e+00 1.842126000000000019e+01 1.305030999999999963e+01 2.487519999999999953e+00 3.959686000000000039e+00 -3.200212000000000057e+00 -8.498238999999999654e-01 -4.157994999999999663e+00 -1.371698999999999913e+01 -7.647573000000000398e+00 -1.602214999999999945e+00 -5.687837999999999505e-01
-6.489440000000000097e+00 1.840606000000000009e+01 1.383929999999999971e+01 4.661725999999999925e-01 3.272720000000000073e+00 -2.404679999999999929e+00 -3.357965999999999784e+00 -3.182180999999999926e+00 -1.005789000000000044e+01 -9.226988999999999663e+00 -1.151351999999999931e+00 1.335311999999999888e-01
-6.591790999999999734e+00 1.843271999999999977e+01 1.388261999999999929e+01 2.197584999999999955e-01 1.922476000000000074e+00 -2.690722000000000058e+00 -2.953762999999999916e+00 -3.130402000000000129e+00 -7.314142000000000365e+00 -8.342503000000000668e+00 -1.933386999999999967e+00 9.687125000000000596e-02
-6.595792000000000321e+00 1.737501999999999924e+01 1.381863000000000063e+01 -8.642320999999999476e-01 2.385536999999999797e+00 -1.551603000000000065e+00 -2.484293999999999780e+00 -1.797382999999999953e+00 -8.507657999999999276e+00 -8.238407999999999731e+00 -1.182955999999999896e+00 -2.130348999999999826e+00
-6.633699000000000012e+00 1.836132999999999882e+01 1.243336000000000041e+01 -1.646279000000000048e+00 3.189648000000000039e+00 -2.584045000000000147e+00 -2.443306000000000200e+00 -8.092612999999999890e-02 -8.586209000000000202e+00 -8.567719999999999558e+00 -2.018448999999999938e+00 -1.426527000000000100e+00
-6.021916000000000047e+00 1.809316000000000102e+01 1.194936000000000043e+01 -1.318883000000000028e+00 3.261686999999999781e+00 -3.294437999999999978e+00 -3.407782000000000089e+00 -7.444705999999999824e-01 -6.508760999999999797e+00 -8.489328000000000429e+00 -3.368349999999999955e+00 -5.679939999999999989e-02
-5.759301999999999921e+00 1.741204000000000107e+01 1.110161000000000087e+01 -7.774664999999999493e-01 2.394947999999999855e+00 -8.741891000000000522e-01 -3.094066999999999901e+00 -3.759275000000000144e+00 -6.445920000000000094e+00 -8.045959999999999113e+00 -4.094572999999999574e+00 2.302030999999999938e-01
-5.805633000000000266e+00 1.679724999999999824e+01 1.188288000000000011e+01 -1.484026999999999985e+00 2.473476999999999926e+00 -1.633377000000000079e+00 -2.656757999999999953e+00 -2.823606999999999978e+00 -5.799489999999999590e+00 -8.121783000000000641e+00 -6.172042000000000250e+00 1.312714000000000103e-01
-5.904613000000000334e+00 1.631446000000000041e+01 1.158062999999999931e+01 -1.926530999999999993e+00 2.908907000000000020e-01 -1.187489000000000017e+00 -2.672838000000000047e+00 -1.647291999999999978e+00 -2.942074999999999996e+00 -1.127289999999999992e+01 -7.484623000000000026e+00 1.391270000000000007e+00
-5.925041000000000224e+00 1.668552999999999997e+01 1.051975999999999978e+01 -2.206205999999999889e+00 1.658009000000000066e+00 -2.340068000000000037e+00 -3.974359999999999893e+00 -1.515222000000000069e+00 -1.847903000000000073e+00 -1.181234000000000073e+01 -9.014734999999999943e+00 2.629926000000000208e+00
-5.617569999999999730e+00 1.725757000000000119e+01 1.098633000000000060e+01 -3.944408000000000136e+00 2.613612000000000157e-01 -3.076372999999999802e+00 -2.083873999999999782e+00 -1.497201999999999922e+00 -4.090771000000000157e+00 -1.231610000000000049e+01 -8.271029000000000408e+00 4.511387000000000036e+00
-5.614201000000000441e+00 1.807508999999999943e+01 1.048441000000000045e+01 -5.528457999999999650e+00 5.611990999999999508e-01 -4.238374999999999559e+00 -2.816926000000000041e+00 -7.253100999999999576e-01 -4.768158999999999814e+00 -1.002247999999999983e+01 -7.527322999999999986e+00 1.839476000000000111e+00
-5.964423000000000030e+00 1.836617999999999995e+01 1.161175000000000068e+01 -4.631879999999999775e+00 -6.822844000000000131e-01 -8.117772999999999683e+00 -2.818817999999999824e+00 1.690274999999999972e+00 -6.194094999999999906e+00 -8.863619999999999166e+00 -7.655084000000000444e+00 -1.241470000000000073e+00
-5.401498000000000133e+00 1.931172000000000111e+01 1.057553000000000054e+01 -6.541590000000000238e+00 -1.267033000000000076e+00 -9.529472000000000165e+00 -9.775169000000000219e-01 1.576670000000000016e-01 -7.653760000000000119e+00 -5.897878000000000398e+00 -6.639717000000000091e+00 -4.042192000000000007e+00
-4.120859000000000272e+00 2.023214000000000112e+01 9.797245999999999455e+00 -7.219228000000000200e+00 -5.090614999999999668e+00 -1.008169999999999966e+01 -2.433216999999999963e+00 2.363170999999999911e+00 -6.773062999999999612e+00 -4.489383000000000123e+00 -4.690008999999999872e+00 -8.077553999999999235e+00
-3.305849999999999955e+00 1.987030999999999992e+01 8.972155000000000769e+00 -9.122574999999999434e+00 -6.943184999999999718e+00 -1.178852999999999973e+01 -1.087868999999999975e+00 4.690936999999999912e+00 -6.723621999999999765e+00 -4.954596999999999696e+00 -4.292939999999999756e+00 -6.437647000000000119e+00
-2.833270999999999873e+00 1.929254999999999853e+01 9.585371000000000308e+00 -8.259546999999999528e+00 -9.703056000000000125e+00 -1.366192999999999991e+01 -1.515087999999999990e+00 3.842630999999999908e+00 -2.674077000000000037e+00 -8.299954999999999972e-01 -6.662914999999999921e+00 -4.917262000000000022e+00
-2.182106000000000101e+00 1.822735000000000127e+01 8.361926000000000414e+00 -8.075025999999999371e+00 -8.939183999999999131e+00 -1.340046000000000070e+01 -2.444567000000000156e+00 4.087155000000000094e+00 -1.226887000000000061e+00 7.613079999999999847e-01 -6.527757000000000254e+00 -2.054768999999999846e+00
-2.265290999999999944e+00 2.008383999999999858e+01 8.894973999999999492e+00 -8.985196000000000183e+00 -1.131711999999999918e+01 -1.818340999999999852e+01 3.199065999999999854e-01 6.551097000000000392e+00 4.929219000000000239e-01 2.248838000000000115e+00 -7.214306999999999803e+00 -1.945291000000000103e+00
-2.014680999999999944e+00 1.910238000000000014e+01 1.037162000000000006e+01 -9.416999000000000564e+00 -1.187007000000000012e+01 -1.581161999999999956e+01 -2.458755000000000024e+00 2.349485000000000046e+00 2.347653999999999908e+00 2.391486000000000001e+00 -4.420365000000000322e+00 3.278793999999999875e-01
-1.871264999999999956e+00 1.929804999999999993e+01 1.049760000000000026e+01 -8.506249999999999645e+00 -1.609018999999999977e+01 -1.480575999999999937e+01 -4.136420000000000208e+00 5.610866999999999827e+00 5.203682999999999836e+00 1.106684999999999919e+00 -3.208984000000000059e+00 -1.500348999999999933e+00
-1.912962999999999969e+00 1.946595999999999904e+01 9.482297000000000864e+00 -9.301600000000000534e+00 -1.335464999999999947e+01 -1.446486999999999945e+01 -5.398531000000000191e+00 5.494307000000000052e+00 5.188435000000000130e+00 3.898292999999999786e+00 -4.213256999999999586e+00 -1.055155999999999983e+00
-1.265166999999999931e+00 1.942322000000000060e+01 7.770120999999999611e+00 -7.852617000000000402e+00 -1.335303000000000040e+01 -1.565143999999999913e+01 -7.263793999999999862e+00 5.874779000000000195e+00 7.978850000000000442e+00 3.943594000000000044e+00 -4.204514999999999780e+00 -2.402537000000000145e+00
-1.441225999999999896e+00 2.090399999999999991e+01 8.845926000000000400e+00 -8.301194000000000628e+00 -1.290198000000000000e+01 -1.633726000000000056e+01 -5.567211999999999605e+00 3.933872000000000035e+00 4.030497999999999692e+00 6.564923000000000286e+00 -3.125267000000000017e+00 1.762174999999999991e-01
-1.318869000000000069e+00 1.989984000000000108e+01 8.521516999999999342e+00 -8.005613000000000312e+00 -1.317910000000000004e+01 -1.523684000000000083e+01 -7.421755000000000102e+00 3.766217000000000148e+00 5.924967999999999790e+00 5.267591000000000356e+00 -4.049906999999999813e-02 3.457071999999999923e-01
-1.632868999999999904e+00 2.021229999999999905e+01 8.827502000000000848e+00 -6.544482000000000355e+00 -1.340398000000000067e+01 -1.566287999999999947e+01 -5.335787999999999975e+00 2.348800999999999917e+00 4.863603000000000343e+00 5.579555000000000042e+00 -6.500559000000000198e-01 2.378077000000000218e+00
-2.088811000000000195e+00 1.909907000000000110e+01 9.747203000000000728e+00 -7.300209999999999866e+00 -1.388878000000000057e+01 -1.359867000000000026e+01 -7.480713999999999864e+00 3.351531000000000038e+00 5.851036999999999821e+00 5.924610999999999628e+00 3.017673000000000161e-01 1.398301000000000016e+00
-1.829145000000000021e+00 1.972928999999999888e+01 8.138597999999999999e+00 -6.259890999999999650e+00 -1.182949999999999946e+01 -1.516853000000000051e+01 -7.226588999999999707e+00 2.084432000000000063e+00 5.892623000000000388e+00 7.569888999999999868e+00 6.860604000000000147e-01 5.259939999999999616e-01
-2.640995999999999899e+00 2.001486999999999838e+01 1.097513000000000005e+01 -7.281410000000000160e+00 -1.295227000000000039e+01 -1.622889999999999944e+01 -8.779082999999999970e+00 3.128905000000000047e+00 9.050380999999999787e+00 7.263066000000000244e+00 -2.347602999999999884e+00 7.974286000000000429e-01
-1.832514999999999894e+00 2.001970999999999989e+01 7.238317000000000334e+00 -8.522736000000000089e+00 -1.088974999999999937e+01 -1.329781999999999975e+01 -6.537993000000000166e+00 1.139868000000000103e+00 6.653646000000000171e+00 6.473358000000000168e+00 9.042635999999999452e-01 6.076002000000000347e-01
-2.834324000000000066e+00 1.993949999999999889e+01 7.270684000000000147e+00 -1.063287000000000049e+01 -1.167309000000000019e+01 -1.511940000000000062e+01 -5.413979999999999571e+00 5.516888999999999932e+00 4.974497999999999642e+00 7.549006000000000327e+00 -2.070561999999999792e+00 7.653248999999999469e-02
-4.726746000000000336e+00 1.670910999999999902e+01 8.245407000000000153e+00 -5.896054000000000350e+00 -1.266834000000000060e+01 -1.432925000000000004e+01 -3.992332000000000214e+00 5.034227999999999703e+00 4.946311999999999820e+00 5.667906999999999584e+00 1.174916000000000071e+00 7.140648000000000550e-01
-5.578187999999999924e+00 1.524177000000000071e+01 8.489648000000000749e+00 -1.022479000000000049e+01 -1.228218000000000032e+01 -1.327291999999999916e+01 -2.891335000000000210e+00 8.021660999999999930e+00 6.732658999999999949e+00 5.297470999999999819e+00 -4.853744999999999976e+00 3.037741999999999942e-01
-6.968548000000000187e+00 1.566595000000000049e+01 8.667911999999999395e+00 -2.980154000000000192e+00 -1.023459000000000074e+01 -1.148061000000000043e+01 -4.334737999999999758e+00 4.972184999999999633e+00 5.583039000000000307e+00 2.093659000000000159e+00 4.776074000000000153e-01 -4.198473999999999956e-02
-7.792613000000000234e+00 1.478739999999999988e+01 4.129161999999999999e+00 -4.225239000000000189e+00 -9.737453000000000358e+00 -6.318065999999999960e+00 -3.652448000000000139e+00 -4.440622000000000180e-01 3.665928000000000075e+00 4.589368000000000336e+00 5.630093999999999710e+00 1.710914999999999964e+00
-1.211342999999999925e+01 9.399960000000000093e+00 -1.915367000000000042e+00 -6.770071999999999868e+00 -1.210500000000000043e+01 -9.002819000000000571e+00 -3.441517999999999855e+00 -1.561071000000000097e+00 -1.900113999999999970e-01 3.504723999999999950e+00 3.929184999999999928e+00 -2.803034999999999943e+00
-1.404543999999999926e+01 7.024538999999999866e+00 -2.395383999999999958e+00 -5.519203000000000081e+00 -1.167666000000000004e+01 -1.016986999999999952e+01 -1.099810000000000088e+01 -6.926680000000000170e+00 -2.655594999999999928e+00 -1.292640000000000011e+00 4.700460999999999778e+00 3.346051000000000109e+00
-1.425076999999999927e+01 6.463296999999999848e+00 -2.433476999999999890e+00 -3.856485999999999859e+00 -8.856761000000000550e+00 -8.995416000000000523e+00 -1.066263000000000005e+01 -4.220951000000000342e+00 -1.332699999999999996e+00 -1.762030999999999903e+00 3.229858999999999813e+00 1.813612999999999920e+00
-1.445904999999999951e+01 6.781048000000000187e+00 -2.361275000000000013e+00 -5.247336999999999918e+00 -8.171741000000000810e+00 -7.902737000000000123e+00 -1.060021000000000058e+01 -6.722072999999999965e+00 -1.424188999999999927e+00 2.935093000000000174e+00 7.886764999999999581e+00 8.377760999999999569e+00
-1.021216000000000079e+01 1.138292999999999999e+01 1.582681999999999922e+00 -7.179026999999999603e+00 -1.009342999999999968e+01 -1.061293999999999960e+00 2.967407000000000128e+00 8.964847000000000232e-01 4.668148999999999660e+00 3.481408999999999754e-01 -2.287084000000000117e+00 2.004195000000000171e+00
-4.659985999999999962e+00 1.145719000000000065e+01 2.494415000000000049e+00 -1.483580000000000076e+01 -1.419477999999999973e+01 3.978549000000000113e-01 4.049801999999999680e+00 1.819150999999999962e+00 1.450599000000000061e+01 -3.082495000000000207e+00 -9.812908999999999438e+00 4.991482000000000419e+00
-6.120264999999999844e+00 1.091356999999999999e+01 4.150822999999999929e+00 -9.696673000000000542e+00 -8.606894999999999740e+00 3.845833999999999975e+00 2.563203999999999816e+00 2.710112000000000076e+00 1.294651999999999958e+01 1.768983000000000083e-01 -9.459884000000000626e+00 2.874493000000000187e+00
-4.033672000000000146e+00 6.675057999999999936e+00 3.189294999999999991e+00 -1.081306000000000012e+01 -1.093551000000000073e+01 3.870064000000000171e+00 3.738925000000000054e+00 1.804771000000000014e-01 1.656402999999999892e+01 3.539240000000000164e-01 -1.414671000000000056e+01 2.910902000000000100e+00
-1.512407999999999975e+00 1.123175999999999952e+01 -2.425278999999999907e-01 -1.505300000000000082e+01 -1.234999999999999964e+01 2.257124999999999826e+00 5.406184999999999796e+00 4.354934999999999778e-01 1.393117999999999945e+01 -3.204443000000000152e-01 -1.089249000000000045e+01 2.322334000000000120e+00
-1.018348000000000031e+00 1.397649999999999970e+01 -2.397873999999999839e+00 -1.588073999999999941e+01 -1.108736999999999995e+01 6.099877000000000077e-02 9.050321999999999534e+00 2.844908999999999910e-01 1.217117000000000004e+01 1.416720999999999897e+00 -1.083366000000000007e+01 1.660946999999999951e+00
-1.288964999999999916e+00 1.546344999999999992e+01 2.790673000000000181e-01 -1.646612000000000009e+01 -1.292825999999999986e+01 1.674272999999999900e+00 9.664192999999999145e+00 -7.173266000000000364e-01 1.297009000000000079e+01 8.316683999999999743e-01 -1.136050000000000004e+01 2.299986000000000086e+00
-1.803873999999999977e+00 1.584928999999999988e+01 1.589155000000000095e+00 -1.607856999999999914e+01 -1.203880999999999979e+01 1.379145999999999983e+00 7.206497999999999848e+00 5.205648000000000220e-02 1.440526000000000018e+01 -7.686309000000000058e-01 -1.366356999999999999e+01 3.306880000000000042e+00
-1.791870000000000074e+00 1.539381999999999984e+01 1.441265999999999936e+00 -1.474787000000000070e+01 -1.114772999999999925e+01 1.510725000000000096e+00 5.963935000000000208e+00 1.050453000000000081e+00 1.287581999999999915e+01 -1.002202000000000037e+00 -1.077078000000000024e+01 1.019648000000000110e+00
-1.753751999999999978e+00 1.610313999999999979e+01 2.053735999999999784e+00 -1.556115999999999921e+01 -1.303794000000000075e+01 1.276507000000000058e+00 9.442859000000000336e+00 3.020547000000000093e-01 1.098643999999999998e+01 -1.125755999999999979e-01 -1.023822000000000010e+01 1.843995999999999968e+00
-1.608440000000000092e+00 1.547953000000000046e+01 1.235864999999999991e+00 -1.428135999999999939e+01 -1.262875000000000014e+01 -3.606601999999999864e-01 8.014589000000000851e+00 2.032870999999999984e-01 1.295391000000000048e+01 8.850010000000000376e-01 -1.148961000000000077e+01 2.613389999999999880e-01
-1.188088999999999951e+00 1.529575999999999958e+01 1.574964000000000031e+00 -1.499111000000000082e+01 -1.238796999999999926e+01 2.097403999999999935e-01 5.527256999999999643e+00 -5.676927000000000501e-01 1.513579000000000008e+01 2.327551999999999843e+00 -1.075397000000000070e+01 -1.546551000000000009e+00
-1.287911999999999946e+00 1.542356000000000016e+01 2.061703000000000063e+00 -1.408873999999999960e+01 -1.321512000000000064e+01 -1.714142000000000055e+00 7.077859000000000123e+00 4.724458000000000268e-01 1.436459999999999937e+01 1.446920999999999902e+00 -1.128922999999999988e+01 -7.093973999999999558e-01
-1.553263999999999978e+00 1.633098000000000027e+01 2.230506000000000100e+00 -1.424521000000000015e+01 -1.327125999999999983e+01 -1.949705999999999939e+00 6.769820000000000171e+00 6.804734000000000060e-01 1.466493999999999964e+01 9.020289000000000224e-01 -1.011012000000000022e+01 -9.029924000000000284e-01
-1.857996999999999899e+00 1.795873999999999882e+01 2.245443999999999996e+00 -1.414456000000000024e+01 -1.146898000000000017e+01 -4.612585000000000157e+00 5.002612000000000059e+00 1.180469999999999908e+00 1.616341999999999857e+01 3.443038000000000043e+00 -1.219162999999999997e+01 -3.215584999999999916e+00
-1.562529999999999974e+00 1.773948999999999998e+01 2.564127000000000045e+00 -1.418736999999999959e+01 -1.159035000000000082e+01 -5.286633000000000138e+00 5.980014999999999858e+00 1.020343000000000000e+00 1.351300999999999952e+01 6.203803999999999874e+00 -1.409326000000000079e+01 -2.820359999999999978e+00
-8.700877999999999668e-01 1.717052999999999940e+01 2.146352999999999955e+00 -1.278609999999999935e+01 -1.410392000000000046e+01 -5.330045000000000144e+00 7.269872000000000334e+00 3.216267000000000209e+00 9.737472999999999601e+00 4.256841999999999793e+00 -8.498981999999999815e+00 -3.163105999999999973e+00
-8.738785999999999499e-01 1.721415999999999968e+01 2.867872000000000199e+00 -1.209226999999999919e+01 -1.408996999999999922e+01 -6.878370999999999569e+00 6.305080000000000240e+00 3.412662000000000084e+00 1.127614999999999945e+01 3.067140000000000200e+00 -8.168820000000000192e+00 -2.083645000000000191e+00
-6.578062999999999549e-01 1.787214000000000169e+01 3.212200000000000166e+00 -1.236963000000000079e+01 -1.375475999999999921e+01 -6.397821000000000424e+00 3.368142000000000191e+00 4.312973999999999641e+00 1.102433000000000085e+01 3.773315000000000197e+00 -5.896010000000000417e+00 -2.180066000000000059e+00
-7.660529999999999839e-01 1.870332000000000150e+01 3.496277000000000079e+00 -1.017792999999999992e+01 -1.584713999999999956e+01 -4.898963000000000179e+00 7.222182999999999797e-01 6.483350999999999864e+00 8.387316999999999467e+00 3.105372000000000021e+00 -2.670704999999999885e+00 -2.750556000000000001e+00
-8.176491999999999649e-01 1.944415000000000049e+01 3.739272999999999847e+00 -1.033555999999999919e+01 -1.432133999999999929e+01 -6.342296000000000156e+00 -5.912851000000000079e-01 4.994767000000000401e+00 8.644225000000000492e+00 2.465380999999999823e+00 -1.991888000000000103e+00 1.571342000000000017e-01
-1.239684999999999926e+00 1.887674000000000163e+01 5.235839999999999606e+00 -1.010129000000000055e+01 -1.559661999999999971e+01 -6.388398999999999717e+00 -1.528961000000000015e+00 2.421565000000000190e+00 8.434447000000000472e+00 5.216186999999999685e+00 1.207192999999999961e+00 1.192905000000000104e+00
-1.262850999999999946e+00 1.836089000000000127e+01 5.772124999999999950e+00 -8.329247999999999763e+00 -1.517153000000000063e+01 -8.465733999999999426e+00 -1.679985999999999979e+00 2.519191999999999876e+00 7.219675999999999760e+00 6.176815999999999640e+00 9.049359999999999626e-01 1.522342000000000084e+00
-1.648452999999999946e+00 1.920748999999999995e+01 5.351113999999999926e+00 -6.784822000000000131e+00 -1.279715999999999987e+01 -9.822580000000000311e+00 -4.801999999999999602e+00 2.452815000000000190e+00 8.791624000000000549e+00 4.498446000000000389e+00 2.604163999999999923e+00 6.889551999999999898e-01
-1.868316000000000088e+00 1.901136999999999944e+01 7.143459000000000003e+00 -4.946260999999999797e+00 -1.492295999999999978e+01 -1.132479999999999976e+01 -4.823123999999999967e+00 3.621602000000000210e+00 9.131703999999999155e+00 5.650558000000000192e+00 2.453876000000000168e+00 -2.167762000000000189e+00
-2.179788999999999977e+00 1.921432000000000073e+01 7.484798999999999758e+00 -6.036324999999999719e+00 -1.457834000000000074e+01 -1.006151000000000018e+01 -4.006204999999999572e+00 3.019416000000000100e+00 7.710852000000000039e+00 3.247056999999999860e+00 2.209783999999999970e+00 4.381105000000000138e-01
-2.139353999999999978e+00 1.880115999999999943e+01 7.399899999999999700e+00 -4.885813999999999879e+00 -1.391733999999999938e+01 -1.160713999999999935e+01 -5.259487000000000023e+00 1.811167999999999889e+00 7.930794999999999817e+00 6.100672000000000317e+00 6.655512999999999568e-01 -3.176880000000000259e-01
-2.574657999999999891e+00 1.927690000000000126e+01 7.682234000000000229e+00 -6.104870000000000019e+00 -1.360744000000000042e+01 -9.822245000000000559e+00 -3.986025999999999847e+00 7.692046000000000161e-01 8.018126000000000531e+00 3.974758000000000013e+00 -1.248518000000000017e+00 2.565393999999999952e+00
-2.308463999999999849e+00 1.922424000000000177e+01 7.258484000000000158e+00 -2.843932000000000127e+00 -1.465005999999999986e+01 -1.224754000000000076e+01 -4.080612999999999602e+00 2.687985999999999986e+00 7.723328000000000415e+00 2.211889999999999912e+00 -1.267346000000000084e+00 1.682039000000000062e+00
-3.024281999999999915e+00 1.946640000000000015e+01 8.684592999999999563e+00 -3.488021999999999956e+00 -1.420905999999999914e+01 -1.130630000000000024e+01 -6.181714000000000375e+00 1.869105000000000016e+00 8.872947999999999169e+00 3.295249000000000095e+00 3.622858999999999940e-01 2.182221999999999884e+00
-3.653754999999999864e+00 1.872534999999999883e+01 8.379353999999999303e+00 -4.938741000000000270e+00 -1.204983999999999966e+01 -1.088463999999999920e+01 -7.043404999999999916e+00 1.189821999999999935e+00 7.899836999999999776e+00 5.206870000000000331e+00 -4.765692000000000261e-01 4.793618999999999630e+00
-4.418853000000000364e+00 1.724655999999999878e+01 9.875175000000000480e+00 -3.408776000000000028e+00 -1.481132999999999988e+01 -1.011636000000000024e+01 -6.734734999999999694e+00 1.171573999999999893e+00 8.547653000000000389e+00 3.038224000000000036e+00 7.032072999999999796e-01 5.629516999999999882e+00
-4.363255999999999801e+00 1.665755000000000052e+01 8.986843999999999610e+00 -1.306446999999999914e+00 -1.283773000000000053e+01 -1.179930000000000057e+01 -7.540619000000000405e+00 6.686121999999999899e-01 7.710852000000000039e+00 4.634346999999999994e+00 1.582071999999999923e+00 4.361734000000000222e+00
-3.447792000000000190e+00 1.864074000000000098e+01 9.751435000000000741e+00 -2.983913999999999955e+00 -1.444529999999999959e+01 -1.175858000000000025e+01 -6.418182999999999971e+00 3.182498000000000271e-01 6.360695999999999906e+00 3.301032000000000188e+00 1.984185000000000088e+00 3.105500999999999845e+00
-4.257747000000000170e+00 1.909533000000000058e+01 7.171095000000000219e+00 -2.349079000000000139e+00 -1.284778000000000020e+01 -1.366159999999999997e+01 -7.494587000000000110e+00 8.045601999999999476e-01 6.618065999999999782e+00 8.738708000000000808e+00 4.470153999999999961e+00 -1.832799999999999985e+00
-5.774886000000000408e+00 1.733602000000000132e+01 7.228110000000000035e+00 -5.932344000000000506e-01 -1.183924000000000021e+01 -1.228153000000000006e+01 -7.999683000000000099e+00 1.316874000000000100e+00 8.250083000000000055e+00 7.476717999999999975e+00 2.179860999999999827e+00 -5.948976999999999737e-01
-5.734662000000000148e+00 1.530545000000000044e+01 9.233824000000000254e+00 -1.676357000000000097e+00 -1.385502999999999929e+01 -1.135072000000000081e+01 -9.932102999999999682e+00 -9.978903000000000079e-01 9.116455999999999449e+00 4.128330000000000055e+00 6.850517000000000412e-01 1.301879999999999926e+00
-1.062514000000000003e+01 1.109712999999999994e+01 2.631101000000000134e+00 -3.958579999999999988e+00 -1.150662999999999947e+01 -1.058614000000000033e+01 -5.616081999999999574e+00 2.051130000000000120e+00 7.568535999999999930e+00 6.236895999999999773e+00 6.197624000000000244e+00 1.911540999999999935e+00
