-7.448138000000000147e+00 1.445897000000000077e+01 1.368276999999999965e+01 -1.371631000000000045e+00 4.949601000000000361e+00 -3.997907999999999795e+00 -7.725188000000000166e+00 3.357530999999999821e+00 -1.189059999999999917e+01 -7.114264000000000365e+00 -6.880566999999999656e-01 -4.126452999999999705e+00
-7.406592999999999982e+00 1.655855000000000032e+01 1.371832000000000029e+01 4.450934000000000140e-02 4.354255000000000209e+00 -4.668451000000000128e+00 -5.008617000000000097e+00 5.545162999999999620e-01 -1.318302000000000085e+01 -7.924837000000000131e+00 -1.370605999999999991e+00 -2.646634000000000153e+00
-6.933057999999999943e+00 1.639285999999999888e+01 1.489062000000000019e+01 -1.513271000000000033e+00 4.106834000000000096e+00 -3.698691000000000173e+00 -7.104994999999999727e+00 1.939948000000000006e+00 -1.070575999999999972e+01 -9.083878999999999593e+00 -1.852700999999999931e+00 -1.107601999999999975e+00
-6.924591999999999636e+00 1.687162999999999968e+01 1.491183999999999976e+01 -2.136118999999999879e+00 4.157085999999999615e+00 -2.544280000000000097e+00 -3.822922999999999849e+00 -3.439455999999999847e+00 -1.107835000000000036e+01 -4.337856000000000378e+00 -2.591966999999999910e+00 -2.670792000000000055e+00
-6.362256000000000355e+00 1.840874000000000166e+01 1.381202000000000041e+01 -1.915994999999999893e+00 3.469263000000000208e+00 -4.575451000000000157e+00 -4.573140999999999678e+00 -1.472388999999999948e+00 -9.855328999999999340e+00 -4.048449999999999882e+00 -2.697060000000000013e+00 -4.488828999999999958e+00
-6.609360999999999819e+00 1.898244000000000042e+01 1.351908000000000065e+01 -1.846761000000000097e+00 3.355846999999999802e+00 -5.593732000000000149e+00 -4.719159999999999577e+00 -3.968654999999999822e-01 -1.117149999999999999e+01 -2.664970999999999979e+00 -2.011730000000000018e+00 -4.417774999999999785e+00
-6.049191000000000429e+00 1.800609999999999999e+01 1.208360000000000056e+01 -9.358750999999999598e-01 2.250653999999999932e+00 -4.451113999999999571e+00 -3.136169999999999902e+00 -2.282659999999999911e+00 -8.571758000000000877e+00 -1.712412000000000045e+00 -1.536030999999999924e+00 -4.920364000000000182e+00
-6.428806999999999938e+00 1.825305000000000177e+01 1.256227999999999945e+01 -3.314166000000000167e+00 4.355650999999999939e+00 -5.718068999999999846e+00 -2.159959000000000184e+00 -2.651322999999999874e-01 -9.465972999999999971e+00 -3.244727999999999835e+00 -2.986483999999999916e+00 -5.074787999999999855e+00
-6.421916000000000402e+00 1.759515999999999991e+01 1.284778000000000020e+01 -2.943153000000000130e+00 2.631730999999999820e+00 -4.494245000000000267e+00 -4.096385999999999861e+00 -7.882694000000000090e-01 -8.024983000000000644e+00 -3.800860000000000127e+00 -2.797705000000000108e+00 -4.115558000000000050e+00
-6.492207999999999757e+00 1.852026000000000039e+01 1.261326000000000036e+01 -3.791409999999999947e+00 2.754735999999999851e-01 -4.764820000000000277e+00 -4.036043000000000269e-01 7.380164999999999642e-02 -1.108580000000000076e+01 -7.012675999999999910e+00 -1.757060000000000066e+00 -3.666023000000000032e+00
-6.573723000000000205e+00 1.819643999999999906e+01 1.153218000000000032e+01 -4.946466000000000030e+00 9.681824999999999459e-01 -3.495506999999999920e+00 -2.426714000000000038e+00 -1.206912999999999903e+00 -7.467961999999999989e+00 -7.135290000000000354e+00 -4.703284000000000020e+00 -2.824505999999999961e+00
-6.724150999999999989e+00 1.674352000000000018e+01 1.213843999999999923e+01 -3.650561999999999863e+00 -4.905192999999999914e-01 -5.756482000000000099e+00 -1.037212999999999941e+00 1.266769000000000034e+00 -6.635225000000000151e+00 -8.486402999999999253e+00 -2.985927999999999916e+00 -5.894041999999999781e+00
-7.255377000000000187e+00 1.732722000000000051e+01 1.231426000000000087e+01 -6.012204999999999799e+00 -6.793128999999999973e-01 -5.005406999999999940e+00 -1.471141999999999950e+00 9.899056999999999995e-01 -3.916720000000000201e+00 -8.801087000000000771e+00 -5.506774000000000058e+00 -4.906390000000000029e+00
-6.992323999999999984e+00 1.754050000000000153e+01 1.266423999999999950e+01 -9.210741999999999763e+00 2.960630000000000206e-01 -7.508315999999999768e+00 -1.304483999999999977e+00 3.532579999999999831e+00 -6.191843999999999681e+00 -8.139115000000000322e+00 -7.151843999999999646e+00 -5.564587999999999646e+00
-5.551635000000000097e+00 1.847682000000000002e+01 9.968555000000000277e+00 -8.240135000000000431e+00 -2.630762999999999963e+00 -1.106253000000000064e+01 1.638597000000000081e+00 2.595264999999999933e+00 -7.519658999999999871e+00 -5.972231999999999985e+00 -8.870312999999999448e+00 -4.892653000000000141e+00
-4.722703000000000095e+00 1.976038000000000139e+01 1.118715000000000082e+01 -9.423467000000000482e+00 -3.186326000000000214e+00 -1.312841000000000058e+01 -3.079413999999999874e+00 3.366909000000000152e+00 -8.704959000000000557e+00 -4.467083999999999833e+00 -5.032465000000000188e+00 -4.578356999999999566e+00
-4.249954999999999927e+00 2.093217999999999890e+01 1.162973000000000035e+01 -1.002861000000000047e+01 -5.669958000000000276e+00 -1.570780000000000065e+01 -2.610914999999999875e+00 1.351614000000000093e+00 -7.646804999999999630e+00 2.538954999999999962e-01 -6.236866000000000021e+00 -5.478374999999999773e+00
-3.422006999999999799e+00 1.993974000000000046e+01 1.073603999999999914e+01 -8.524737000000000009e+00 -9.749086999999999392e+00 -1.924213999999999913e+01 9.017943999999999960e-01 3.400847000000000175e+00 -6.268690000000000317e+00 -2.216752999999999918e-01 -5.555151000000000394e+00 -3.948580999999999896e+00
-2.980370000000000186e+00 1.996780000000000044e+01 8.597837999999999425e+00 -9.145735999999999422e+00 -1.075028999999999968e+01 -1.850385999999999953e+01 4.045587000000000266e+00 3.095403999999999822e+00 -6.305017999999999567e+00 1.067776000000000058e+00 -2.920313999999999854e+00 -3.834420999999999857e+00
-2.853568999999999800e+00 1.905295999999999879e+01 9.482438000000000144e+00 -1.102696000000000076e+01 -1.028790000000000049e+01 -1.453082000000000029e+01 -5.594265000000000487e-01 4.306903000000000148e+00 -1.816246999999999945e+00 2.772842999999999836e-01 -3.891452999999999829e+00 -3.246093000000000117e+00
-2.447175000000000100e+00 2.009860000000000113e+01 9.628218999999999639e+00 -1.084277999999999942e+01 -1.100469000000000008e+01 -1.682515000000000072e+01 -3.891571999999999809e-01 6.418877000000000166e+00 -4.569683000000000384e+00 5.124422000000000033e+00 -2.993711999999999929e+00 -5.471269999999999634e+00
-2.294383999999999979e+00 1.934579000000000093e+01 8.246753999999999252e+00 -1.019455999999999918e+01 -8.144515999999999423e+00 -1.604914000000000129e+01 -3.149068999999999896e+00 6.537659999999999805e+00 -5.364025000000000043e-01 4.672475999999999630e+00 -1.756504000000000065e+00 -6.068833999999999840e+00
-2.127416000000000196e+00 1.946193999999999846e+01 6.962017000000000344e+00 -8.265503999999999962e+00 -8.372744000000000852e+00 -1.619503999999999877e+01 -4.939478000000000257e+00 6.682566999999999702e+00 -6.458506999999999998e-01 4.504974999999999952e+00 -2.103756999999999877e+00 -4.859731000000000023e+00
-2.141198000000000157e+00 1.857394000000000034e+01 7.044138000000000233e+00 -7.671987999999999808e+00 -7.806013000000000090e+00 -1.588033000000000072e+01 -5.033383999999999858e+00 6.302327000000000012e+00 -3.445190000000000197e-01 4.525528000000000439e+00 -1.984205999999999914e+00 -1.538426999999999989e+00
-2.750789000000000151e+00 1.993559000000000125e+01 9.581094999999999473e+00 -7.746242999999999768e+00 -8.936332999999999416e+00 -1.849274000000000129e+01 -2.819366000000000039e+00 7.676148000000000415e+00 -1.288102000000000080e+00 4.773590999999999696e+00 -1.255781999999999954e+00 -3.157039000000000151e+00
-2.589334000000000024e+00 2.040021000000000129e+01 9.800729000000000468e+00 -7.883390999999999593e+00 -1.176754000000000033e+01 -1.754757999999999996e+01 -1.737381000000000064e+00 6.388065000000000104e+00 9.320654000000000439e-01 6.334493000000000151e+00 -2.623940000000000161e+00 -4.889100000000000001e+00
-2.367431999999999981e+00 2.044243000000000166e+01 8.612168000000000490e+00 -9.005152000000000712e+00 -1.230809999999999960e+01 -1.583079000000000036e+01 -3.247103000000000073e+00 7.819491000000000192e+00 2.908652000000000015e+00 4.485602000000000089e+00 -1.051434999999999897e+00 -2.092411999999999939e+00
-2.299700000000000077e+00 2.050245999999999924e+01 7.698356999999999672e+00 -9.923171999999999215e+00 -1.157734999999999914e+01 -1.728003999999999962e+01 -3.489091999999999860e+00 9.396717000000000652e+00 3.720431000000000044e+00 5.698508999999999602e+00 -5.765689999999999982e-01 -3.699892000000000181e+00
-2.064999999999999947e+00 1.973329999999999984e+01 6.113241999999999621e+00 -1.048180999999999941e+01 -1.234683000000000064e+01 -1.470132000000000083e+01 -1.461338000000000026e+00 7.777515000000000178e+00 2.990622000000000114e+00 6.150691000000000130e+00 5.894650000000000167e-01 -3.025351999999999819e+00
-2.585395999999999805e+00 1.651437999999999917e+01 5.026093000000000366e+00 -9.207834999999999326e+00 -1.441832999999999920e+01 -1.539207999999999998e+01 1.800610000000000044e+00 7.070845000000000269e+00 4.070664999999999978e+00 6.398517000000000010e+00 1.366543000000000063e+00 -1.973997999999999864e-01
-3.088464999999999794e+00 1.714665000000000106e+01 6.166979000000000433e+00 -9.362952999999999193e+00 -1.245396999999999998e+01 -1.466863000000000028e+01 -9.825201999999999547e-01 8.323202999999999463e+00 3.134069000000000216e+00 4.683342999999999812e+00 9.096743999999999664e-02 -6.308295999999999903e-01
-2.771462999999999788e+00 1.853147999999999840e+01 5.204941999999999958e+00 -1.093289000000000044e+01 -1.106506000000000078e+01 -1.170139999999999958e+01 -2.666122999999999799e+00 7.701378000000000057e+00 4.925291999999999781e+00 3.886473000000000066e+00 -2.690944000000000003e+00 -2.105201000000000100e+00
-3.665173999999999932e+00 1.699656999999999840e+01 5.483273999999999759e+00 -8.954414999999999125e+00 -1.205753999999999948e+01 -1.311256999999999984e+01 -2.802855000000000096e+00 7.076202999999999577e+00 5.832546999999999926e+00 4.765793999999999642e+00 6.506304000000000531e-01 -1.234315999999999969e+00
-4.567154999999999632e+00 1.381548000000000087e+01 6.982408999999999644e+00 -1.025032000000000032e+01 -1.477985999999999933e+01 -1.317120000000000068e+01 -3.836339000000000166e+00 7.880892000000000230e+00 8.116986000000000701e+00 1.610913999999999957e+00 -3.972433000000000214e-01 -2.963534999999999808e+00
-1.007257000000000069e+01 1.062828999999999979e+01 -2.546469999999999789e+00 -9.545816000000000301e+00 -1.114986000000000033e+01 -9.720095999999999847e+00 -2.281727000000000061e+00 2.369755000000000056e+00 5.964817000000000036e+00 4.555058999999999969e+00 1.475807000000000091e+00 -2.009514999999999940e+00
-1.300317000000000078e+01 8.623393000000000086e+00 -1.141858000000000040e+00 -7.378664999999999807e+00 -1.010260000000000069e+01 -7.429804999999999993e+00 -1.930868999999999946e+00 -2.019781000000000007e-02 3.172724999999999795e+00 4.098389000000000060e+00 -8.334633999999999654e-01 -9.574413999999999980e-01
-1.231875999999999927e+01 9.020906999999999343e+00 -8.753752999999999673e-01 -4.469486999999999988e+00 -7.260220999999999592e+00 -6.617066999999999588e+00 -4.182037000000000226e+00 1.865232000000000001e-02 1.265066999999999942e+00 1.297882999999999898e+00 1.737983999999999973e+00 1.519503000000000048e+00
-1.362418000000000085e+01 7.541148999999999880e+00 -1.723047999999999913e+00 -2.953459000000000056e+00 -7.586509999999999643e+00 -4.539060000000000095e+00 -1.972663000000000055e+00 -1.704820000000000002e+00 8.975211000000000300e-03 1.913313999999999959e+00 4.207951999999999693e+00 1.853930999999999996e+00
-1.445232000000000028e+01 7.410840999999999568e+00 7.370967999999999964e-02 -3.621494000000000213e+00 -6.930094000000000420e+00 -3.251214000000000048e+00 -4.266655000000000086e+00 -4.244368999999999836e+00 2.353493999999999975e+00 2.026714000000000127e+00 5.812429999999999986e+00 5.611032999999999937e+00
-6.274638000000000382e+00 1.417126999999999981e+01 2.265369000000000188e+00 -4.360084999999999766e+00 -8.760450999999999766e+00 -3.226278999999999897e+00 -7.028655999999999793e-01 -2.108761000000000108e-01 5.076656999999999975e+00 2.207917999999999825e+00 1.768770000000000064e-01 4.236848000000000170e+00
-5.824335999999999736e+00 1.448582000000000036e+01 4.942592999999999570e+00 -4.110894000000000048e+00 -7.447619000000000433e+00 -4.004310000000000258e+00 -6.352737999999999996e-01 1.908911999999999942e+00 1.091187000000000040e+01 1.441996000000000056e+00 -6.173754999999999882e+00 6.300021000000000093e+00
-3.259961999999999804e+00 1.285257000000000005e+01 -6.841253999999999946e-01 -1.028889999999999993e+01 -6.850179999999999936e+00 -2.310432000000000041e+00 3.803081999999999852e+00 4.109973000000000098e+00 1.315625999999999962e+01 -1.821558999999999928e+00 -7.716511999999999816e+00 4.582170999999999772e+00
-1.732245000000000035e+00 1.501290999999999976e+01 3.933783000000000141e-01 -1.119477000000000011e+01 -9.687319999999999709e+00 -2.769366999999999912e+00 4.958332999999999657e+00 2.062302999999999997e+00 1.201473999999999975e+01 -2.588897999999999922e+00 -9.210337000000000884e+00 3.086008999999999780e+00
-3.109532999999999880e+00 1.014610000000000056e+01 2.947144999999999904e+00 -1.166539999999999999e+01 -1.091605000000000025e+01 1.312518999999999991e+00 7.151196999999999804e+00 -5.065579999999999750e+00 1.733857000000000070e+01 -1.362525999999999904e+00 -1.206480999999999959e+01 4.397429999999999950e+00
-1.867118999999999973e+00 1.530719999999999992e+01 1.218453999999999926e+00 -1.423184000000000005e+01 -9.229817999999999856e+00 1.330039999999999889e+00 8.065492000000000772e+00 -5.288220000000000143e-01 1.206223999999999918e+01 3.824154000000000164e-01 -1.016868999999999978e+01 4.752937000000000189e+00
-1.833450000000000024e+00 1.558758000000000088e+01 1.812044999999999906e+00 -1.259875000000000078e+01 -9.579836999999999492e+00 1.257257999999999987e+00 9.722265000000000157e+00 1.479294999999999916e-01 1.161001000000000083e+01 -3.353638999999999815e+00 -9.771945000000000547e+00 6.254546999999999635e+00
-2.307773000000000074e+00 1.682331999999999894e+01 2.902500999999999998e+00 -1.249305000000000021e+01 -7.805315000000000225e+00 -1.840041999999999955e+00 1.066441999999999979e+01 -6.440658999999999967e-02 1.218706000000000067e+01 -2.347687000000000079e+00 -1.012114000000000047e+01 5.210999000000000159e+00
-3.321984000000000048e+00 1.578719000000000072e+01 3.877491000000000021e+00 -1.068369999999999997e+01 -6.775849000000000011e+00 -3.564244999999999775e-01 9.671699999999999520e+00 -1.704820000000000002e+00 1.247442000000000029e+01 -2.274922000000000111e+00 -1.240761999999999965e+01 3.951446999999999932e+00
-2.240631000000000039e+00 1.500754000000000055e+01 3.316141000000000005e+00 -1.189794999999999980e+01 -9.338347999999999871e+00 2.365168999999999855e+00 7.190927000000000291e+00 1.342683000000000071e+00 1.010289000000000037e+01 -3.613278000000000212e+00 -9.237304999999999211e+00 4.917309000000000374e+00
-2.006127999999999911e+00 1.589040999999999926e+01 2.696921000000000124e+00 -1.387404000000000082e+01 -9.953934999999999533e+00 2.451430000000000220e+00 6.126484999999999737e+00 1.195319999999999938e+00 1.239245000000000019e+01 -5.121260000000000367e+00 -7.338397999999999755e+00 6.347628000000000270e+00
-1.981516000000000055e+00 1.429595999999999911e+01 2.608461000000000141e+00 -1.466230999999999973e+01 -8.271193000000000239e+00 2.839939999999999909e+00 6.151251000000000246e+00 4.379658000000000162e-01 1.057375000000000043e+01 -3.758335000000000203e+00 -8.374872999999999124e+00 7.982819000000000109e+00
-2.128400000000000070e+00 1.421738999999999997e+01 1.699610000000000065e+00 -1.166539999999999999e+01 -9.921480000000000743e+00 1.811887999999999943e+00 7.317854999999999777e+00 -8.749008000000000340e-01 1.071392999999999951e+01 -1.869990000000000041e+00 -8.234192999999999429e+00 4.809307000000000443e+00
-1.548934999999999951e+00 1.362294999999999945e+01 1.005157999999999996e+00 -1.080446000000000062e+01 -8.965647000000000588e+00 -7.877269000000000632e-02 4.682291000000000203e+00 1.008213999999999944e+00 1.040654999999999930e+01 -2.368476999999999943e+00 -5.570998000000000339e+00 3.506174999999999820e+00
-1.718463000000000074e+00 1.258829000000000065e+01 2.427407999999999788e+00 -1.033594000000000079e+01 -9.591003000000000611e+00 -6.448587999999999543e-01 4.234921999999999853e-01 5.795711999999999975e+00 1.173948999999999998e+01 -6.180603999999999765e+00 -4.944886999999999588e+00 6.199124000000000301e+00
-2.614142999999999883e+00 1.465321999999999925e+01 7.527775000000000105e+00 -1.133746000000000009e+01 -1.328974999999999973e+01 -2.424659999999999815e+00 1.717540000000000067e+00 4.998613999999999891e+00 1.064546999999999954e+01 -3.904809999999999892e+00 -3.878664000000000112e+00 7.877658000000000271e+00
-2.584804999999999797e+00 1.529085000000000072e+01 6.371180999999999983e+00 -9.774924999999999642e+00 -1.017343999999999937e+01 -2.925040000000000084e+00 5.060470999999999719e-01 3.428310000000000191e+00 6.309927000000000064e+00 -4.315884999999999749e+00 2.210903000000000063e+00 8.238376999999999839e+00
-2.675771000000000122e+00 1.534356000000000009e+01 5.466464000000000212e+00 -1.126744000000000057e+01 -8.325283000000000655e+00 -2.517659999999999787e+00 2.015769000000000144e+00 3.608716999999999953e+00 4.253700000000000259e+00 -3.809365000000000112e+00 -1.479592000000000018e+00 5.058707000000000065e+00
-3.339310999999999918e+00 1.607197000000000031e+01 7.173384000000000427e+00 -1.103833000000000020e+01 -6.395120999999999611e+00 -5.925633000000000372e+00 2.320680999999999994e-01 7.466937999999999853e+00 2.125748999999999889e+00 -5.077081999999999873e+00 -2.034527999999999892e+00 3.529622999999999955e+00
-3.671081000000000039e+00 1.713541999999999987e+01 7.198462000000000138e+00 -1.023737000000000030e+01 -4.059453000000000422e+00 -6.474872000000000405e+00 -3.664546000000000192e-01 6.490994999999999848e+00 -2.757500999999999980e+00 -2.408167000000000169e+00 -1.732037999999999967e+00 1.488949999999999996e+00
-4.313552999999999749e+00 1.881966999999999857e+01 9.232215000000000060e+00 -1.014434999999999931e+01 -4.097490999999999772e+00 -7.546729000000000021e+00 1.144814999999999916e+00 4.966015999999999764e+00 -4.376867999999999981e+00 -3.206218999999999930e+00 -2.334795000000000176e+00 2.589577999999999935e+00
-4.411607000000000056e+00 1.708661999999999992e+01 9.802934000000000481e+00 -7.228569000000000244e+00 -1.777527000000000079e+00 -7.532913999999999888e+00 6.494860999999999551e-01 3.694456000000000184e+00 -6.626841999999999899e+00 -4.789514000000000271e-01 -3.742431999999999981e+00 -1.339476000000000111e+00
-5.040098999999999663e+00 1.876842999999999861e+01 8.771174999999999500e+00 -7.055217999999999989e+00 -3.244086999999999943e-01 -5.633155999999999608e+00 1.911542999999999992e+00 1.707740000000000036e+00 -3.667085000000000150e+00 -2.985797999999999952e+00 -7.119593000000000060e+00 4.281129000000000184e-01
-5.506349000000000160e+00 1.858418999999999954e+01 8.665079000000000420e+00 -4.778400000000000425e+00 -2.615937999999999874e-01 -4.956547999999999732e+00 2.117414999999999825e+00 2.254321000000000019e+00 -4.586915000000000298e+00 -3.011312999999999906e+00 -7.098463999999999885e+00 -1.680298000000000069e+00
-6.478621999999999659e+00 1.901367000000000118e+01 9.680303000000000324e+00 -2.850398999999999905e+00 8.017229999999999634e-01 -5.927991999999999706e+00 4.436689999999999579e+00 1.882565999999999962e+00 -7.187122999999999706e+00 -9.951571999999999640e-01 -1.006192000000000064e+01 -2.688318999999999903e+00
-6.353987000000000052e+00 1.864178000000000068e+01 9.816160999999999248e+00 -2.803889999999999993e+00 -4.444549999999999890e-01 -4.568711999999999662e+00 2.962569999999999926e+00 2.742180999999999980e+00 -3.929295000000000204e+00 -3.378681999999999963e+00 -9.918741999999999948e+00 -3.507334999999999869e+00
-6.459719999999999906e+00 1.728622999999999976e+01 1.099646000000000079e+01 -1.221533999999999898e+00 1.154184000000000099e+00 -4.586570000000000036e+00 6.407146999999999704e-01 2.188231000000000037e+00 -2.535344999999999960e+00 -1.660436999999999941e+00 -9.848679999999999879e+00 -7.283147999999999733e+00
-7.262858999999999732e+00 1.761638999999999911e+01 1.220293000000000028e+01 4.953018000000000004e-02 3.623676000000000119e-01 -6.222154999999999880e+00 1.477098999999999940e+00 9.517254000000000547e-01 -4.042003000000000235e+00 -6.587374999999999758e-01 -8.374316999999999567e+00 -4.256007999999999569e+00
-8.061469000000000662e+00 1.746509999999999962e+01 1.443124000000000073e+01 -2.686322999999999905e-01 8.216143999999999670e-01 -3.654549999999999965e+00 2.059626000000000179e+00 5.230342000000000047e-01 -7.823318999999999690e+00 -1.684533999999999976e+00 -7.930311999999999806e+00 -4.788439999999999586e+00
-8.146331999999999240e+00 1.820229000000000141e+01 1.330688999999999922e+01 -1.310588000000000086e+00 4.403110999999999997e+00 -5.787817999999999685e+00 2.697878999999999916e+00 1.909804999999999975e+00 -7.704556000000000182e+00 -2.955321999999999782e+00 -1.124574999999999925e+01 -2.847005999999999926e+00
-8.017561999999999856e+00 1.751293000000000077e+01 1.297592000000000034e+01 -1.116360999999999937e+00 3.779150000000000009e+00 -5.631471000000000338e+00 -6.110233999999999943e-01 3.017034000000000216e+00 -7.395773000000000152e+00 -2.131518999999999942e+00 -8.941209000000000628e+00 -2.758898999999999990e+00
-7.596007000000000176e+00 1.775768000000000058e+01 1.285467000000000048e+01 -4.364338999999999857e-01 3.450069000000000052e+00 -5.413796999999999748e+00 8.816716999999999471e-01 -2.012751999999999875e-01 -6.293840000000000323e+00 -4.180985999999999869e+00 -1.003439999999999976e+01 -2.316231999999999847e+00
-7.826965999999999646e+00 1.784333000000000169e+01 1.336833999999999989e+01 6.237553000000000125e-01 3.535566999999999904e+00 -5.451200000000000045e+00 3.409372999999999987e-01 5.024927999999999617e-01 -6.760508999999999880e+00 -3.495624999999999982e+00 -1.126355000000000040e+01 -2.538393999999999817e+00
-8.289082000000000505e+00 1.896266999999999925e+01 1.310021000000000058e+01 -2.572693999999999814e-01 4.383918000000000426e+00 -5.803656000000000148e+00 -5.408517000000000463e-01 -7.623693000000000275e-01 -6.294772000000000034e+00 -1.444268000000000107e+00 -1.094326000000000043e+01 -4.835335999999999856e+00
-7.953964000000000034e+00 1.921328000000000102e+01 1.343116999999999983e+01 -8.814644000000000645e-02 3.344330999999999943e+00 -5.081896000000000413e+00 -5.728417000000000092e-01 -2.092204999999999870e+00 -5.866293999999999897e+00 -1.697292000000000023e+00 -9.775558999999999443e+00 -3.690418000000000198e+00
-7.790540000000000020e+00 1.896535000000000082e+01 1.283592999999999940e+01 -4.924559000000000020e-01 4.618775000000000297e+00 -6.098829000000000278e+00 -2.286912000000000111e-01 1.785183999999999938e-01 -8.068296999999999386e+00 -4.051521000000000150e+00 -1.014283000000000001e+01 -1.159235000000000015e+00
-6.739311999999999969e+00 1.876671999999999940e+01 1.210674999999999990e+01 7.780541000000000540e-02 1.825256999999999907e+00 -6.712425999999999782e+00 3.904702999999999924e-01 3.558000000000000052e-01 -5.852322000000000024e+00 -5.076609000000000371e+00 -9.907899000000000456e+00 -9.356514999999999693e-01
-6.723756999999999984e+00 1.969644999999999868e+01 1.307403000000000048e+01 7.815153000000000239e-01 -9.351093000000000321e-01 -6.291904999999999859e+00 8.243746000000000407e-02 -3.675343000000000186e-03 -5.187715999999999994e+00 -5.116298999999999708e+00 -8.592565999999999704e+00 1.860463000000000047e-02
-6.585930000000000284e+00 1.997049000000000163e+01 1.071205999999999925e+01 4.157870000000000177e-01 3.051893000000000189e+00 -9.074488000000000554e+00 1.825352000000000086e-01 -3.354643999999999959e-01 -4.106740000000000279e+00 -4.129955999999999960e+00 -9.811147000000000062e+00 -1.083917999999999937e+00
-6.242740000000000400e+00 1.901245000000000118e+01 1.032240000000000002e+01 1.525392000000000081e+00 2.139680999999999944e+00 -8.938021000000000882e+00 4.962437000000000098e-01 -5.699049000000000476e-01 -5.558442000000000327e+00 -6.409057999999999922e+00 -7.981468999999999703e+00 1.244998000000000049e+00
-5.732385999999999981e+00 1.702975999999999956e+01 1.124999000000000038e+01 -7.813057999999999462e-03 1.174075999999999897e+00 -5.499721000000000082e+00 -1.997428999999999899e+00 -3.222878000000000132e+00 -5.004680999999999713e+00 -4.490472999999999715e+00 -5.049979999999999691e+00 9.754661000000000026e-01
-5.468347999999999764e+00 1.571765000000000079e+01 1.229442000000000057e+01 6.602225000000000454e-01 1.701022999999999952e+00 -7.917380999999999780e+00 -8.928941000000000017e+00 -2.265053999999999956e-01 1.705859000000000125e-01 -5.551471000000000267e+00 -5.005219000000000307e+00 1.399184999999999901e+00
-5.610507000000000133e+00 1.449460000000000015e+01 1.306823999999999941e+01 -1.745814999999999895e+00 2.371747000000000050e+00 -7.400826999999999600e+00 -1.337142000000000053e+01 -9.255845999999999796e-01 3.990092999999999890e+00 -2.492980999999999892e+00 -6.638611000000000040e+00 3.715548000000000073e+00
-7.004728000000000065e+00 1.200531999999999933e+01 1.551314999999999955e+01 -1.019908000000000037e+00 1.709049000000000040e+00 -1.091864999999999952e+01 -1.492397000000000062e+01 7.954316999999999638e-01 4.537798999999999694e+00 -9.892509999999999915e-01 -6.331672000000000189e+00 4.956388999999999712e+00
-6.718638000000000332e+00 1.041891999999999996e+01 1.456185999999999936e+01 1.036256999999999984e+00 3.625252999999999837e+00 -1.361969000000000030e+01 -1.941599000000000075e+01 8.295598999999999335e-02 5.305799000000000376e+00 -1.193607000000000085e+00 -1.224366000000000065e+00 4.492168999999999635e+00
-6.388442999999999650e+00 1.135792000000000002e+01 1.357530000000000037e+01 2.075544000000000000e-01 5.082209999999999894e+00 -1.608014000000000010e+01 -1.904964999999999975e+01 -3.845853000000000188e-01 6.996424000000000198e+00 -1.089185000000000070e+00 -2.270570999999999895e+00 5.663850000000000051e+00
-6.567618999999999652e+00 1.155142999999999986e+01 1.310021000000000058e+01 2.918515999999999888e-01 4.879806999999999562e+00 -1.501501999999999981e+01 -2.006043000000000021e+01 -2.560862999999999889e+00 9.013529999999999376e+00 1.729276000000000035e+00 -5.050258000000000358e+00 6.007989000000000246e+00
-6.674927000000000277e+00 1.088915000000000077e+01 1.261904999999999966e+01 -7.239428999999999448e-01 5.869489999999999874e+00 -1.286557999999999957e+01 -2.276100999999999885e+01 -2.878807999999999812e+00 1.038837999999999973e+01 1.758571000000000106e+00 -4.116095999999999755e+00 4.144950999999999830e+00
-7.225646000000000235e+00 1.027738000000000085e+01 1.206982999999999961e+01 3.026860000000000106e-01 8.089648000000000394e+00 -1.595109000000000066e+01 -2.314902000000000015e+01 -2.485395000000000021e+00 9.666491999999999862e+00 2.232724000000000153e+00 -3.992653999999999925e+00 5.045917000000000208e+00
-8.677360999999999436e+00 6.829331999999999958e+00 1.506368999999999936e+01 -7.466946000000000694e-02 7.396241999999999983e+00 -1.647640000000000171e+01 -2.156706000000000145e+01 -1.992656999999999901e-01 7.394162999999999819e+00 1.182593999999999923e+00 -4.531464999999999854e+00 6.498736000000000068e+00
-8.295382000000000033e+00 4.940345999999999904e+00 1.512485999999999997e+01 2.434929999999999872e-01 6.507760000000000211e+00 -1.599388000000000076e+01 -2.171514000000000166e+01 2.361237999999999948e-01 1.003581999999999930e+01 1.177159999999999984e+00 -7.004490999999999801e+00 5.914671000000000234e+00
-7.417422000000000182e+00 8.495525000000000659e+00 1.312115000000000009e+01 2.836597000000000146e-01 5.929164000000000101e+00 -1.825687999999999889e+01 -1.983341000000000065e+01 -6.158998999999999446e-01 1.068739000000000061e+01 1.894414000000000042e+00 -7.759604999999999642e+00 5.525532000000000110e+00
-6.782039000000000151e+00 1.054800999999999966e+01 1.181464000000000070e+01 -3.476444000000000201e-01 5.846458000000000155e+00 -1.727296000000000120e+01 -1.787789000000000073e+01 1.312316999999999956e+00 1.041446999999999967e+01 1.551379000000000064e+00 -8.563095999999999819e+00 3.987448000000000103e+00
-6.893875999999999671e+00 1.035961999999999961e+01 1.001154999999999973e+01 7.595564000000000482e-02 6.967355000000000409e+00 -1.788454000000000121e+01 -1.923901000000000039e+01 1.425518000000000063e+00 8.315390000000000725e+00 1.766130999999999895e+00 -5.366649999999999920e+00 2.476128000000000107e+00
-1.005071000000000048e+01 1.043210000000000015e+01 9.263906000000000418e+00 1.259552000000000005e+00 6.566735999999999684e+00 -1.638103999999999871e+01 -1.692489000000000132e+01 5.295092000000000132e-01 7.281455000000000233e+00 3.090783000000000058e+00 -2.021183000000000174e+00 3.956658000000000008e+00
-1.071386000000000038e+01 1.059242000000000061e+01 8.248682999999999765e+00 -4.642002999999999581e-03 7.424508000000000330e+00 -1.048296000000000028e+01 -1.259643999999999942e+01 -2.022318999999999978e+00 3.161547000000000107e+00 4.849662999999999613e+00 -2.948395000000000099e+00 3.709864000000000051e+00
-1.099384000000000050e+01 1.061926000000000059e+01 7.586197000000000301e+00 2.655343999999999927e+00 3.910362999999999811e+00 -9.173216000000000037e+00 -1.405405000000000015e+01 -5.221650000000000347e+00 -1.453438000000000008e+00 3.545091999999999910e+00 2.348803000000000196e+00 3.771681000000000061e+00
-1.237781999999999982e+01 5.718537000000000425e+00 1.325377999999999945e+00 6.853266000000000080e-01 5.860583999999999794e-01 -5.732221000000000011e+00 -1.033236999999999917e+01 -5.235492999999999952e+00 -4.450453999999999688e+00 1.466566000000000036e+00 2.824781000000000208e+00 2.476128000000000107e+00
