-7.656132000000000382e+00 1.532673999999999914e+01 1.247583000000000020e+01 6.852046999999999999e-01 7.231556999999999569e+00 -2.535035999999999845e+00 -8.925352999999999426e+00 2.144749000000000017e+00 -1.064100999999999964e+01 -5.275862000000000052e+00 9.079205000000000192e-01 -5.944285999999999959e+00
-8.059488999999999237e+00 1.224261000000000088e+01 1.385668000000000077e+01 -8.290250999999999593e-01 8.557767999999999375e+00 -2.404669999999999863e+00 -9.648142999999999248e+00 8.236942000000000430e-01 -1.336730999999999980e+01 -4.716694999999999638e+00 2.107721999999999929e-01 -8.467031999999999670e+00
-7.688716000000000328e+00 1.174572000000000038e+01 1.206936999999999927e+01 7.612027000000000099e-01 8.639708000000000609e+00 -1.321353000000000000e+00 -8.610559000000000296e+00 -6.288133999999999668e-01 -1.205605000000000082e+01 -6.516301000000000343e+00 -1.814367000000000063e+00 -6.671568999999999861e+00
-7.900818000000000119e+00 1.316056999999999988e+01 1.284273999999999916e+01 -2.047558999999999907e-01 9.356790000000000163e+00 -4.975678000000000045e-01 -1.020878000000000085e+01 1.900028000000000050e+00 -1.362153999999999954e+01 -8.806198000000000192e+00 -1.478460000000000107e+00 -5.009956999999999994e+00
-7.725348000000000326e+00 1.437770000000000081e+01 1.292332000000000036e+01 1.453776999999999986e-01 9.776460000000000150e+00 -1.155796000000000046e+00 -8.917270000000000252e+00 3.919745000000000035e-01 -1.244612000000000052e+01 -7.035777000000000392e+00 -3.338147000000000197e+00 -4.923930999999999614e+00
-7.467507000000000339e+00 1.423234000000000066e+01 1.259389999999999965e+01 -1.100748000000000060e+00 9.047672000000000381e+00 -2.637808999999999848e+00 -6.647617000000000331e+00 2.660562000000000205e-01 -1.150984000000000052e+01 -7.214382999999999768e+00 -2.833035000000000192e+00 -4.135991999999999891e+00
-7.381694999999999673e+00 1.446278000000000041e+01 1.207526999999999973e+01 -2.464490000000000069e+00 8.336660000000000181e+00 -3.865489000000000175e+00 -5.396526999999999852e+00 1.074740000000000029e+00 -1.178908000000000023e+01 -6.400031000000000247e+00 3.146094999999999864e-01 -5.488786000000000165e+00
-7.449696999999999569e+00 1.553128000000000064e+01 1.061354000000000042e+01 -4.026067000000000284e+00 8.605456999999999468e+00 -2.924933999999999923e+00 -5.972856000000000165e+00 8.746941000000000299e-01 -1.254800999999999966e+01 -4.495363000000000220e+00 -1.571350000000000025e+00 -5.692040000000000433e+00
-7.153402999999999956e+00 1.539382999999999946e+01 1.029770000000000074e+01 -5.148244000000000042e+00 9.118339999999999890e+00 -6.313649999999999984e+00 -4.958097999999999672e+00 1.683378000000000041e+00 -1.426066999999999929e+01 -5.957133999999999929e+00 -2.513392000000000071e+00 -5.054281999999999719e+00
-6.533085999999999949e+00 1.600608000000000075e+01 1.003795000000000037e+01 -4.424755000000000216e+00 3.917114000000000207e+00 -7.670495999999999981e+00 2.497859000000000052e-01 7.199153999999999831e-01 -1.241498999999999953e+01 -9.110644999999999882e+00 -3.733166999999999902e+00 -3.719568000000000207e+00
-5.796397999999999939e+00 1.651195999999999842e+01 9.361985000000000667e+00 -3.991385999999999878e+00 7.808566999999999592e-01 -8.342720999999999165e+00 1.378668000000000005e+00 8.219151999999999569e-01 -1.045988999999999969e+01 -6.868610000000000326e+00 -5.885288000000000075e+00 -4.125784999999999592e+00
-5.859340000000000437e+00 1.679067999999999827e+01 9.986584999999999823e+00 -8.319653000000000631e+00 1.623666000000000054e+00 -8.507478000000000762e+00 -2.843465000000000131e+00 3.803825999999999929e+00 -1.128956999999999944e+01 -5.598287000000000013e+00 -5.709827999999999903e+00 -5.947493999999999836e+00
-5.175677000000000305e+00 1.841879000000000133e+01 9.370544999999999902e+00 -1.021086000000000027e+01 -1.552910000000000013e+00 -9.158507999999999427e+00 -5.037510000000000154e+00 4.919298999999999644e+00 -8.365166999999999575e+00 -4.119939999999999714e+00 -7.709007999999999861e+00 -8.879082000000000363e+00
-4.785273000000000110e+00 1.865032000000000068e+01 9.251884000000000441e+00 -1.116928000000000054e+01 -3.131444000000000116e+00 -1.089564999999999984e+01 -4.511586000000000318e+00 3.989046000000000092e+00 -9.338710000000000733e+00 -3.116476000000000024e+00 -6.193046999999999969e+00 -7.892261999999999666e+00
-4.840524000000000271e+00 1.984072000000000102e+01 8.082088000000000605e+00 -1.140360000000000085e+01 -2.841835999999999807e+00 -1.419758999999999993e+01 -4.467838000000000420e+00 5.694856999999999836e-01 -7.984051000000000009e+00 6.046074999999999644e-01 -7.165739000000000303e+00 -5.596390999999999671e+00
-4.158278000000000141e+00 2.022497999999999863e+01 9.627646000000000370e+00 -1.025459000000000032e+01 -6.926254000000000133e+00 -1.804819000000000173e+01 -3.102148000000000128e+00 1.342192999999999969e+00 -6.540715999999999752e+00 3.086186000000000096e+00 -7.380918999999999563e+00 -5.180842000000000169e+00
-2.834261999999999837e+00 1.857668999999999926e+01 7.037449999999999761e+00 -1.003201999999999927e+01 -8.402905000000000513e+00 -1.506176999999999921e+01 -2.721731999999999818e+00 -8.549522999999999984e-01 -4.371469000000000271e+00 3.364250999999999880e+00 -6.614024999999999821e+00 -5.113770999999999844e+00
-2.866036999999999946e+00 1.802308000000000021e+01 9.231515999999999167e+00 -1.033300000000000018e+01 -1.272533999999999921e+01 -1.499099000000000004e+01 -3.296635000000000204e+00 6.742527999999999855e-01 2.222014999999999962e-01 4.543987000000000442e+00 -9.922117000000000075e+00 -6.066472000000000087e+00
-2.363510000000000222e+00 1.721856999999999971e+01 8.042535000000000878e+00 -1.067136999999999958e+01 -1.347579999999999956e+01 -1.279396000000000022e+01 -3.775958000000000148e+00 2.700015000000000054e+00 6.929361000000000548e-01 3.101827999999999808e+00 -7.591721999999999859e+00 -4.402235000000000120e+00
-2.439203000000000010e+00 1.734837999999999880e+01 7.532465000000000188e+00 -9.154424000000000561e+00 -1.499666999999999994e+01 -1.022663000000000011e+01 -4.853959999999999830e+00 7.274270999999999932e-01 4.023925000000000196e+00 4.254247999999999585e+00 -4.979839000000000127e+00 -3.410165999999999809e+00
-2.454787000000000052e+00 1.829334000000000060e+01 7.949848000000000248e+00 -9.459621999999999531e+00 -1.488438999999999979e+01 -1.039259000000000022e+01 -5.842564000000000313e+00 9.571241000000000332e-01 2.852278000000000091e+00 5.296001999999999654e+00 -2.731700000000000017e+00 -3.580760000000000165e+00
-2.026536000000000115e+00 1.872314000000000078e+01 7.356537999999999577e+00 -1.013696999999999981e+01 -1.292432999999999943e+01 -1.279396000000000022e+01 -4.769792999999999950e+00 2.109167999999999932e+00 2.893313000000000024e+00 5.997586000000000084e+00 -4.315531000000000006e+00 -2.288912999999999975e+00
-2.479073000000000082e+00 1.837706000000000017e+01 8.871397999999999229e+00 -9.913800000000000168e+00 -1.233905000000000030e+01 -1.470665999999999940e+01 -4.162555000000000227e+00 4.695730000000000182e+00 3.772993000000000041e+00 4.751311000000000284e+00 -4.624540999999999791e+00 -1.201486999999999972e+00
-2.064989000000000186e+00 1.788835999999999871e+01 7.631350000000000300e+00 -9.870373000000000729e+00 -1.343417999999999957e+01 -1.151708999999999961e+01 -5.610034999999999883e+00 3.190640999999999838e+00 3.088115999999999861e+00 3.121440000000000214e+00 -2.861496999999999957e+00 -1.365666000000000047e+00
-1.745014999999999983e+00 1.840924000000000049e+01 8.642338999999999771e+00 -9.881230000000000402e+00 -1.399215000000000053e+01 -1.386528000000000027e+01 -5.053201999999999749e+00 2.382155000000000022e+00 4.893227999999999689e+00 3.774929000000000201e+00 -2.935309000000000168e+00 -9.011257999999999768e-01
-1.753516000000000075e+00 1.888895000000000124e+01 8.170937999999999590e+00 -9.730741999999999337e+00 -1.279817000000000071e+01 -1.354456000000000060e+01 -4.986153999999999975e+00 3.095362000000000169e+00 3.179149999999999920e+00 3.707456000000000085e+00 -2.751717000000000191e+00 5.840606000000000408e-01
-1.693407000000000107e+00 1.936019999999999897e+01 7.665591000000000044e+00 -1.110021000000000058e+01 -1.308517999999999937e+01 -1.386487999999999943e+01 -3.295208000000000137e+00 2.710887000000000047e+00 4.518715000000000259e+00 3.920615999999999879e+00 -5.562828999999999802e+00 2.728292999999999857e+00
-1.363920999999999939e+00 1.900813000000000130e+01 7.071985999999999883e+00 -1.090719999999999956e+01 -1.387119000000000035e+01 -1.251083000000000034e+01 -3.120216999999999796e+00 2.655339999999999812e+00 4.029584999999999972e+00 3.498498000000000108e+00 -4.957008000000000081e+00 1.609663999999999984e+00
-1.285798999999999914e+00 1.799390000000000001e+01 5.763162000000000340e+00 -1.216328000000000031e+01 -1.359112000000000009e+01 -1.198137000000000008e+01 -1.817771000000000026e+00 1.968423999999999952e+00 5.263022999999999563e+00 5.059027000000000385e+00 -4.460652999999999757e+00 7.164530000000000065e-01
-1.265965000000000007e+00 1.695185000000000031e+01 6.079297999999999647e+00 -1.153026999999999980e+01 -1.471833999999999953e+01 -1.012386000000000053e+01 -3.385082000000000146e+00 1.503692000000000029e+00 6.906820999999999877e+00 6.189733999999999625e+00 -4.847228000000000314e+00 -4.079452999999999920e-05
-1.143723999999999963e+00 1.571044999999999980e+01 6.049190000000000289e+00 -1.230260999999999960e+01 -1.368736999999999959e+01 -1.021743000000000023e+01 -4.632843000000000266e+00 3.827744000000000035e+00 6.623814000000000313e+00 4.906335999999999586e+00 -2.651946000000000137e+00 -1.041682999999999915e+00
-3.971271999999999913e+00 1.162790999999999997e+01 1.112567999999999913e+01 -1.148925000000000018e+01 -1.445820999999999934e+01 -1.129555000000000042e+01 -2.302325000000000177e+00 4.606380999999999837e+00 7.864798999999999651e+00 4.513169000000000430e+00 -7.203583000000000069e+00 4.764920000000000044e+00
-4.816238000000000241e+00 1.348645999999999923e+01 1.171870000000000012e+01 -8.829019999999999868e+00 -1.472874000000000017e+01 -8.854587999999999681e+00 -3.231012999999999913e+00 1.564970999999999890e+00 6.319110000000000227e+00 3.519976999999999911e+00 -4.848165999999999976e+00 3.909327000000000218e+00
-2.927764999999999951e+00 1.517292999999999914e+01 7.409375999999999962e+00 -8.283160999999999774e+00 -1.621320000000000050e+01 -9.414441000000000059e+00 -4.661850000000000271e+00 8.321941999999999950e-01 9.278418000000000276e+00 1.629083999999999977e+00 -4.851606999999999559e+00 2.634977000000000125e+00
-2.521574000000000204e+00 1.623570000000000135e+01 6.222165000000000390e+00 -1.227455999999999925e+01 -1.650064000000000064e+01 -7.318588000000000093e+00 -3.083127000000000173e+00 3.633233000000000157e+00 8.446849000000000274e+00 2.275335999999999803e+00 -5.554384999999999906e+00 9.969094000000000566e-02
-3.122663000000000189e+00 1.572954000000000008e+01 5.273458999999999897e+00 -1.237831000000000081e+01 -1.731613000000000113e+01 -8.414301999999999282e+00 -2.530574000000000101e+00 5.909843000000000401e+00 6.899274000000000129e+00 -2.309902000000000066e-01 -6.311270999999999631e+00 2.273085000000000022e+00
-5.029957999999999707e+00 1.037177999999999933e+01 7.081726999999999883e+00 -9.389051999999999509e+00 -1.863541000000000025e+01 -4.948406000000000304e+00 -2.579076999999999842e+00 6.072924000000000433e+00 1.535975999999999964e+01 -2.833273000000000152e+00 -9.100177000000000405e+00 5.220129000000000019e+00
-7.752670000000000172e+00 9.682359999999999189e+00 1.459449999999999914e+00 -1.060261000000000031e+01 -1.693721999999999994e+01 -4.455734999999999779e+00 -4.086471999999999660e+00 3.619594000000000200e+00 1.216792000000000051e+01 -6.299945000000000128e-01 -3.752870999999999846e+00 4.036178999999999739e+00
-1.155208000000000013e+01 8.732220999999999123e+00 -3.617926000000000197e+00 -9.697568000000000410e+00 -1.312593000000000032e+01 -7.057856000000000130e+00 -2.266185000000000116e+00 2.082679000000000169e+00 5.291795999999999722e+00 3.592353999999999825e+00 2.857371000000000105e+00 1.339339000000000057e+00
-1.223291000000000039e+01 9.712631000000000014e+00 -1.569677999999999907e+00 -7.178778000000000326e+00 -1.324689000000000050e+01 -7.385769999999999946e+00 -1.784485000000000099e+00 2.672736000000000001e+00 3.402254000000000111e+00 1.607137999999999955e+00 2.886144999999999960e+00 3.143182999999999949e-01
-1.224000000000000021e+01 7.637270000000000003e+00 -2.933405000000000040e+00 -5.538789000000000406e+00 -9.273460000000000036e+00 -4.236191999999999958e+00 -1.651815000000000033e+00 1.008915000000000006e+00 2.600872999999999990e+00 3.242144999999999833e+00 2.336933999999999845e+00 -8.550508999999999471e-01
-5.071649999999999991e+00 1.173371999999999993e+01 1.944430000000000103e+00 -9.152312999999999477e+00 -1.212097999999999942e+01 2.217724000000000029e+00 2.874651000000000067e+00 7.451025999999999483e-02 1.349804999999999922e+01 3.472815999999999903e+00 -8.942857000000000056e+00 2.576362000000000041e+00
-2.612445999999999824e+00 4.769124999999999837e+00 -9.496292000000000622e-02 -9.808248000000000744e+00 -1.333272999999999975e+01 4.160016999999999854e+00 4.247474000000000416e+00 -1.717403000000000013e+00 1.665026999999999902e+01 2.799247999999999958e+00 -1.378848999999999947e+01 3.552974999999999994e+00
-2.102025999999999950e+00 1.201925999999999917e+01 -2.118538000000000088e-01 -1.365518999999999927e+01 -1.045053000000000054e+01 1.930598999999999954e+00 6.853317999999999799e+00 -1.154033000000000087e+00 1.236602000000000068e+01 -7.362976000000000243e-02 -1.161885999999999974e+01 2.124362000000000084e+00
-2.082393999999999856e+00 1.266067999999999927e+01 5.807020999999999988e-01 -1.391093000000000046e+01 -9.835767999999999844e+00 4.386358000000000423e+00 6.229436999999999891e+00 -1.860322000000000031e+00 1.268204000000000065e+01 -5.443101000000000189e-01 -1.163730999999999938e+01 2.243339999999999890e+00
-1.344694000000000056e+00 1.231378999999999913e+01 9.192725000000000479e-01 -1.441577999999999982e+01 -1.028232000000000035e+01 5.460078000000000209e+00 4.075811999999999991e+00 -1.033253999999999895e+00 1.322023000000000081e+01 -8.751404999999999879e-01 -1.167547000000000068e+01 2.371357999999999855e+00
-1.122473000000000054e+00 1.112692999999999977e+01 1.686320000000000041e-01 -1.747167999999999921e+01 -1.117281999999999975e+01 7.684696999999999889e+00 7.271300000000000097e+00 -2.169286000000000048e+00 1.347870999999999952e+01 -7.019039999999999724e-01 -1.181057999999999986e+01 3.689159000000000077e+00
-1.921497000000000011e+00 1.246978000000000009e+01 1.835212999999999983e+00 -1.640740999999999872e+01 -1.005644000000000027e+01 4.653488000000000291e+00 8.821016000000000190e+00 -2.169484000000000190e+00 1.056373999999999924e+01 -2.132462999999999997e-01 -1.089105999999999952e+01 5.147808000000000384e+00
-2.080168000000000017e+00 1.296720999999999968e+01 1.984278999999999904e+00 -1.484281000000000006e+01 -8.875901000000000707e+00 1.963789999999999925e+00 8.112968000000000401e+00 -3.357108000000000203e+00 1.382586000000000048e+01 1.696485000000000076e-01 -1.305974999999999930e+01 6.624538000000000260e+00
-1.670536999999999939e+00 1.238932999999999929e+01 3.143742000000000036e+00 -1.462326000000000015e+01 -1.303532000000000046e+01 3.862493999999999872e+00 8.556152000000000868e+00 -2.027553999999999856e+00 1.163208999999999982e+01 -4.018919000000000241e-01 -9.269069000000000003e+00 4.756172000000000288e+00
-1.917650999999999994e+00 1.253932000000000002e+01 1.727473000000000036e+00 -1.546828999999999965e+01 -1.221072000000000024e+01 4.727069000000000187e+00 1.011347999999999914e+01 -3.727943999999999924e+00 1.171698999999999913e+01 2.581344999999999890e-01 -1.093547000000000047e+01 5.246665000000000134e+00
-1.653132000000000046e+00 1.238333000000000084e+01 1.169583999999999957e+00 -1.530724999999999980e+01 -1.158597999999999928e+01 4.060443000000000247e+00 9.138187000000000282e+00 -5.317243000000000386e+00 1.334474999999999945e+01 -9.321076999999999835e-01 -1.067117999999999967e+01 7.106283000000000349e+00
-1.654144000000000059e+00 1.187663000000000046e+01 3.011207000000000189e+00 -1.728500000000000014e+01 -1.281334999999999980e+01 8.158573000000000519e+00 6.890409000000000006e+00 -4.446686999999999834e+00 1.339994000000000085e+01 -1.018259000000000025e+00 -1.165920000000000023e+01 6.978556000000000203e+00
-1.569951000000000096e+00 1.056377999999999950e+01 2.288607999999999976e+00 -1.339311999999999969e+01 -1.134580000000000055e+01 1.752645000000000008e+00 5.764380000000000059e+00 -4.886626000000000025e-01 1.262875000000000014e+01 -1.898916999999999966e+00 -1.126323999999999970e+01 7.378650000000000375e+00
-2.107895000000000074e+00 1.077486000000000033e+01 4.825967999999999591e+00 -1.208938999999999986e+01 -1.210493999999999915e+01 -2.132340999999999820e+00 4.256509000000000320e+00 1.390030000000000099e+00 1.223867000000000083e+01 -1.247529000000000110e+00 -1.062895999999999930e+01 8.928865999999999303e+00
-1.702919000000000072e+00 1.050051000000000023e+01 4.694317999999999991e+00 -9.837802999999999187e+00 -1.403898000000000046e+01 -1.994777000000000022e+00 2.877979999999999983e+00 2.645852000000000093e+00 1.295279000000000025e+01 -4.874755999999999645e+00 -9.610917999999999850e+00 9.963217999999999464e+00
-1.966021999999999936e+00 1.151828000000000074e+01 6.636597000000000079e+00 -7.508403999999999634e+00 -1.574713999999999992e+01 -2.950928000000000218e+00 2.536080999999999808e+00 2.713457000000000008e+00 8.982675999999999661e+00 -5.747943000000000247e+00 -5.169998999999999789e+00 9.878942000000000334e+00
-2.533514999999999961e+00 1.241114999999999924e+01 7.704555000000000042e+00 -9.102551999999999310e+00 -1.419982000000000077e+01 -3.327228999999999992e+00 3.476182000000000105e+00 4.375893999999999728e+00 7.027569999999999872e+00 -8.787520000000000664e+00 -6.932418000000000191e+00 1.023150000000000048e+01
-2.730437999999999921e+00 1.393017000000000039e+01 7.120689999999999742e+00 -8.565740999999999161e+00 -1.388724000000000025e+01 -4.296575999999999951e+00 5.685919000000000167e+00 1.612017999999999951e+00 3.746106999999999854e+00 -8.657942999999999500e+00 -4.890702000000000105e+00 8.903788000000000480e+00
-3.066805000000000003e+00 1.516066000000000003e+01 8.158540000000000347e+00 -7.907695000000000363e+00 -1.178280999999999956e+01 -8.971356000000000108e+00 4.932221000000000188e+00 3.318140999999999785e+00 1.585822000000000065e+00 -9.049476000000000298e+00 -8.128422999999999732e+00 9.818286000000000513e+00
-2.807748999999999828e+00 1.702139999999999986e+01 5.925805000000000433e+00 -6.812057000000000251e+00 -5.231531000000000375e+00 -1.024582000000000015e+01 2.288336000000000148e+00 1.422053000000000011e+00 -1.518761999999999945e+00 -7.166755000000000209e+00 -5.069601999999999720e+00 6.556300000000000239e+00
-3.770503999999999856e+00 1.626461000000000112e+01 8.857229000000000241e+00 -4.045971999999999902e+00 -6.922786000000000328e+00 -7.798062999999999967e+00 3.175654000000000199e+00 6.001250999999999669e-01 -4.257794999999999774e+00 -4.870320000000000427e+00 -7.042197999999999958e+00 3.613922000000000079e+00
-4.590779000000000387e+00 1.749646999999999863e+01 1.042581000000000024e+01 -4.927789999999999893e+00 -4.595521999999999885e+00 -5.345502999999999894e+00 1.099062999999999901e+00 3.332653999999999894e-01 -4.410147000000000261e+00 -4.072544999999999860e+00 -8.224128000000000327e+00 1.920523999999999898e+00
-5.358431999999999640e+00 1.826088999999999984e+01 9.862904999999999589e+00 -5.678721999999999603e+00 -2.124321000000000126e+00 -5.093568000000000318e+00 2.102408000000000055e+00 1.342786000000000035e+00 -5.636980999999999575e+00 -5.546689999999999898e+00 -8.312953000000000259e+00 7.085795000000000288e-01
-5.798016999999999754e+00 1.848751000000000033e+01 1.018022000000000027e+01 -5.353920999999999708e+00 -1.347844000000000042e+00 -5.551848999999999812e+00 1.054840000000000000e+00 6.403354999999999464e-02 -3.061620000000000008e+00 -1.755330999999999975e+00 -1.138929000000000080e+01 -1.444401000000000046e+00
-6.300949000000000133e+00 1.847741999999999862e+01 1.020294999999999952e+01 -3.358671999999999880e+00 2.216753999999999891e+00 -5.583440999999999654e+00 -5.502181999999999906e-02 7.332421999999999551e-02 -6.772310000000000052e+00 -2.213637999999999995e+00 -1.028430000000000000e+01 -1.092716000000000021e+00
-6.113133000000000372e+00 1.909047999999999945e+01 1.069943999999999917e+01 -4.701604999999999812e+00 1.202695000000000070e+00 -3.901479999999999837e+00 1.713252000000000108e-01 -1.217798999999999965e-01 -6.897776999999999603e+00 -3.702024000000000203e+00 -8.198169000000000040e+00 1.775517000000000067e-01
-6.178908999999999985e+00 1.884177000000000035e+01 9.786158000000000357e+00 -5.005296000000000411e+00 2.769522999999999957e+00 -3.973060999999999954e+00 3.448126999999999942e+00 1.429168999999999912e+00 -1.133674000000000071e+01 -5.236638000000000126e+00 -8.127171999999999841e+00 3.408551000000000220e-01
-6.458404999999999951e+00 1.999562999999999846e+01 1.075257000000000041e+01 -4.809569999999999901e+00 2.624284999999999979e+00 -3.434001999999999999e+00 1.277382000000000017e+00 -4.497208999999999790e-01 -8.252435999999999439e+00 -3.186516999999999822e+00 -1.023424999999999940e+01 -5.681034000000000361e-01
-6.887061000000000099e+00 1.950582999999999956e+01 1.200561000000000078e+01 -3.572492000000000001e+00 2.349419000000000146e+00 -4.656482999999999706e+00 1.227452999999999905e+00 -8.911265999999999909e-01 -6.592128999999999905e+00 -2.236050999999999789e+00 -1.101679000000000030e+01 1.541470999999999987e-02
-6.880584999999999951e+00 1.846242000000000161e+01 1.136035000000000039e+01 -2.216892999999999780e+00 4.878714000000000439e+00 -4.288179000000000407e+00 -5.930148999999999837e-02 -1.004394000000000009e+00 -7.980277000000000065e+00 -1.105110999999999954e+00 -1.030025000000000013e+01 -1.153663000000000105e+00
-7.097948999999999842e+00 1.835060999999999964e+01 1.180253000000000085e+01 -1.691542000000000101e+00 3.949628999999999834e+00 -2.619813999999999865e+00 -6.532248000000000498e-01 -7.233015000000000416e-01 -7.440205999999999875e+00 -1.790119000000000016e+00 -1.000031000000000070e+01 -1.516137999999999986e+00
-7.453138000000000041e+00 1.831952000000000069e+01 1.302250000000000085e+01 -1.964471000000000078e+00 2.794235000000000024e+00 -4.290977999999999959e+00 1.576008000000000076e+00 1.378169999999999895e+00 -8.094423000000000812e+00 -1.635559999999999903e+00 -1.057548000000000066e+01 -2.998699999999999921e+00
-7.166760000000000019e+00 1.810789000000000115e+01 1.115638000000000041e+01 -7.527255000000000473e-01 4.714400999999999620e+00 -3.108086999999999822e+00 1.685853000000000046e+00 1.132543000000000022e-01 -6.785516999999999577e+00 -4.566105000000000302e+00 -1.024051000000000045e+01 -1.254269000000000078e+00
-6.899811999999999834e+00 1.854123999999999839e+01 1.210213000000000072e+01 -3.525297000000000014e-01 3.768841999999999803e+00 -2.871347999999999789e+00 -2.742360999999999827e-01 -1.259986000000000050e+00 -6.892116999999999827e+00 -2.967986999999999931e+00 -1.086853999999999942e+01 -1.705103999999999953e+00
-6.974492999999999832e+00 1.934656999999999982e+01 1.245635000000000048e+01 -1.149604000000000070e+00 2.547114999999999796e+00 -2.025168999999999997e+00 -1.444012999999999991e+00 -4.189117000000000424e+00 -4.562026999999999610e+00 -2.753893000000000146e+00 -8.592874999999999375e+00 -1.026520000000000099e+00
-6.521550999999999654e+00 1.819979999999999976e+01 1.219835999999999920e+01 1.468856000000000050e-01 1.999114999999999975e+00 -3.402810000000000112e+00 -4.929747999999999908e-01 -2.604366000000000181e+00 -7.518976000000000326e+00 -2.673811999999999856e+00 -7.391553000000000040e+00 -1.386662000000000061e+00
-6.627601000000000298e+00 1.769500000000000028e+01 1.351988000000000056e+01 1.564006999999999925e+00 1.420768000000000031e+00 -1.898802000000000101e+00 -2.422630999999999979e+00 -3.542921999999999905e+00 -7.478411999999999615e+00 -2.411154999999999937e+00 -7.791890000000000427e+00 -1.503015999999999908e+00
-6.132765000000000022e+00 1.710648000000000124e+01 1.180635999999999974e+01 1.291681000000000079e+00 1.904603000000000046e+00 -2.340366000000000113e-01 -3.048890000000000100e+00 -9.866030999999999551e-01 -6.463833000000000162e+00 -6.689536999999999622e+00 -6.854853000000000307e+00 -3.923113999999999990e+00
-6.353367000000000431e+00 1.722156999999999982e+01 1.216205000000000069e+01 -1.034400999999999904e+00 3.317521999999999860e+00 -3.332107000000000263e-01 -5.078405000000000058e+00 -9.877892000000000339e-01 -7.013809000000000182e+00 -5.118735000000000035e+00 -5.765500000000000291e+00 -2.919672999999999963e+00
-6.115561999999999721e+00 1.704457999999999984e+01 1.113246999999999964e+01 -1.946677999999999908e+00 3.826068999999999942e+00 -3.700011000000000272e-01 -6.530164000000000080e+00 -2.563842999999999872e+00 -4.870033000000000278e+00 -5.319754999999999789e+00 -4.243908000000000236e+00 -1.987676999999999916e+00
-5.746205999999999925e+00 1.577809000000000061e+01 1.051289000000000051e+01 1.108924000000000021e+00 1.904169000000000000e+00 -1.703653000000000084e+00 -6.909152999999999878e+00 -3.306503999999999888e+00 -3.157370999999999928e+00 -4.677005000000000301e+00 -5.934078999999999660e+00 -2.826140999999999792e-01
-5.690751999999999811e+00 1.537692000000000014e+01 1.194274000000000058e+01 9.662766000000000410e-01 2.296526000000000067e+00 -4.459334000000000131e+00 -7.735128999999999699e+00 -3.250957000000000097e+00 -4.310724000000000222e-01 -3.601398000000000099e+00 -6.797930000000000028e+00 -4.182141999999999804e-01
-6.027929000000000315e+00 1.474967999999999968e+01 1.217060999999999993e+01 7.253146999999999789e-01 4.010759000000000185e+00 -6.999070999999999820e+00 -1.170998999999999945e+01 -1.846089000000000091e+00 1.945713000000000026e+00 -2.341346999999999845e+00 -8.478403999999999385e+00 5.913509000000000126e-01
-5.625785999999999731e+00 1.198380000000000045e+01 1.258799999999999919e+01 2.292018999999999807e+00 4.312505999999999950e+00 -8.979753999999999792e+00 -1.586175000000000068e+01 -2.932504999999999917e+00 6.116760000000000197e+00 -4.245387999999999940e-01 -8.721420999999999424e+00 1.758386999999999922e+00
-6.118800000000000239e+00 1.053569000000000067e+01 1.538097999999999921e+01 1.474888000000000032e-01 3.684299999999999908e+00 -1.140311999999999948e+01 -1.617748999999999882e+01 -3.358690000000000175e+00 7.712918000000000163e+00 2.025681000000000009e-01 -8.684827999999999548e+00 2.779907999999999824e+00
-6.255208999999999797e+00 9.977164999999999395e+00 1.565549999999999997e+01 -7.415671000000000346e-01 3.696873000000000076e+00 -1.341900000000000048e+01 -1.930830999999999875e+01 -1.127347000000000099e+00 8.629860000000000753e+00 7.981561000000000350e-01 -8.062428999999999846e+00 4.608031999999999684e+00
-5.769885000000000375e+00 1.035732999999999926e+01 1.468346999999999980e+01 -1.456463000000000063e-01 2.716629999999999878e+00 -1.495299999999999940e+01 -1.984993000000000052e+01 -4.502035000000000231e+00 1.066751000000000005e+01 3.749246999999999996e+00 -7.074724999999999930e+00 2.760079000000000171e+00
-6.276661999999999964e+00 1.030959999999999965e+01 1.459256000000000064e+01 3.359758999999999940e-01 2.383668999999999816e+00 -1.774987000000000137e+01 -1.967113000000000156e+01 -2.235901999999999834e+00 9.296340999999999966e+00 3.737573999999999952e+00 -6.051052000000000319e+00 4.589952000000000254e+00
-6.424808999999999770e+00 9.878714999999999691e+00 1.518999999999999950e+01 -1.969899999999999984e+00 3.057828999999999908e+00 -1.606830000000000069e+01 -1.834442999999999913e+01 -3.445666000000000118e+00 9.382187000000000054e+00 3.216696999999999917e+00 -6.786983000000000210e+00 6.348671999999999649e+00
-6.583885999999999683e+00 9.843806999999999974e+00 1.572634000000000043e+01 -1.625194000000000027e+00 5.857245999999999980e-02 -1.382089000000000034e+01 -1.811999000000000137e+01 -3.786258000000000123e+00 1.002130999999999972e+01 2.617840000000000167e+00 -6.165835999999999650e+00 6.476981999999999573e+00
-6.344462000000000046e+00 9.436643999999999366e+00 1.415864999999999974e+01 -1.545276000000000094e+00 3.097714999999999996e+00 -1.702645000000000053e+01 -1.903012999999999977e+01 -2.287889999999999979e+00 1.081419999999999959e+01 3.809715999999999880e+00 -1.002031999999999989e+01 8.144717999999999236e+00
-6.324627999999999695e+00 9.546547999999999590e+00 1.416042000000000023e+01 -2.830004000000000186e+00 -9.520184000000000424e-01 -1.621706999999999965e+01 -1.508713000000000015e+01 -2.585785000000000000e+00 8.497790000000000177e+00 4.504529999999999923e+00 -9.501139000000000223e+00 5.953827000000000425e+00
-6.936443999999999832e+00 1.068322000000000038e+01 1.490072999999999936e+01 -6.113599999999999923e+00 -3.853765000000000107e-01 -1.326224000000000025e+01 -1.740052999999999983e+01 -3.468595999999999790e+00 1.042318000000000033e+01 3.226036000000000126e+00 -6.670634999999999870e+00 6.812337000000000309e+00
-6.434929000000000343e+00 8.371691999999999467e+00 1.136004999999999932e+01 -4.652447999999999695e+00 2.333378000000000174e+00 -1.306229000000000084e+01 -1.936346999999999952e+01 -2.720597999999999850e+00 1.282873999999999981e+01 3.376158000000000214e+00 -7.569829000000000363e+00 4.898187000000000069e+00
-7.166558000000000206e+00 3.154379000000000044e+00 9.837519000000000347e+00 -1.464150999999999980e+00 4.125647999999999982e+00 -1.365933000000000064e+01 -2.031355999999999895e+01 -1.954217000000000093e+00 1.469139000000000017e+01 2.500637000000000221e+00 -7.460360999999999798e+00 5.950910999999999618e+00
-9.254785999999999291e+00 3.108017999999999947e+00 1.286547000000000018e+01 -1.223189000000000082e+00 3.702509000000000050e+00 -1.175463000000000058e+01 -1.961502000000000123e+01 -1.479206000000000021e+00 1.217641000000000062e+01 3.854543000000000053e+00 -6.137686999999999671e+00 5.592810000000000059e+00
-1.006211000000000055e+01 2.352869999999999795e+00 1.222788000000000075e+01 -9.783068000000000319e-01 4.384039999999999715e+00 -1.037339000000000055e+01 -2.104918999999999940e+01 -2.382181000000000104e+00 1.153491999999999962e+01 3.763021999999999867e+00 -4.228583000000000425e+00 6.496811000000000114e+00
-9.896959999999999980e+00 6.668859000000000314e+00 1.247583000000000020e+01 -2.556471000000000160e+00 7.916952000000000433e-01 -7.733279999999999710e+00 -1.826501999999999981e+01 -3.599060999999999844e+00 7.578961999999999755e+00 1.307593000000000005e+00 -4.870015999999999790e-01 5.926707000000000392e+00
-1.217543000000000042e+01 5.889166000000000345e+00 5.762275999999999954e+00 -3.664775000000000116e+00 -1.494382000000000099e+00 -5.723404000000000380e+00 -1.805436999999999870e+01 -5.768532000000000437e+00 6.803050999999999959e+00 1.456547999999999954e+00 1.044284999999999908e+00 6.774427000000000199e+00
-1.438569999999999993e+01 3.790623000000000076e+00 -1.220185999999999993e+00 -1.647510999999999948e+00 -8.209110000000000795e+00 -1.139353000000000016e+01 -1.614611000000000018e+01 -6.881435999999999886e+00 2.194287000000000099e+00 6.127791000000000210e-01 6.708107000000000042e+00 7.811111999999999611e+00
