-8.484488999999999947e+00 1.746642999999999901e+01 1.489268000000000036e+01 6.826345999999999803e-01 7.042549000000000170e+00 -3.446721999999999841e+00 -4.319238999999999606e+00 1.531061999999999923e+00 -1.053768999999999956e+01 -4.237245999999999846e+00 -4.263265999999999778e+00 -4.572283999999999793e+00
-6.940866999999999898e+00 1.772626999999999953e+01 1.381169000000000047e+01 5.148544999999999927e-01 7.542142000000000124e+00 -5.000175999999999732e+00 -5.862095000000000056e+00 -1.836063999999999918e+00 -1.215935999999999950e+01 -3.981991999999999976e+00 -3.762754000000000154e+00 -3.566991999999999940e+00
-6.751860999999999891e+00 1.784328000000000003e+01 1.357516999999999996e+01 1.490229000000000026e+00 6.470869999999999678e+00 -5.623515000000000263e+00 -5.272874999999999979e+00 -3.086809000000000136e+00 -1.034806999999999988e+01 -3.552794000000000008e+00 -3.558199999999999807e+00 -2.374232999999999816e+00
-6.100863000000000369e+00 1.830465999999999838e+01 1.291960000000000086e+01 5.576554999999999707e-01 5.964602000000000182e+00 -4.425442000000000320e+00 -5.582190999999999903e+00 -1.018629000000000007e+00 -1.056386999999999965e+01 -3.612490000000000201e+00 -4.314326000000000327e+00 -3.159250999999999809e+00
-6.327543999999999613e+00 1.780233000000000132e+01 1.326126000000000005e+01 1.287474000000000007e+00 6.386435999999999780e+00 -6.038547999999999583e+00 -6.584507000000000332e+00 -7.127052999999999860e-01 -9.954390999999999323e+00 -2.218677000000000010e+00 -4.885754000000000374e+00 -4.954035000000000188e+00
-6.184631000000000434e+00 1.832220999999999833e+01 1.351482999999999990e+01 -9.756726999999999761e-02 4.167468000000000394e+00 -3.733616000000000046e+00 -6.550702000000000247e+00 -1.655067999999999984e+00 -1.106094000000000044e+01 -1.473292999999999964e+00 -3.764015000000000111e+00 -4.289165999999999812e+00
-6.440779000000000032e+00 1.791227999999999909e+01 1.392140999999999984e+01 4.355388000000000315e-02 3.385539000000000076e+00 -5.693896999999999764e+00 -7.376894000000000062e+00 4.913152000000000075e-01 -1.029388999999999932e+01 -3.056281999999999943e+00 -1.726037000000000043e+00 -5.133193999999999591e+00
-5.771258999999999695e+00 1.845233999999999952e+01 1.239513999999999960e+01 -1.735012999999999916e+00 3.244371000000000116e+00 -3.939080000000000137e+00 -7.526988000000000234e+00 -2.857894999999999741e-01 -8.496152999999999622e+00 -3.874537000000000120e+00 -2.829180000000000028e+00 -4.082951999999999693e+00
-5.745160000000000267e+00 1.890927999999999898e+01 1.174058999999999919e+01 -2.360641999999999907e+00 2.563229000000000202e+00 -5.406372000000000178e+00 -2.990028999999999826e+00 -9.207528999999999852e-01 -1.234806999999999988e+01 -4.634948999999999764e+00 1.038756000000000013e+00 -4.016274000000000122e+00
-6.003834000000000337e+00 1.795160999999999873e+01 1.137575999999999965e+01 -2.406133000000000077e+00 1.622778000000000054e+00 -3.805575999999999848e+00 -3.691481000000000012e+00 -8.174668000000000490e-01 -1.143745999999999974e+01 -4.183106999999999687e+00 -2.231905999999999946e+00 -4.654087999999999781e+00
-5.899859000000000187e+00 1.778901000000000110e+01 1.120594999999999963e+01 -3.127391999999999950e+00 1.293387000000000064e+00 -4.834478999999999971e+00 -1.272739999999999982e+00 -1.304386999999999963e+00 -8.757101000000000468e+00 -5.461026999999999632e+00 -6.111818999999999669e+00 -1.555555000000000021e+00
-5.935430000000000206e+00 1.765747000000000000e+01 1.194579000000000057e+01 -4.413869000000000042e+00 3.806362999999999830e-01 -6.458314999999999806e+00 8.216163999999999412e-02 -9.524764000000000008e-01 -9.603600999999999388e+00 -6.190148999999999901e+00 -5.888037999999999883e+00 -1.751117999999999952e+00
-6.424993999999999872e+00 1.860142000000000095e+01 1.178589999999999982e+01 -3.779923999999999840e+00 -4.179788999999999866e-01 -8.930206999999999340e+00 -1.183832999999999913e+00 1.787518999999999914e-01 -7.764325000000000365e+00 -5.109022000000000396e+00 -5.099133000000000138e+00 -2.632000000000000117e+00
-5.972261999999999738e+00 1.957905999999999835e+01 1.122401999999999944e+01 -3.146469000000000182e+00 -1.702504999999999935e+00 -1.157821000000000033e+01 -1.239273000000000069e+00 9.939740999999999715e-01 -6.941752000000000145e+00 -4.899672999999999945e+00 -4.796556999999999960e+00 -5.987021999999999622e+00
-5.573833999999999733e+00 2.002128000000000085e+01 1.155499000000000009e+01 -5.878886999999999752e+00 -3.374823999999999824e+00 -1.403936999999999991e+01 2.221337000000000117e+00 1.444252000000000091e+00 -8.993218000000000600e+00 -2.732479999999999798e+00 -6.263422000000000267e+00 -6.325101000000000084e+00
-4.802864999999999718e+00 1.966903999999999897e+01 1.067231999999999914e+01 -9.963573999999999486e+00 -1.876378000000000101e+00 -1.477665000000000006e+01 7.021437999999999846e-01 6.307305000000000383e+00 -9.850101999999999691e+00 -3.021288000000000196e+00 -7.591606999999999772e+00 -6.340226999999999613e+00
-4.160074999999999967e+00 1.970616000000000057e+01 1.069396000000000058e+01 -9.478578000000000614e+00 -5.040803000000000367e+00 -1.832384000000000057e+01 1.262291000000000052e+00 8.761333000000000482e+00 -7.201797000000000004e+00 -9.177024999999999766e-01 -9.725716000000000250e+00 -6.898153999999999897e+00
-3.012988000000000000e+00 1.958551999999999893e+01 8.188280000000000669e+00 -8.804033000000000442e+00 -6.034650000000000070e+00 -1.556695000000000029e+01 -6.402495000000000269e-01 6.481906999999999641e+00 -7.518275000000000041e+00 -7.297611000000000514e-01 -6.048150999999999833e+00 -3.858843999999999941e+00
-3.004147999999999818e+00 2.004366999999999877e+01 9.660579999999999501e+00 -9.089211000000000595e+00 -8.499911000000000882e+00 -1.743253999999999948e+01 2.265086000000000044e-01 5.487409999999999677e+00 -4.051008999999999638e+00 8.019420999999999668e-04 -5.477668999999999677e+00 -3.113023999999999791e+00
-2.480907999999999891e+00 1.961982000000000070e+01 6.935183000000000320e+00 -9.453385000000000815e+00 -8.551306000000000296e+00 -1.661825999999999937e+01 6.913262999999999492e-01 4.636038000000000103e+00 1.011741999999999919e+00 1.895861000000000018e+00 -7.156967999999999996e+00 -1.483125000000000027e+00
-1.506410000000000027e+00 2.002208999999999861e+01 6.009744999999999671e+00 -8.346672999999999121e+00 -1.048193000000000019e+01 -1.576356999999999964e+01 -3.332810999999999968e+00 6.636345000000000383e+00 5.004516999999999882e+00 2.071244999999999781e+00 -4.907502000000000031e+00 -4.229731000000000130e+00
-1.066516999999999937e+00 1.911970000000000169e+01 5.293071000000000303e+00 -8.818951999999999458e+00 -9.181722000000000605e+00 -1.616693000000000069e+01 -2.023884999999999934e+00 4.864004999999999690e+00 3.160273999999999806e+00 2.460507999999999917e+00 -3.624073000000000100e+00 -9.273276000000000296e-01
-2.019336000000000020e+00 1.920503000000000071e+01 8.048510000000000275e+00 -8.676852000000000231e+00 -1.111234999999999928e+01 -1.748461999999999961e+01 -2.244631000000000043e+00 5.123204000000000313e+00 4.026188000000000322e+00 4.175858999999999988e+00 -3.196054000000000173e+00 -4.320309999999999984e-01
-1.874951000000000034e+00 1.986129999999999995e+01 7.744781999999999833e+00 -9.310553000000000523e+00 -1.232878999999999969e+01 -1.493066999999999922e+01 -3.595136999999999805e+00 5.110661999999999594e+00 4.768399999999999750e+00 3.818296999999999830e+00 -1.949502000000000068e+00 -4.580618000000000190e-02
-1.636061999999999905e+00 1.906966999999999857e+01 7.745801000000000158e+00 -8.640166000000000679e+00 -1.146109000000000044e+01 -1.457876000000000083e+01 -4.064688000000000301e+00 5.689802000000000248e+00 5.153952000000000311e+00 3.448796000000000195e+00 -3.081326999999999927e+00 7.500767999999999880e-01
-2.222445000000000004e+00 1.971503999999999834e+01 8.596643000000000256e+00 -9.474909000000000248e+00 -1.040583999999999953e+01 -1.694808000000000092e+01 -3.630294999999999828e+00 6.199346000000000245e+00 6.979233999999999938e+00 3.754277999999999782e+00 -2.425428999999999835e+00 3.404186000000000156e-01
-1.794550000000000090e+00 1.972331000000000145e+01 8.728776999999999120e+00 -9.551216999999999402e+00 -1.336302000000000056e+01 -1.303824000000000005e+01 -2.161471000000000142e+00 3.973530999999999924e+00 5.770204999999999806e+00 4.300398999999999639e+00 -1.134436999999999918e+00 1.639880999999999978e-02
-2.044594000000000023e+00 1.921915999999999869e+01 8.362164999999999182e+00 -8.794005000000000294e+00 -1.149647000000000041e+01 -1.477538999999999980e+01 -4.277658999999999878e+00 4.995817999999999870e+00 4.891199000000000296e+00 4.834581000000000017e+00 3.428298000000000179e-01 2.319049000000000138e+00
-2.700012000000000079e+00 1.922419999999999973e+01 9.803658999999999679e+00 -9.865009000000000583e+00 -1.277232000000000056e+01 -1.366568999999999967e+01 -4.060292999999999708e+00 3.816142999999999841e+00 7.410384999999999778e+00 5.750204000000000093e+00 1.390185000000000004e+00 3.637496000000000063e+00
-2.596248000000000111e+00 1.952862999999999971e+01 8.180386999999999631e+00 -7.897140000000000271e+00 -1.231611000000000011e+01 -1.340687999999999924e+01 -3.121531000000000056e+00 2.626878000000000046e+00 7.325057000000000151e+00 4.568210999999999800e+00 -8.844959000000000016e-01 4.022442999999999991e+00
-2.373985999999999930e+00 1.888406000000000162e+01 8.950271000000000754e+00 -9.054724999999999469e+00 -1.413227000000000011e+01 -1.159210000000000029e+01 -5.064637000000000278e+00 2.353415000000000035e+00 8.367043000000000674e+00 6.434450000000000003e+00 1.130789000000000044e+00 1.555546000000000095e+00
-2.496693000000000051e+00 1.845456000000000074e+01 7.952529000000000181e+00 -9.487871000000000166e+00 -1.365002999999999922e+01 -1.241680000000000028e+01 -4.745180999999999649e+00 5.571760000000000268e+00 6.353500000000000369e+00 4.193768999999999636e+00 7.554052999999999463e-01 2.061707000000000178e+00
-3.781852000000000213e+00 1.581638000000000055e+01 8.565839000000000425e+00 -8.467494000000000298e+00 -1.229709000000000074e+01 -1.211570000000000036e+01 -4.556886999999999688e+00 6.246808999999999834e+00 8.958465000000000344e+00 2.431277999999999828e+00 -3.131756000000000206e+00 3.338827000000000211e+00
-3.954441000000000095e+00 1.699677000000000149e+01 7.741217999999999932e+00 -8.647992000000000345e+00 -1.305499000000000009e+01 -1.010965999999999987e+01 -3.261820999999999859e+00 1.078324000000000060e+00 7.195485999999999827e+00 4.874515999999999849e+00 -2.385715999999999948e+00 4.799152999999999558e+00
-4.223849000000000409e+00 1.412922000000000011e+01 7.652874999999999872e+00 -7.742567000000000199e+00 -1.245761000000000074e+01 -1.254556999999999967e+01 -3.623194999999999943e+00 4.233959999999999724e+00 8.631150999999999129e+00 2.584842000000000084e+00 -2.004029000000000060e+00 2.650097999999999843e+00
-5.633397999999999683e+00 1.647688000000000130e+01 8.453818000000000055e+00 -1.030744999999999933e+01 -1.284506999999999977e+01 -8.763246999999999787e+00 -3.650577999999999879e+00 3.771631999999999874e+00 7.655530999999999864e+00 3.823650000000000215e+00 -3.773155000000000037e+00 4.608489999999999753e+00
-7.395493000000000094e+00 1.388612000000000002e+01 6.283939000000000163e+00 -8.869334999999999525e+00 -1.432850000000000001e+01 -8.758827999999999392e+00 -4.362509000000000192e+00 2.085608999999999824e+00 5.544470999999999705e+00 3.241915999999999798e+00 -3.710614999999999886e-01 4.913338000000000427e+00
-1.137767999999999979e+01 1.020151000000000074e+01 -1.133569000000000049e+00 -4.707606000000000179e+00 -8.026683000000000234e+00 -4.602502000000000315e+00 -6.443202000000000318e+00 -1.393164000000000069e+00 3.677655000000000118e+00 2.947344999999999882e+00 3.705840999999999941e+00 1.335698000000000052e+00
-1.272450000000000081e+01 8.656171999999999755e+00 -1.149099000000000093e+00 -4.185189000000000270e+00 -6.596650999999999598e+00 -5.573963000000000001e+00 -7.215305999999999997e+00 -3.453475000000000072e+00 4.181040999999999563e+00 5.804547999999999597e+00 4.815603000000000300e+00 1.155473999999999890e+00
-1.335444999999999993e+01 8.461491999999999791e+00 -1.791687000000000030e+00 -2.048315999999999804e+00 -7.229402999999999579e+00 -6.854095000000000049e+00 -8.441748999999999725e+00 -7.354737000000000080e+00 4.149030000000000218e-01 2.026781999999999861e+00 4.823482000000000269e+00 4.543942000000000370e+00
-1.423718000000000039e+01 8.038035999999999959e+00 -4.955637999999999987e-01 -2.434992999999999963e+00 -6.596983999999999959e+00 -6.400872999999999813e+00 -3.022143999999999942e+00 2.222586999999999868e+00 4.288941000000000336e+00 6.210895999999999972e+00 5.843732000000000149e+00 3.613211000000000173e+00
-1.453101000000000020e+01 8.135476999999999848e+00 -1.603034999999999988e+00 -5.417125000000000412e+00 -7.651570000000000427e+00 -5.111588000000000243e+00 -4.699206000000000216e+00 -1.274877000000000038e+00 4.131380000000000052e+00 3.410095999999999794e+00 5.429896000000000278e+00 6.836153999999999620e+00
-8.470176999999999623e+00 1.117350000000000065e+01 -1.264683000000000002e+00 -7.821565999999999796e+00 -8.823295999999999140e+00 9.115974000000000022e-01 2.545666999999999791e-01 4.861509999999999998e-01 5.818060000000000009e+00 -3.882566000000000184e+00 -3.686479999999999979e+00 1.753878000000000048e+00
-3.284289999999999932e+00 7.455809999999999604e+00 -7.430263000000000284e-01 -1.077360999999999969e+01 -1.241122000000000014e+01 1.234154999999999891e+00 4.106298999999999921e+00 5.525491000000000152e-01 1.723836999999999975e+01 -4.207602999999999760e+00 -1.318044000000000082e+01 7.062604999999999578e+00
-2.641500000000000181e+00 1.541733999999999938e+01 -9.090196000000000387e-01 -1.087071000000000076e+01 -9.897237999999999758e+00 -2.215510000000000090e+00 7.736271000000000342e+00 3.072975000000000012e+00 9.015800999999999732e+00 -1.833325000000000093e+00 -9.312825000000000131e+00 5.609054999999999458e-01
-1.795180999999999916e+00 1.587832000000000043e+01 -2.949460999999999888e-01 -1.204712999999999923e+01 -8.668445000000000178e+00 -1.435942999999999969e+00 7.795092000000000354e+00 2.598351000000000077e+00 1.073814999999999920e+01 -1.377984000000000098e+00 -1.059688000000000052e+01 -6.263151000000000135e-01
-7.377559000000000200e-01 1.519542000000000037e+01 -1.532767999999999908e+00 -1.451932000000000045e+01 -1.016289000000000087e+01 2.359636000000000067e+00 9.415699999999999292e+00 -1.355291999999999941e+00 1.043612000000000073e+01 -1.607712999999999948e+00 -9.742736000000000729e+00 1.467138000000000053e+00
-1.651216000000000017e+00 1.613714999999999833e+01 5.996865999999999586e-01 -1.453790000000000049e+01 -1.217528000000000077e+01 1.299487000000000059e+00 6.819819999999999993e+00 2.687584000000000084e-01 1.381986000000000026e+01 -1.020421999999999940e+00 -7.831776999999999767e+00 1.739818000000000087e+00
-2.041014999999999802e+00 1.539715999999999951e+01 1.418706000000000023e+00 -1.209995999999999938e+01 -8.910733000000000459e+00 -1.838667000000000051e+00 7.849855999999999945e+00 8.631450999999999985e-01 1.239864000000000033e+01 -1.428417000000000048e+00 -9.927118000000000109e+00 2.241292000000000062e+00
-2.647603999999999846e+00 1.640930000000000177e+01 2.445980000000000043e+00 -1.190258000000000038e+01 -8.892378000000000782e+00 -6.304946999999999635e-01 8.470852000000000714e+00 -2.207155999999999896e+00 1.235033999999999921e+01 -1.029068000000000094e+00 -1.094515999999999956e+01 2.937050999999999856e+00
-2.523843999999999976e+00 1.630440000000000111e+01 1.596665000000000001e+00 -1.068116000000000021e+01 -8.701150999999999414e+00 -1.208700000000000108e+00 8.965756000000000725e+00 -2.326672999999999991e+00 1.237607000000000035e+01 2.539978999999999987e-01 -1.151469999999999949e+01 2.712728999999999946e+00
-2.932586000000000137e+00 1.674621000000000137e+01 2.121885999999999939e+00 -1.254092999999999947e+01 -7.294145999999999574e+00 -8.356440000000000534e-01 7.408026000000000444e+00 -4.462972999999999857e+00 1.376116999999999990e+01 2.452068000000000136e+00 -1.179772999999999961e+01 2.754271000000000136e+00
-2.708431000000000033e+00 1.670041000000000153e+01 1.571970000000000089e+00 -1.199184999999999945e+01 -6.504208000000000212e+00 -2.100311000000000039e+00 7.384024000000000143e+00 -3.955642000000000102e+00 1.086456000000000088e+01 2.677268999999999899e+00 -8.649048000000000513e+00 2.378696999999999839e+00
-2.322420000000000151e+00 1.632960999999999885e+01 3.820112999999999981e-01 -1.136011000000000060e+01 -8.175859000000000876e+00 -3.662287000000000070e+00 9.950494000000000838e+00 -2.405120999999999842e+00 1.008803999999999945e+01 2.161613000000000007e+00 -9.472623000000000459e+00 2.698882999999999921e+00
-1.564921999999999924e+00 1.706616999999999962e+01 -1.976923999999999904e-01 -1.256367999999999974e+01 -8.422819999999999752e+00 -3.221058000000000199e+00 6.905683999999999934e+00 -1.515176000000000023e-01 1.175711000000000084e+01 3.251796999999999827e+00 -9.008357999999999421e+00 -1.705316000000000054e+00
-2.209816000000000003e+00 1.773676000000000030e+01 -2.559936999999999907e-01 -1.435740999999999978e+01 -7.500056999999999974e+00 -5.063931000000000182e+00 8.880905999999999523e+00 -1.832867000000000024e+00 1.352776000000000067e+01 3.809858000000000189e+00 -1.210755999999999943e+01 1.436249000000000109e+00
-1.780027000000000026e+00 1.713960000000000150e+01 5.054878999999999900e-01 -1.312032999999999916e+01 -9.316881999999999664e+00 -5.411106000000000193e+00 8.297770999999999120e+00 6.757547000000000414e-01 1.312143999999999977e+01 2.123324999999999907e+00 -1.074660000000000082e+01 8.661786000000000207e-01
-1.733932999999999947e+00 1.768571999999999989e+01 7.305464000000000402e-01 -1.231372000000000000e+01 -9.689657999999999660e+00 -7.101852000000000054e+00 6.675473000000000212e+00 1.276289000000000007e+00 1.473905000000000065e+01 4.657549000000000383e+00 -1.135396000000000072e+01 -2.400862000000000052e+00
-1.013899000000000106e+00 1.745493000000000094e+01 2.032884000000000080e-01 -1.236116999999999955e+01 -9.498431000000000068e+00 -7.422517000000000031e+00 4.982184000000000168e+00 5.336907000000000068e+00 1.134581999999999979e+01 4.478870999999999825e+00 -8.935235000000000483e+00 -2.764079000000000175e+00
-1.385807999999999929e+00 1.816909000000000063e+01 2.148617999999999917e+00 -1.228387999999999991e+01 -1.062010000000000076e+01 -7.365075000000000038e+00 3.298362000000000016e+00 5.447325000000000195e+00 1.080044999999999966e+01 4.552978000000000414e+00 -8.892685000000000173e+00 -1.646774000000000016e-01
-1.174911999999999956e+00 1.865952000000000055e+01 2.626485000000000181e+00 -1.073790999999999940e+01 -1.130591000000000079e+01 -7.181702999999999726e+00 1.003007999999999900e+00 4.455040999999999585e+00 8.571106000000000336e+00 5.082631000000000121e+00 -1.973141000000000034e+00 -1.991629000000000094e+00
-1.770345000000000057e+00 1.937046000000000134e+01 4.316969000000000278e+00 -9.989254999999999995e+00 -1.061743000000000059e+01 -1.092079000000000022e+01 3.066263000000000183e-01 2.343332999999999888e+00 9.531377000000000876e+00 7.075879999999999725e+00 -2.308810999999999947e+00 7.788359999999999728e-01
-1.754769999999999941e+00 1.909508999999999901e+01 5.229423999999999850e+00 -8.312188000000000798e+00 -1.142539000000000016e+01 -1.247677000000000014e+01 -1.958641000000000076e+00 3.475052999999999948e+00 8.829796999999999230e+00 7.300050999999999846e+00 -8.785074000000000494e-01 1.886382999999999921e+00
-1.365391000000000021e+00 2.003015999999999863e+01 5.141079999999999650e+00 -8.026521999999999935e+00 -1.405151000000000039e+01 -1.185247999999999990e+01 -1.899679999999999980e-01 2.343579000000000079e+00 7.294808999999999877e+00 6.433832999999999913e+00 1.859178999999999915e+00 1.901507999999999976e+00
-1.113874000000000031e+00 2.008019000000000176e+01 5.384470000000000312e+00 -8.528394000000000474e+00 -1.401779999999999937e+01 -1.014911000000000030e+01 -3.669507999999999992e+00 3.328730999999999884e+00 6.534087000000000423e+00 5.384819000000000244e+00 4.654543999999999571e+00 1.454995999999999956e+00
-1.342028999999999916e+00 2.031905000000000072e+01 5.781376999999999988e+00 -5.351333999999999591e+00 -1.188292999999999999e+01 -1.273304000000000080e+01 -5.224196000000000062e+00 8.343726000000000198e-01 7.348533999999999899e+00 6.259477000000000402e+00 4.770215999999999568e+00 3.834098999999999841e-02
-2.137833999999999790e+00 1.919152000000000058e+01 7.644473999999999769e+00 -3.615079000000000153e+00 -1.169670999999999950e+01 -1.199639999999999951e+01 -7.359314999999999607e+00 6.292758999999999991e-01 6.068623999999999796e+00 5.708003999999999856e+00 6.212496999999999936e+00 8.421062000000000269e-01
-2.176982000000000195e+00 2.067673999999999879e+01 6.416071999999999775e+00 -6.146944000000000408e+00 -1.127421000000000006e+01 -1.177388999999999974e+01 -6.612565000000000026e+00 2.291690000000000005e+00 6.712417000000000300e+00 3.625210000000000043e+00 3.069484000000000101e+00 9.697116000000000069e-01
-2.566149999999999931e+00 1.967670999999999992e+01 8.011594000000000548e+00 -4.004691000000000223e+00 -1.267420000000000080e+01 -1.203805999999999976e+01 -7.219700999999999702e+00 1.370230999999999977e+00 6.497969999999999580e+00 4.122956000000000287e+00 1.878090000000000037e+00 5.476976000000000067e-01
-3.089811000000000085e+00 1.929722999999999900e+01 8.009047999999999945e+00 -2.912408000000000108e+00 -1.078228999999999971e+01 -1.363664999999999949e+01 -6.190002999999999922e+00 1.304078000000000070e+00 4.145374999999999588e+00 5.414666999999999675e+00 2.093045000000000044e+00 1.041290000000000049e+00
-2.983731999999999829e+00 1.879347999999999885e+01 7.585918000000000383e+00 -3.620703999999999922e+00 -1.093479999999999919e+01 -1.284572000000000003e+01 -5.351640999999999870e+00 1.702466999999999953e+00 2.355307999999999957e+00 4.390355999999999703e+00 3.361345000000000027e+00 2.325865999999999989e+00
-4.143658000000000285e+00 1.779062000000000054e+01 9.908296999999999244e+00 -1.124058000000000002e+00 -1.150848000000000049e+01 -1.478138000000000041e+01 -7.132821999999999996e+00 1.140541999999999945e+00 4.708806000000000047e+00 2.559111000000000136e+00 3.942543999999999826e+00 5.239275000000000126e+00
-3.521494999999999820e+00 1.916610000000000014e+01 8.440324999999999633e+00 1.591663999999999926e-02 -1.228608000000000011e+01 -1.521787999999999919e+01 -7.339369999999999727e+00 5.156612000000000418e-01 1.784653999999999963e+00 4.250172000000000061e+00 4.799843000000000082e+00 3.740603000000000122e+00
-3.315018999999999938e+00 1.847493000000000052e+01 7.424507000000000190e+00 -1.203302000000000094e+00 -1.137766000000000055e+01 -1.375436999999999976e+01 -9.360566000000000386e+00 -4.771145999999999998e-01 4.525961999999999819e+00 5.790344000000000158e+00 6.701662999999999926e+00 6.878718999999999806e-01
-3.790271000000000168e+00 1.875636000000000081e+01 7.813266999999999740e+00 -1.793466999999999922e+00 -1.158858000000000033e+01 -1.313039999999999985e+01 -1.171035000000000004e+01 1.138292999999999944e-01 6.446953999999999851e+00 6.165198000000000178e+00 3.509166000000000007e+00 -1.333618000000000026e-01
-5.203397999999999968e+00 1.879186999999999941e+01 8.010066000000000130e+00 3.967236000000000096e-01 -7.966611000000000331e+00 -1.098800999999999917e+01 -1.220321999999999996e+01 -3.552087999999999912e+00 1.307905000000000095e+00 5.125447000000000308e+00 7.474808000000000341e+00 2.995633999999999908e+00
-4.734880999999999673e+00 1.710711999999999833e+01 7.369514999999999816e+00 1.389952000000000076e+00 -1.207081999999999944e+01 -1.545458999999999961e+01 -1.067355000000000054e+01 -2.855796999999999849e-02 2.271335000000000104e+00 3.595978999999999814e+00 4.769586000000000325e+00 2.170738000000000112e-01
