-7.061879000000000239e+00 1.631831000000000031e+01 1.474183000000000021e+01 2.453335000000000099e-01 4.847343000000000401e+00 -2.087267000000000206e+00 -7.509110999999999869e+00 3.097201000000000093e+00 -1.252856000000000058e+01 -5.739378999999999564e+00 2.718281999999999865e+00 -8.809825000000000017e+00
-7.926238999999999812e+00 1.322699000000000069e+01 1.482713000000000036e+01 -4.037350000000000105e-01 6.925195999999999685e+00 6.932998000000000216e-01 -8.674466999999999928e+00 2.730503000000000124e+00 -1.448043999999999976e+01 -8.307582999999999274e+00 4.694395000000000095e+00 -7.993392000000000053e+00
-7.772338999999999665e+00 1.400206000000000017e+01 1.477802999999999933e+01 -1.693200999999999956e+00 8.643893000000000271e+00 1.467375000000000096e+00 -7.876123999999999903e+00 4.285511999999999766e+00 -1.602915000000000134e+01 -1.061983000000000033e+01 4.134726999999999819e+00 -8.133943999999999619e+00
-7.763243000000000116e+00 1.473934000000000033e+01 1.514755000000000074e+01 -8.374257000000000228e-02 8.540998000000000090e+00 7.270444999999999824e-01 -8.692332999999999643e+00 3.433196999999999832e+00 -1.603905999999999921e+01 -1.022931999999999952e+01 3.087708999999999815e+00 -6.801167000000000407e+00
-8.048762999999999224e+00 1.616683000000000092e+01 1.559089999999999954e+01 -5.536153000000000324e-01 8.100467999999999336e+00 3.444085000000000063e-01 -9.521302000000000376e+00 6.012627000000000166e+00 -1.488630999999999993e+01 -9.135474000000000316e+00 4.320821999999999719e+00 -8.678395999999999333e+00
-7.681373999999999924e+00 1.589977000000000018e+01 1.504827000000000048e+01 -4.275849000000000011e+00 8.237007999999999441e+00 2.081822999999999979e+00 -8.921523999999999788e+00 6.544945000000000235e+00 -1.451512999999999920e+01 -9.247388000000000829e+00 5.052767000000000230e+00 -7.967994000000000021e+00
-7.535085999999999729e+00 1.581110999999999933e+01 1.408164999999999978e+01 -3.263847999999999860e+00 8.731920999999999822e+00 8.854980999999999547e-01 -9.067512999999999934e+00 5.310796999999999990e+00 -1.398493000000000031e+01 -7.959730999999999668e+00 6.020094000000000278e+00 -8.064899999999999736e+00
-7.612684999999999924e+00 1.518017000000000039e+01 1.484900000000000020e+01 -3.764686999999999895e+00 7.263222999999999985e+00 -6.142357999999999985e-01 -7.194163999999999781e+00 4.665182999999999858e+00 -1.540210000000000079e+01 -8.418179000000000300e+00 4.183093000000000394e+00 -8.128517999999999688e+00
-6.963674000000000142e+00 1.520302000000000042e+01 1.437589999999999968e+01 -3.676740999999999815e+00 5.088735999999999926e+00 1.017249000000000070e+00 -8.341143999999999892e+00 4.772858000000000267e+00 -1.502326000000000050e+01 -9.360616999999999521e+00 3.953466999999999842e+00 -8.100901999999999603e+00
-7.551609000000000016e+00 1.490386999999999951e+01 1.491638000000000019e+01 -5.754832999999999643e+00 5.258141000000000176e+00 1.896959999999999980e+00 -7.159964000000000439e+00 6.210029999999999717e+00 -1.374076999999999948e+01 -9.812744999999999607e+00 2.228168999999999844e+00 -7.402333999999999747e+00
-7.725557000000000230e+00 1.533492000000000033e+01 1.453932999999999964e+01 -5.777542999999999651e+00 5.491316999999999560e+00 2.886562999999999768e-01 -8.144621000000000777e+00 6.534783000000000008e+00 -1.081316999999999950e+01 -1.062641999999999953e+01 1.610460999999999920e+00 -6.392087000000000074e+00
-7.243439000000000405e+00 1.546301000000000059e+01 1.293652999999999942e+01 -3.256828000000000056e+00 5.121599999999999930e+00 -1.387723999999999958e+00 -8.164018000000000441e+00 4.174809999999999910e+00 -9.031570000000000320e+00 -8.374729999999999563e+00 3.750450000000000172e-01 -7.542145999999999795e+00
-7.455630000000000202e+00 1.538331999999999944e+01 1.470276999999999923e+01 -4.684200999999999837e+00 4.157594999999999708e+00 -1.718423000000000034e+00 -9.841354000000000823e+00 3.648546000000000067e+00 -8.130632999999999555e+00 -9.015662000000000731e+00 1.421370999999999940e+00 -7.453376999999999697e+00
-7.435952000000000339e+00 1.688206999999999880e+01 1.448127000000000031e+01 -4.429033000000000442e+00 9.850660999999999445e-01 -4.094052999999999720e+00 -7.895520999999999567e+00 3.562710000000000043e+00 -7.104015000000000413e+00 -8.226478999999999431e+00 1.193941000000000030e-01 -8.008679000000000769e+00
-7.733354000000000283e+00 1.700009999999999977e+01 1.412500999999999962e+01 -5.665236000000000161e+00 -7.633655999999999775e-01 -5.111089999999999911e+00 -5.492835999999999608e+00 3.083579999999999988e+00 -7.062572000000000294e+00 -7.915492999999999668e+00 -2.698064000000000018e+00 -7.755193000000000225e+00
-7.180506000000000277e+00 1.672624000000000066e+01 1.363507000000000069e+01 -5.801490000000000258e+00 -5.716601999999999517e-01 -8.236147000000000773e+00 -6.512203999999999660e+00 4.099567999999999657e+00 -4.901672999999999725e+00 -9.176553999999999434e+00 -5.019880999999999815e+00 -6.265590999999999688e+00
-6.131987999999999772e+00 1.760682999999999865e+01 1.189786999999999928e+01 -7.228862999999999595e+00 -1.988715000000000011e+00 -8.215313000000000088e+00 -8.230885999999999925e+00 6.510782999999999987e+00 -6.765712999999999866e+00 -9.089392999999999390e+00 -5.574481999999999715e+00 -7.705630000000000202e+00
-5.709832999999999714e+00 1.783010000000000161e+01 1.130901000000000067e+01 -6.035187999999999775e+00 -4.680416000000000132e+00 -1.025056000000000012e+01 -6.076279999999999681e+00 4.424970000000000070e+00 -7.172036000000000300e+00 -9.295313000000000159e+00 -2.632883999999999780e+00 -5.215150999999999648e+00
-4.902095000000000091e+00 1.661854999999999905e+01 1.097209999999999930e+01 -7.036455000000000126e+00 -4.951933000000000362e+00 -1.381723000000000035e+01 -5.898642999999999859e+00 6.275542999999999871e+00 -7.411234999999999573e+00 -6.249175000000000146e+00 -2.229140000000000121e+00 -6.732370999999999661e+00
-3.892190999999999956e+00 1.583422999999999981e+01 9.065018000000000242e+00 -6.061200000000000365e+00 -6.791914000000000229e+00 -1.714799000000000007e+01 -2.780819000000000152e+00 6.851536000000000293e+00 -6.526062999999999725e+00 -2.725630999999999915e+00 -2.062621000000000038e+00 -5.823469000000000229e+00
-3.197696000000000094e+00 1.644448999999999828e+01 7.055786000000000335e+00 -5.742034000000000304e+00 -8.964444999999999553e+00 -1.498656000000000077e+01 -2.265264999999999862e+00 6.894994999999999763e+00 -4.600310000000000343e+00 -4.676231000000000138e-01 2.649539000000000200e-01 -6.652725000000000222e+00
-2.627583000000000002e+00 1.732208999999999932e+01 5.821790000000000020e+00 -5.912558999999999898e+00 -8.423367000000000715e+00 -1.601680999999999955e+01 -3.863481999999999861e+00 7.589906000000000041e+00 -1.979932999999999943e+00 -1.405741000000000074e-01 -2.355231000000000130e-01 -5.037612000000000201e+00
-2.723003999999999980e+00 1.713988000000000156e+01 5.931821000000000232e+00 -5.915035999999999738e+00 -7.969533000000000200e+00 -1.657696999999999932e+01 -1.316850999999999994e+00 7.803308999999999607e+00 -1.365493999999999986e+00 2.957544999999999757e-01 -1.056599999999999984e+00 -2.141506000000000132e+00
-2.274116999999999944e+00 1.847137000000000029e+01 6.456171000000000326e+00 -6.808950000000000280e+00 -1.238618999999999915e+01 -1.518257999999999974e+01 -7.926191000000000209e-01 5.697386999999999979e+00 -4.492404999999999871e-01 6.438694999999999835e-01 -1.197554000000000007e+00 -3.210932000000000119e+00
-2.055241999999999791e+00 1.890052000000000021e+01 7.481932999999999723e+00 -6.211905999999999928e+00 -1.206772999999999918e+01 -1.592788999999999966e+01 -3.572525999999999868e+00 6.244191999999999965e+00 2.608992000000000200e+00 1.244512999999999980e+00 -3.496570000000000178e+00 -2.030298000000000158e+00
-1.766936999999999980e+00 1.865956999999999866e+01 5.475567999999999991e+00 -5.328726999999999769e+00 -1.136076000000000086e+01 -1.539325999999999972e+01 -1.315318999999999905e+00 6.733050999999999675e+00 8.264869000000000243e-01 -6.919754999999999656e-01 -1.179588999999999999e+00 2.782038000000000011e-01
-1.499424000000000090e+00 1.823505000000000109e+01 5.215722999999999665e+00 -5.800252000000000407e+00 -1.084745999999999988e+01 -1.389733999999999980e+01 -5.322856999999999950e+00 5.821062000000000403e+00 2.434210000000000207e+00 1.172098000000000084e+00 1.028221999999999969e+00 -2.415458999999999801e+00
-2.477768000000000193e+00 1.779964999999999975e+01 6.307072999999999929e+00 -5.962932000000000343e+00 -1.116515000000000057e+01 -1.499243000000000059e+01 -3.814989999999999881e+00 8.685028000000000858e+00 2.475203000000000042e+00 -3.272711999999999843e-01 -2.545824999999999783e+00 -1.411375999999999964e+00
-1.886492000000000058e+00 1.742924000000000007e+01 6.243276999999999965e+00 -6.879967999999999861e+00 -1.308416000000000068e+01 -1.466056000000000026e+01 -1.942150999999999961e+00 9.176914000000000016e+00 4.471680000000000099e+00 2.526113000000000053e+00 -3.339264000000000010e+00 -2.437650999999999790e+00
-2.632410000000000139e+00 1.708467999999999876e+01 6.934644999999999726e+00 -8.683899000000000257e+00 -1.047109000000000023e+01 -1.169131999999999927e+01 -5.711819000000000202e+00 9.908364999999999867e+00 6.148774999999999658e+00 1.607636999999999983e+00 -2.356735000000000024e+00 -2.470447000000000060e+00
-2.571518999999999888e+00 1.822689000000000092e+01 5.636492999999999753e+00 -8.692569999999999908e+00 -1.016827999999999932e+01 -1.483486000000000082e+01 -3.869097000000000008e+00 9.688477000000000672e+00 7.609194999999999709e+00 3.716603000000000101e+00 -3.308402000000000065e+00 -3.269865999999999939e+00
-2.353572999999999915e+00 1.762424000000000035e+01 5.422882000000000424e+00 -8.901080999999999577e+00 -9.845900000000000318e+00 -1.357280000000000086e+01 -6.796013000000000304e+00 1.038705999999999996e+01 5.862276999999999738e+00 4.351478000000000179e+00 2.062232999999999983e-01 -5.046981999999999857e+00
-2.832162999999999986e+00 1.359820999999999991e+01 7.162232999999999628e+00 -6.076889999999999681e+00 -1.370700000000000074e+01 -1.368577999999999939e+01 -5.344295999999999935e+00 1.231742000000000026e+01 7.132598999999999911e+00 9.817147999999999985e-01 6.631706000000000545e-01 -3.693493999999999833e+00
-4.893369999999999997e+00 1.175516999999999967e+01 9.354969999999999786e+00 -6.245351000000000319e+00 -1.304034000000000049e+01 -1.358629999999999960e+01 -4.705212999999999646e+00 1.106662000000000035e+01 5.992011999999999894e+00 -3.583434999999999815e-01 -1.407832999999999890e+00 1.060855000000000103e+00
-4.732230999999999632e+00 1.523945999999999934e+01 6.779096000000000011e+00 -4.630524999999999558e+00 -1.057906999999999975e+01 -1.161092000000000013e+01 -6.719955999999999818e+00 5.498687000000000324e+00 5.611816000000000138e+00 1.724815999999999905e+00 -7.130770999999999638e-02 -3.372255999999999865e-02
-3.896831999999999852e+00 1.655136999999999858e+01 4.739041000000000281e+00 -5.032269999999999577e+00 -1.164988999999999919e+01 -1.211678999999999995e+01 -3.055950999999999862e+00 6.394027999999999601e+00 4.946023000000000280e+00 4.217183000000000348e+00 1.850219999999999976e+00 -2.828977000000000075e+00
-5.499126999999999654e+00 1.528079999999999927e+01 3.839080000000000048e+00 -5.207336999999999883e+00 -9.936666000000000665e+00 -7.343231000000000286e+00 -2.094265000000000043e+00 4.558156999999999570e+00 8.380848000000000297e+00 2.963757999999999893e+00 -7.995674999999999866e-01 -7.224262000000000183e-01
-6.454636999999999958e+00 1.223870999999999931e+01 3.044131999999999838e+00 -6.059548999999999630e+00 -1.002039000000000080e+01 -6.348787999999999876e+00 -3.131498000000000115e+00 8.880701999999999430e+00 9.151600000000000179e+00 -9.000019000000000213e-01 -2.950721000000000149e+00 -2.605780999999999792e-01
-7.843998000000000026e+00 1.211387999999999998e+01 1.323776999999999981e+00 -7.265609999999999680e+00 -8.772740000000000649e+00 -6.200605000000000366e+00 -3.587328999999999990e+00 8.503192999999999557e+00 8.240301000000000542e+00 -3.417120000000000157e+00 -3.313238000000000127e+00 -2.212274999999999991e+00
-8.207675000000000054e+00 1.213481999999999950e+01 2.641283000000000047e+00 -6.469965000000000188e+00 -6.311867999999999590e+00 -1.016237999999999975e+00 -6.343798000000000492e-01 5.208745000000000402e+00 9.134031000000000233e+00 -3.340755999999999837e+00 -1.918442999999999898e+00 1.727119999999999989e+00
-5.659709000000000323e+00 1.325799999999999912e+01 3.117248000000000019e+00 -9.004305000000000447e+00 -8.439406999999999215e+00 -3.577317999999999998e+00 2.383907000000000220e+00 8.466219999999999857e+00 1.053814000000000028e+01 -3.280981999999999843e+00 -3.739093000000000000e+00 1.150611000000000050e+00
-3.740890999999999966e+00 1.074268000000000001e+01 -4.964012000000000285e-02 -9.415133000000000862e+00 -7.067344000000000293e+00 -8.765644000000000213e-01 3.339468000000000103e+00 7.761147000000000240e+00 1.000299000000000049e+01 -3.352606000000000197e+00 -4.912554000000000087e+00 3.049786000000000108e+00
-2.005489999999999995e+00 1.237142000000000053e+01 3.653955999999999871e-01 -1.239994000000000085e+01 -9.218356999999999246e+00 -9.106026000000000398e-01 2.698853999999999864e+00 7.634877999999999609e+00 9.384942000000000561e+00 -3.924547000000000008e+00 -4.458600999999999814e+00 1.101541000000000103e+00
-2.214154000000000178e+00 1.334991999999999912e+01 1.470366000000000062e+00 -1.479636999999999958e+01 -5.825561999999999685e+00 -3.815436999999999856e-01 3.465038999999999980e+00 5.364201999999999693e+00 9.220520999999999745e+00 -4.334543000000000035e+00 -7.314752000000000365e+00 4.542347000000000357e+00
-2.447322999999999915e+00 1.303797999999999924e+01 -4.080475000000000074e-01 -1.454904999999999937e+01 -5.989489999999999981e+00 -1.505096999999999907e+00 5.525723000000000162e+00 4.936531999999999698e+00 1.047912999999999961e+01 -2.088121999999999812e+00 -8.375358000000000303e+00 3.054717999999999822e+00
-2.896024999999999849e+00 1.441435000000000066e+01 1.042426999999999992e+00 -1.138917999999999964e+01 -5.727754000000000012e+00 -4.887201000000000128e+00 4.109225999999999601e+00 6.486784000000000106e+00 9.484045000000000059e+00 -1.726841000000000070e+00 -4.538520000000000110e+00 5.918560999999999961e-01
-2.827151000000000192e+00 1.419106999999999985e+01 2.752029999999999976e+00 -1.146308999999999934e+01 -8.348248999999999143e+00 -4.676516000000000339e+00 5.695701999999999821e+00 6.155327999999999911e+00 1.128276999999999930e+01 -3.677547999999999817e+00 -5.416484999999999772e+00 2.581033999999999828e+00
-2.857781999999999822e+00 1.362186999999999948e+01 1.987546999999999953e+00 -1.189126000000000083e+01 -7.421412000000000120e+00 -4.402449999999999974e+00 5.298061999999999827e+00 4.986259999999999692e+00 1.348196000000000083e+01 -5.359929000000000165e+00 -7.426916000000000295e+00 3.926384999999999792e+00
-2.291009999999999991e+00 1.222375000000000078e+01 1.314100000000000046e+00 -1.227607000000000070e+01 -6.874856000000000300e+00 -2.017723999999999851e+00 1.711645000000000083e+00 4.426916000000000295e+00 1.298733999999999966e+01 -6.094866999999999813e+00 -5.512988000000000000e+00 5.516346000000000416e+00
-2.436370000000000147e+00 1.208669000000000082e+01 1.928052000000000099e+00 -1.309773000000000032e+01 -6.380334000000000394e+00 -1.743071000000000037e+00 2.700896000000000186e+00 4.506050000000000111e+00 9.298902999999999253e+00 -4.889630999999999617e+00 -5.589222000000000357e+00 5.549141999999999797e+00
-2.883957999999999799e+00 1.180358000000000018e+01 1.941670999999999925e+00 -1.173601000000000028e+01 -5.524310999999999972e+00 -3.545040000000000191e+00 2.667206000000000188e+00 5.771981000000000250e+00 8.045699000000000822e+00 -5.992434000000000260e+00 -4.963223000000000162e+00 5.021702999999999584e+00
-3.228327999999999864e+00 1.170295999999999914e+01 3.681022000000000016e+00 -1.290615000000000023e+01 -5.976580000000000226e+00 -2.802655999999999814e+00 2.389521999999999924e+00 5.482471000000000316e+00 6.677175000000000082e+00 -3.561421999999999866e+00 -3.076242999999999839e+00 6.165350000000000108e+00
-3.520903000000000116e+00 1.083813999999999922e+01 5.112142999999999660e+00 -1.061500000000000021e+01 -8.626027000000000555e+00 -4.400102999999999653e+00 1.227228999999999903e+00 8.985782000000000380e+00 9.300254000000000687e+00 -1.096479000000000070e+01 6.705406999999999895e-01 6.929261999999999588e+00
-3.656423000000000201e+00 1.187618999999999936e+01 4.911434999999999995e+00 -1.030326999999999948e+01 -9.376025000000000276e+00 -5.082626999999999562e+00 1.129180000000000045e-01 8.855620999999999299e+00 9.543957999999999942e+00 -8.645690999999999349e+00 -4.616935999999999818e-01 5.136857000000000006e+00
-4.004876999999999576e+00 1.140272000000000041e+01 5.739355999999999902e+00 -9.278465999999999880e+00 -6.594339999999999868e+00 -8.789854000000000056e+00 3.222021999999999942e-01 9.132158000000000442e+00 6.146973000000000020e+00 -8.163543999999999912e+00 7.175251999999999741e-01 6.375192000000000192e+00
-4.268862999999999630e+00 1.329851999999999990e+01 5.601727000000000345e+00 -8.780103999999999687e+00 -5.257880000000000109e+00 -9.724729999999999208e+00 -9.585580000000000489e-02 6.735646000000000022e+00 4.493752999999999886e+00 -8.106139000000000649e+00 1.052866000000000080e+00 7.349683999999999884e+00
-4.482167999999999708e+00 1.378613000000000000e+01 8.361465000000000813e+00 -6.687560000000000393e+00 -7.693321000000000076e+00 -1.252261000000000024e+01 4.094460999999999934e-02 8.326546000000000447e+00 3.186493000000000020e+00 -7.730112000000000094e+00 3.348886999999999947e+00 5.198255999999999766e+00
-5.101105999999999696e+00 1.353375999999999912e+01 8.872194999999999609e+00 -4.882390000000000008e+00 -6.120944999999999858e+00 -1.354757000000000033e+01 -1.776764999999999928e+00 9.639179000000000386e+00 2.422047000000000061e+00 -9.551000999999999408e+00 2.355993999999999922e+00 6.346095000000000041e+00
-5.519362000000000101e+00 1.377252999999999972e+01 1.005457999999999963e+01 -5.359694000000000180e+00 -6.597470000000000390e+00 -1.108038999999999952e+01 3.114869999999999806e+00 6.490027000000000434e+00 -4.156597999999999793e+00 -1.031254000000000026e+01 1.569465000000000110e+00 7.044169000000000125e+00
-5.741763999999999868e+00 1.465041000000000082e+01 1.030475000000000030e+01 -6.172269000000000005e+00 -3.202328000000000063e+00 -1.008712000000000053e+01 2.728460000000000107e+00 4.551022999999999818e+00 -5.383224000000000231e+00 -9.451726999999999990e+00 7.698070000000000190e-01 3.588074999999999903e+00
-5.966949999999999754e+00 1.455222999999999978e+01 1.103339000000000070e+01 -7.218541000000000096e+00 -2.940592000000000095e+00 -9.181879999999999598e+00 7.989619000000000026e-01 5.072962000000000415e+00 -5.934148000000000422e+00 -7.143688000000000038e+00 2.625004000000000115e+00 3.199708000000000219e+00
-5.651912000000000269e+00 1.468929999999999936e+01 1.007895000000000074e+01 -6.777982999999999869e+00 -6.710340000000000193e-01 -8.064781999999999229e+00 2.611566999999999972e+00 3.248982999999999954e+00 -7.593675000000000175e+00 -3.816847000000000101e+00 -3.470543999999999851e+00 2.404766999999999877e-01
-6.104884000000000199e+00 1.522831000000000046e+01 9.484714000000000311e+00 -7.482378999999999891e+00 -1.190007000000000009e-01 -2.094603000000000215e+00 4.254192999999999891e+00 3.699139999999999873e+00 -1.214115999999999929e+01 -5.812057000000000251e+00 -3.466397999999999868e+00 -1.233098000000000027e+00
-6.894613999999999798e+00 1.575372999999999912e+01 1.123015999999999970e+01 -6.496802999999999884e+00 2.049227000000000132e+00 -3.958779999999999966e+00 3.465549000000000213e+00 2.970715999999999912e+00 -1.309164999999999957e+01 -4.773241999999999763e+00 -5.622157999999999767e+00 -1.093285999999999980e+00
-6.752038999999999902e+00 1.627506999999999948e+01 1.137101000000000006e+01 -4.674704000000000192e+00 2.184985999999999873e+00 -6.614345000000000141e+00 1.029684999999999961e+00 4.950369000000000241e+00 -1.090642000000000067e+01 -5.788357000000000419e+00 -9.073444999999999538e+00 -1.195331000000000032e-01
-6.693004000000000175e+00 1.644313000000000002e+01 1.119646999999999970e+01 -3.775834999999999830e+00 2.319570999999999827e+00 -5.409216999999999942e+00 1.496703000000000061e-01 2.003808999999999951e+00 -1.118256000000000050e+01 -5.810213000000000072e+00 -7.595506999999999564e+00 7.496686999999999657e-01
-7.055566999999999922e+00 1.691090000000000160e+01 1.255770000000000053e+01 -3.115206000000000142e+00 3.532206999999999986e-01 -4.853163000000000338e+00 7.070809999999999595e-01 1.444679999999999964e+00 -1.144158000000000008e+01 -6.440349000000000323e+00 -5.799271000000000065e+00 -2.196453999999999906e-01
-7.227102999999999611e+00 1.662208000000000041e+01 1.411462000000000039e+01 -3.106535000000000046e+00 1.801965999999999957e+00 -6.138397000000000325e+00 -1.615463000000000093e+00 2.641531999999999769e-01 -1.174159000000000042e+01 -6.139631999999999756e+00 -4.063378000000000156e+00 -2.446280999999999928e+00
-8.139915000000000234e+00 1.765305999999999997e+01 1.602708000000000155e+01 -3.399688999999999961e+00 8.215295999999999710e-01 -4.600223999999999869e+00 -1.975840999999999958e+00 1.364249000000000045e+00 -1.126454000000000022e+01 -7.647427999999999670e+00 -5.150009999999999977e+00 -4.457612000000000241e-01
-7.876857000000000220e+00 1.789429000000000158e+01 1.542997000000000085e+01 -3.681283000000000083e+00 1.490933999999999982e+00 -2.150649000000000033e+00 -4.080422999999999689e+00 7.182018999999999487e-01 -9.602315000000000822e+00 -8.227005000000000123e+00 -5.621697000000000166e+00 -2.685465999999999909e+00
-7.285765999999999742e+00 1.676404000000000138e+01 1.548159000000000063e+01 -3.124702000000000091e+00 1.307444000000000051e+00 -2.971086000000000116e+00 -5.806763000000000119e+00 -5.209188000000000152e-01 -8.595067000000000235e+00 -7.193457000000000434e+00 -6.042253999999999792e+00 -2.658342000000000205e+00
-7.586880999999999986e+00 1.654592999999999847e+01 1.466333999999999982e+01 -2.976061000000000067e+00 2.494453000000000031e+00 -2.262153000000000080e+00 -4.853754000000000346e+00 4.384214000000000167e-01 -8.274333000000000382e+00 -1.017561000000000071e+01 -7.128885999999999612e+00 -1.310030999999999946e+00
-7.962438999999999822e+00 1.754345999999999961e+01 1.541850999999999949e+01 -2.201473000000000013e+00 1.704547999999999952e+00 -1.387723999999999958e+00 -4.825168999999999819e+00 -5.189728999999999592e-01 -8.638761999999999830e+00 -9.544416999999999263e+00 -5.286586999999999925e+00 5.851984000000000075e-01
-7.209837000000000273e+00 1.654838000000000164e+01 1.514467999999999925e+01 3.464923999999999782e-01 2.366127999999999787e+00 -3.449675000000000047e+00 -7.124232000000000120e+00 1.103494999999999893e+00 -7.844585000000000363e+00 -1.021352000000000082e+01 -2.885311000000000181e+00 -9.386786999999999770e-01
-7.331063000000000329e+00 1.668653000000000119e+01 1.455294999999999916e+01 3.663113000000000063e-01 4.097736000000000267e+00 -3.494863000000000053e+00 -7.640297000000000338e+00 -1.851388999999999951e-01 -8.950485999999999720e+00 -1.027566999999999986e+01 -1.544180000000000108e+00 -2.373993000000000075e-01
-7.593378999999999657e+00 1.650703999999999994e+01 1.519414000000000087e+01 4.988500000000000156e-01 3.612604000000000148e+00 -2.856354000000000060e+00 -7.746980999999999895e+00 -1.398314000000000057e+00 -8.381994999999999862e+00 -9.271876000000000673e+00 -2.881394999999999929e+00 -1.681877000000000066e+00
-7.363551000000000180e+00 1.614887999999999835e+01 1.476298000000000066e+01 7.919772000000000270e-03 2.515970999999999957e+00 -1.204916000000000098e+00 -7.903177999999999592e+00 -1.851930000000000076e+00 -9.109951999999999828e+00 -1.176160999999999923e+01 -1.839215000000000044e+00 1.077868999999999966e+00
-7.045728000000000435e+00 1.491011999999999915e+01 1.453897000000000084e+01 -7.300734000000000390e-02 3.572306999999999899e+00 2.660620000000000207e-01 -1.033342999999999989e+01 -9.133466000000000085e-01 -8.504972000000000421e+00 -1.241070000000000029e+01 -7.986461999999999728e-01 -2.288962000000000163e+00
-7.565159999999999663e+00 1.566751999999999967e+01 1.551276999999999973e+01 -1.495012000000000008e+00 3.624340999999999813e+00 -1.899764000000000008e+00 -1.275550999999999924e+01 3.437521999999999966e+00 -8.846878999999999493e+00 -1.290522999999999954e+01 -4.874890000000000057e-01 -1.899361999999999995e+00
-7.057424000000000142e+00 1.444617000000000040e+01 1.557512999999999970e+01 6.861509999999999831e-02 2.270665999999999851e+00 -2.655940000000000190e+00 -1.185966999999999949e+01 2.033430000000000071e+00 -7.824315000000000353e+00 -1.056217000000000006e+01 -1.739257000000000053e+00 -2.132136000000000031e+00
-7.586694999999999744e+00 1.412308999999999948e+01 1.600987999999999900e+01 3.700425000000000075e+00 3.985059999999999825e+00 -5.614033000000000051e+00 -1.465183000000000035e+01 -2.452463000000000004e-01 -7.001758999999999844e+00 -7.128678999999999988e+00 -5.558929000000000231e-01 -2.499049999999999994e+00
-7.788490000000000357e+00 1.271626000000000012e+01 1.632420000000000115e+01 2.963410999999999795e+00 3.670116000000000156e+00 -9.173956999999999695e+00 -1.319654000000000060e+01 2.572233999999999909e+00 -3.556573999999999902e+00 -8.037675000000000125e+00 -4.940421999999999869e+00 -2.144464999999999844e+00
-7.842698999999999643e+00 1.067305999999999955e+01 1.646755999999999887e+01 8.093458000000000041e-01 5.188500999999999586e+00 -1.161180000000000057e+01 -1.634498999999999924e+01 5.229716999999999949e+00 -2.208321000000000200e+00 -6.978321000000000218e+00 3.105565000000000131e-01 -3.385759000000000185e+00
-7.354824999999999946e+00 9.176221999999999213e+00 1.571527000000000029e+01 1.398131999999999930e+00 4.075045000000000250e+00 -1.103431999999999924e+01 -1.871347000000000094e+01 6.346027999999999558e+00 1.705351000000000061e+00 -4.629466999999999999e+00 7.822440000000000504e-01 -5.752167999999999726e-01
-7.215220999999999663e+00 7.922780999999999629e+00 1.434901999999999944e+01 2.467525999999999886e+00 4.328173999999999744e+00 -1.298154000000000075e+01 -2.255970999999999904e+01 4.941504000000000119e+00 6.807360000000000078e+00 -1.978841999999999990e+00 -1.079631999999999925e+00 9.228086000000000622e-02
-7.246781000000000361e+00 6.329667999999999850e+00 1.411749000000000009e+01 1.105803000000000091e+00 7.074256000000000100e+00 -1.423859999999999992e+01 -2.589753999999999934e+01 3.174821999999999811e+00 6.819072000000000244e+00 1.425680000000000058e+00 -1.518154000000000003e+00 -6.837128999999999568e-01
-7.996782999999999753e+00 5.930982000000000198e+00 1.540667999999999971e+01 -1.238193000000000099e+00 7.340296999999999628e+00 -1.438824999999999932e+01 -2.429114999999999824e+01 2.996662000000000159e+00 5.691099000000000352e+00 -6.368337999999999777e-02 2.161269000000000107e-01 -5.409418000000000282e-01
-8.269493999999999900e+00 5.709337999999999802e+00 1.396230000000000082e+01 -2.298916000000000182e+00 7.045304999999999929e+00 -1.296832999999999991e+01 -2.296193999999999846e+01 1.529652000000000012e+00 7.546128999999999643e+00 -4.523502999999999830e-01 9.153668000000000360e-01 -1.174164999999999903e+00
-8.376239999999999242e+00 4.727307999999999844e+00 1.417340000000000089e+01 -1.643653999999999948e+00 1.114428000000000019e+01 -1.365614000000000061e+01 -2.701134000000000057e+01 2.287481000000000098e+00 7.703793000000000113e+00 1.260839000000000043e+00 1.369780999999999915e+00 -5.187494999999999745e-01
-8.351734999999999687e+00 4.288916999999999646e+00 1.525076999999999927e+01 -2.695446000000000231e-01 9.238963000000000036e+00 -1.582049999999999912e+01 -2.574236000000000146e+01 1.820891999999999955e+00 8.339855000000000018e+00 1.612902999999999976e+00 -1.289449999999999985e+00 1.072691000000000061e+00
-8.636141999999999541e+00 4.982946000000000097e+00 1.342145999999999972e+01 -4.821847000000000216e-01 9.900541999999999732e+00 -1.392844000000000015e+01 -2.536411999999999978e+01 2.482073000000000196e+00 9.434943999999999775e+00 -1.658533000000000091e-01 -8.140773999999999511e-01 1.409275999999999973e+00
-8.940041000000000793e+00 4.631579999999999586e+00 1.346195999999999948e+01 -1.224566999999999961e+00 1.193223000000000056e+01 -1.333219000000000065e+01 -2.625331999999999866e+01 8.667082999999999871e+00 7.824969000000000285e+00 -1.450612999999999930e+00 -8.972215000000000051e-01 -1.138163999999999954e+00
-9.254336000000000340e+00 2.090160000000000018e+00 1.438879999999999981e+01 2.957064999999999833e-01 1.004255999999999993e+01 -1.443462000000000067e+01 -2.435904000000000025e+01 8.378653999999999158e+00 6.487527000000000044e+00 -3.001595000000000013e+00 -9.720742999999999467e-01 4.791680999999999857e-01
-9.746850000000000236e+00 1.078214999999999923e+00 1.509665999999999997e+01 2.899411999999999878e+00 8.619246000000000407e+00 -1.633987000000000123e+01 -2.561220000000000141e+01 8.844162000000000745e+00 9.095741000000000298e+00 -2.271132000000000151e+00 1.260732999999999993e-01 -9.667890999999999568e-01
-1.006875999999999927e+01 2.105932999999999833e+00 1.534467000000000070e+01 2.401876000000000122e+00 1.116070999999999991e+01 -1.669170000000000087e+01 -2.646516000000000091e+01 1.029085000000000072e+01 5.784796000000000049e+00 -8.497069000000000427e-01 -8.599103000000000163e-01 -1.601245000000000029e+00
-1.040662999999999982e+01 2.427655999999999814e+00 1.746321999999999974e+01 2.651263000000000147e+00 1.025305000000000000e+01 -1.594725999999999999e+01 -2.775608000000000075e+01 9.936472999999999445e+00 5.160446999999999562e+00 -8.454937000000000147e-01 -1.127768000000000104e+00 -8.185932999999999682e-01
-9.767457000000000278e+00 1.820923999999999987e+00 1.710767999999999844e+01 4.669487000000000165e+00 7.846163999999999916e+00 -1.620783000000000129e+01 -2.672293000000000163e+01 7.794660000000000366e+00 7.966415999999999720e+00 -3.087438000000000127e+00 -1.140204999999999913e+00 -2.522475000000000023e+00
-9.676491999999999649e+00 2.973469999999999835e+00 1.732379999999999853e+01 5.394114000000000075e+00 7.608684000000000225e+00 -1.600506999999999991e+01 -2.654530000000000101e+01 8.226006999999999181e+00 6.905561999999999756e+00 -4.384047999999999945e+00 -4.486468999999999596e+00 -1.480420000000000069e+00
-9.061823999999999657e+00 7.013363000000000014e+00 1.445115999999999978e+01 2.843672000000000200e+00 1.044710000000000072e+01 -1.313324000000000069e+01 -2.696387000000000000e+01 9.830961000000000283e+00 5.751911999999999914e+00 -4.313214000000000325e+00 -1.465641999999999889e+00 -4.017502000000000351e+00
-9.114174999999999471e+00 8.436503000000000085e+00 1.788005000000000067e+01 5.032420000000000115e+00 6.529656000000000127e+00 -1.415232999999999919e+01 -2.582760999999999996e+01 5.225177000000000405e+00 5.255044999999999966e+00 -5.443928999999999796e+00 -2.780286999999999953e+00 -2.620121999999999840e+00
-8.705757999999999441e+00 8.564593999999999596e+00 1.776572000000000173e+01 5.223175999999999597e+00 8.279261999999999233e+00 -1.335595999999999961e+01 -2.324933000000000050e+01 5.849817999999999962e+00 9.670332000000000372e-01 -6.886947000000000152e+00 -3.522135000000000016e+00 -2.908376000000000072e+00
-8.964174999999999116e+00 8.152582999999999913e+00 1.706287999999999982e+01 6.309911999999999743e+00 9.034347000000000349e+00 -1.130222000000000016e+01 -2.272560999999999964e+01 6.402027999999999608e+00 3.386293000000000220e-01 -8.649641000000000801e+00 -2.539606000000000030e+00 -2.875827000000000133e+00
-9.849512000000000711e+00 9.028278000000000247e+00 1.851013000000000019e+01 7.431329999999999991e+00 8.692406999999999329e+00 -9.124366999999999450e+00 -1.897023000000000081e+01 6.620619999999999727e+00 -1.256029999999999980e+00 -1.190249000000000024e+01 -4.969672000000000089e+00 -1.909472000000000058e+00
-9.730142999999999986e+00 9.883577000000000723e+00 1.978426999999999936e+01 6.043182999999999971e+00 6.594602000000000075e+00 -1.110825999999999958e+01 -1.770686999999999856e+01 7.258666999999999980e+00 1.140913999999999984e+00 -1.199018000000000050e+01 -1.986156000000000033e+00 -3.368252000000000024e+00
-1.210880000000000045e+01 4.727307999999999844e+00 2.247805999999999926e+01 7.537030999999999814e+00 8.729964999999999975e+00 -1.203668000000000049e+01 -1.750574999999999903e+01 9.793772999999999840e+00 1.719765999999999906e+00 -1.091713000000000022e+01 -3.582247000000000181e+00 -1.942020999999999997e+00
-1.083027000000000051e+01 9.849583000000000865e+00 1.956671000000000049e+01 1.035337999999999958e+01 8.156022999999999357e+00 -9.097664999999999225e+00 -1.588865000000000016e+01 5.984302999999999706e+00 1.233711000000000002e+00 -8.344447999999999865e+00 -5.902222000000000079e+00 -5.332524000000000264e+00
-1.038156999999999996e+01 1.168853999999999971e+01 2.073404999999999987e+01 9.627509999999999124e+00 7.889199999999999768e+00 -1.166051000000000037e+01 -1.423581000000000074e+01 6.183436000000000377e+00 -2.649329999999999963e+00 -8.187507000000000090e+00 -1.628244999999999942e+00 -2.601627999999999830e+00
-1.041238000000000063e+01 1.146335999999999977e+01 1.956134000000000128e+01 8.192292999999999381e+00 9.884109999999999729e+00 -9.917222000000000648e+00 -1.207354999999999912e+01 6.859752000000000294e+00 -4.923746999999999652e+00 -1.094266999999999967e+01 -1.724056999999999951e+00 5.307037999999999478e-01
-1.084530999999999956e+01 1.142066999999999943e+01 1.994985000000000142e+01 1.016840000000000011e+01 9.279652000000000456e+00 -8.279282000000000252e+00 -1.137321000000000026e+01 6.800942000000000043e+00 -8.798886000000000207e-01 -9.810375000000000512e+00 -6.369073000000000206e+00 -1.259235000000000104e+00
-1.058874999999999922e+01 1.144134000000000029e+01 2.062330000000000041e+01 9.321555999999999287e+00 9.204534000000000660e+00 -8.910161000000000442e+00 -1.341399000000000008e+01 6.419324999999999726e+00 -3.001596000000000153e+00 -6.443772000000000055e+00 -1.227495000000000003e+00 -2.372552999999999912e+00
-1.041089999999999982e+01 1.209022000000000041e+01 2.000469000000000008e+01 9.174979000000000440e+00 9.578946000000000183e+00 -6.467042000000000179e+00 -1.235173999999999950e+01 5.501929999999999765e+00 -1.832179999999999920e+00 -5.208253000000000021e+00 -2.361340999999999912e+00 -3.973364000000000118e+00
-1.071851000000000020e+01 1.135213000000000072e+01 2.010324999999999918e+01 1.047394000000000069e+01 9.695144000000000872e+00 -7.888429000000000357e+00 -9.451370999999999967e+00 7.626445999999999614e+00 -1.782176999999999900e+00 -7.422285999999999717e+00 -5.355451999999999657e+00 -5.389237999999999751e+00
-1.061009999999999920e+01 1.212937999999999938e+01 1.979393999999999920e+01 9.750552000000000774e+00 8.293737000000000137e+00 -7.479091000000000378e+00 -8.111952000000000496e+00 6.075760999999999967e+00 -2.807894999999999808e+00 -5.921336000000000155e+00 -2.548128000000000171e+00 -3.437540999999999958e+00
-1.024827999999999939e+01 1.147560000000000002e+01 1.922872999999999877e+01 9.063909999999999911e+00 8.389590000000000103e+00 -5.721722999999999892e+00 -8.280400000000000205e+00 6.324840000000000018e+00 -2.732666000000000039e+00 -7.509183000000000163e+00 -1.694576000000000082e+00 -3.502638999999999836e+00
-1.026126999999999967e+01 1.111416999999999966e+01 1.912731000000000137e+01 1.143185000000000073e+01 8.491702999999999335e+00 -8.555987999999999261e+00 -8.731127000000000749e+00 5.616090999999999944e+00 -2.214176999999999840e+00 -5.708833000000000268e+00 -2.745279000000000025e+00 -2.387595000000000134e+00
-1.029468999999999923e+01 1.187754999999999939e+01 1.850654000000000110e+01 1.226218000000000075e+01 8.111031000000000546e+00 -6.469682999999999851e+00 -7.543821999999999584e+00 6.376731000000000371e+00 -2.335353000000000012e+00 -6.682606999999999964e+00 -3.817861000000000171e+00 -1.710234000000000032e+00
-1.081746000000000052e+01 1.153978000000000037e+01 1.939253000000000071e+01 1.146860000000000035e+01 8.195538000000000878e+00 -5.859342999999999968e+00 -6.598469999999999835e+00 6.328947999999999574e+00 -1.941643000000000008e+00 -7.873624000000000400e+00 -2.172482000000000024e+00 -3.789906999999999915e+00
-1.092958999999999925e+01 1.090231999999999957e+01 1.979214999999999947e+01 1.021052000000000071e+01 1.085477000000000025e+01 -6.009873999999999938e+00 -1.055444999999999922e+01 8.782325000000000159e+00 -1.419100000000000028e+00 -7.052842000000000056e+00 -3.294122000000000217e+00 -5.000872000000000206e+00
-1.094276999999999944e+01 1.024962999999999980e+01 2.066344000000000136e+01 1.070392000000000010e+01 9.668931000000000608e+00 -6.437992000000000381e+00 -9.583066999999999780e+00 7.359206000000000358e+00 -2.920511999999999997e+00 -8.143795000000000783e+00 -2.749423999999999868e+00 -3.343593999999999955e+00
-1.085923000000000016e+01 9.338851000000000013e+00 2.141860000000000142e+01 1.167051000000000016e+01 1.004412999999999911e+01 -9.752312999999999121e+00 -1.329045999999999950e+01 8.292384000000000199e+00 -3.312419999999999920e+00 -7.534462000000000437e+00 -1.013301000000000007e+00 -4.151888999999999719e+00
-1.029449999999999932e+01 1.064423999999999992e+01 2.145050000000000168e+01 1.014775999999999989e+01 7.535914000000000001e+00 -9.415746000000000393e+00 -1.397241999999999962e+01 5.602902000000000271e+00 -9.605224999999999458e-01 -8.819221000000000643e+00 -3.638675000000000104e+00 -1.275017000000000067e+00
-1.051523000000000074e+01 9.331507999999999470e+00 2.307982000000000156e+01 6.372258999999999673e+00 7.229576999999999920e+00 -8.923365999999999687e+00 -1.689066000000000045e+01 7.742337000000000025e+00 6.890939999999999843e-01 -1.022722000000000087e+01 -5.184096000000000259e+00 -2.266770000000000174e+00
-9.615228999999999360e+00 8.302429999999999310e+00 2.154763000000000162e+01 5.973403000000000240e+00 6.711580999999999797e+00 -1.113261999999999929e+01 -2.008759999999999835e+01 7.533258000000000010e+00 1.435971000000000108e+00 -7.000967000000000162e+00 -6.231453000000000131e-01 -1.994542999999999955e+00
-8.853716999999999615e+00 6.473804000000000336e+00 2.041972000000000165e+01 6.124109999999999943e+00 4.448674999999999713e+00 -1.242636000000000074e+01 -2.161436000000000135e+01 7.489366999999999663e+00 1.322003000000000039e+00 -2.336437000000000097e+00 6.164163999999999755e-01 -3.648369000000000195e+00
-9.108605999999999980e+00 7.244252999999999609e+00 2.016238999999999848e+01 3.818512999999999824e+00 4.621209000000000344e+00 -1.247830000000000084e+01 -2.589855999999999980e+01 7.442231999999999736e+00 6.327854000000000534e-01 -2.046253000000000100e+00 2.768950999999999940e+00 -2.978404999999999969e+00
-8.658791000000000793e+00 8.378304999999999225e+00 1.866854000000000013e+01 1.002580000000000027e+00 5.356732000000000049e+00 -1.301176000000000066e+01 -2.606650000000000134e+01 7.731309999999999683e+00 1.210285999999999973e+00 -2.996855000000000047e+00 5.231952999999999854e+00 -1.311263999999999985e+00
-8.181684000000000623e+00 9.349456999999999240e+00 1.545219999999999949e+01 4.402191999999999772e-01 7.541782999999999682e+00 -1.340260999999999925e+01 -2.386391000000000062e+01 2.989526999999999823e+00 2.745934000000000097e+00 1.381440999999999919e+00 2.844724999999999948e+00 -1.418773999999999980e+00
-8.525869000000000142e+00 9.591768999999999323e+00 1.583676999999999957e+01 -9.054005000000000525e-01 8.692016000000000631e+00 -1.564385000000000048e+01 -2.490624000000000038e+01 9.543179999999999552e+00 1.549940000000000095e+00 -4.265444999999999931e-01 2.896085999999999938e+00 -2.428281000000000134e+00
-8.519370999999999583e+00 6.710404999999999731e+00 1.517407000000000039e+01 -2.171070999999999973e-01 8.779260999999999981e+00 -1.527999999999999936e+01 -2.496903000000000006e+01 8.089575999999999212e+00 3.878411999999999971e+00 3.552659000000000233e-01 2.197306999999999899e+00 -2.012049999999999894e+00
-8.405571999999999377e+00 5.458323000000000036e+00 1.394438000000000066e+01 -1.815417999999999976e+00 7.901720000000000077e+00 -1.183010999999999946e+01 -2.353313999999999950e+01 6.411972999999999701e+00 5.574878000000000000e+00 -7.846657999999999689e-01 1.129099999999999993e+00 -6.558490999999999627e-01
-7.815966000000000413e+00 7.826236999999999888e+00 1.165307999999999922e+01 -8.372730000000000450e-01 7.170891000000000126e+00 -1.142018000000000022e+01 -2.413597999999999999e+01 6.489162000000000319e+00 4.955483000000000082e+00 1.661989000000000105e-01 2.548077999999999843e+00 -4.734809000000000268e+00
-7.683786999999999701e+00 8.987484999999999502e+00 1.265769000000000055e+01 -1.558597999999999928e+00 4.528877999999999737e+00 -1.394369999999999976e+01 -2.346473999999999904e+01 8.383841999999999572e+00 4.845569000000000237e+00 -2.659009000000000178e+00 1.179769999999999985e+00 -1.219043000000000099e+00
-1.029969999999999963e+01 4.022128999999999621e+00 1.650125999999999848e+01 -1.535063000000000066e+00 8.259700000000000486e+00 -1.534866000000000064e+01 -2.449532999999999916e+01 9.449127000000000720e+00 7.291857000000000477e-01 -8.968420000000000281e-01 5.594008999999999787e+00 -4.487202000000000135e-01
-1.057760999999999996e+01 5.999241999999999742e+00 1.374653999999999954e+01 8.275131999999999488e-01 8.218228999999999118e+00 -1.160445999999999955e+01 -2.197779999999999845e+01 8.241357999999999961e+00 6.737781000000000464e-01 -1.191502000000000061e+00 3.592562000000000033e+00 -2.193989000000000078e-01
-1.113861999999999952e+01 8.335608000000000573e+00 1.209786000000000072e+01 1.457589000000000024e+00 6.241316000000000308e+00 -1.276820999999999984e+01 -2.160976000000000141e+01 1.077560000000000073e+01 1.302632000000000012e+00 -1.202034999999999965e+00 5.995681000000000260e+00 4.611676000000000109e-01
-1.366543000000000063e+01 6.180635999999999797e+00 7.604148999999999603e+00 1.784447000000000116e-01 8.969400999999999513e+00 -7.225857999999999670e+00 -1.688044999999999973e+01 5.142799000000000120e+00 -1.016831000000000040e+00 -1.275478000000000028e-03 5.323510000000000186e-01 -2.006378999999999913e+00
-1.322785999999999973e+01 9.187371999999999872e+00 1.160862999999999978e+01 3.545589999999999797e+00 9.422451999999999828e+00 -1.128050999999999959e+01 -2.129225999999999885e+01 1.791919000000000040e+00 -2.334452000000000194e+00 1.073088000000000042e+00 2.748683000000000209e+00 1.609253999999999962e+00
