-7.246025999999999634e+00 1.905386000000000024e+01 1.477922000000000047e+01 -4.791548999999999836e+00 6.490378999999999898e+00 -6.070762000000000214e+00 -2.347008000000000205e+00 5.980904999999999916e+00 -1.095927000000000007e+01 -3.013357000000000063e+00 -1.424709000000000003e+00 -5.554975999999999914e+00
-7.413160000000000416e+00 1.593111999999999995e+01 1.541000000000000014e+01 -5.950660000000000061e+00 8.857143000000000654e+00 -3.058447000000000138e+00 -1.218820000000000014e+00 7.320865000000000400e+00 -1.733086000000000126e+01 -4.957323999999999842e+00 -2.717858999999999803e+00 -6.414019999999999833e+00
-6.950565000000000104e+00 1.699123000000000161e+01 1.503768999999999956e+01 -3.956347000000000058e+00 1.025568999999999953e+01 -5.076789999999999914e+00 -3.991851000000000038e+00 5.273259999999999614e+00 -1.515991999999999962e+01 -3.797518999999999867e+00 -2.953214000000000006e+00 -5.946705999999999825e+00
-6.019641000000000020e+00 1.897719999999999985e+01 1.386810000000000009e+01 -2.071531999999999929e+00 8.595703000000000316e+00 -5.406064999999999898e+00 -5.659726000000000035e+00 5.304720999999999798e+00 -1.256262000000000079e+01 -2.668058999999999958e+00 -3.458765999999999785e+00 -4.238641000000000325e+00
-5.604231999999999658e+00 1.913814999999999955e+01 1.331184999999999974e+01 -5.779743000000000519e-01 5.986983999999999639e+00 -6.261700000000000266e+00 -4.962945000000000384e+00 5.268385999999999569e+00 -1.147743000000000002e+01 -2.075166999999999984e+00 -3.193309999999999871e+00 -5.094706000000000401e+00
-6.282689999999999664e+00 1.938454000000000121e+01 1.536697999999999986e+01 -3.207736000000000143e+00 7.461037000000000141e+00 -7.023404000000000202e+00 -5.600601000000000163e+00 5.686459000000000152e+00 -1.056169000000000047e+01 -2.935194000000000081e+00 -4.134019000000000332e+00 -4.982008000000000436e+00
-6.888385999999999676e+00 1.943583999999999889e+01 1.554795000000000016e+01 -4.451145999999999603e+00 7.121245000000000047e+00 -6.529149999999999565e+00 -4.488570000000000171e+00 4.576693999999999818e+00 -9.251089000000000340e+00 -3.618892999999999915e+00 -1.770987000000000089e+00 -5.939934000000000047e+00
-6.541329000000000171e+00 1.914254000000000033e+01 1.429418000000000077e+01 -3.666799000000000142e+00 5.876155999999999935e+00 -6.207732000000000028e+00 -3.678351000000000148e+00 5.652117999999999753e+00 -1.009079000000000015e+01 -4.072929000000000244e+00 -1.753921999999999981e+00 -6.538365999999999900e+00
-6.657969999999999722e+00 1.936927999999999983e+01 1.406462999999999930e+01 -6.663535999999999682e+00 6.214324000000000403e+00 -3.763107999999999898e+00 -5.483381999999999756e+00 5.848194000000000337e+00 -8.626476999999999506e+00 -5.333886999999999823e+00 -3.221989000000000214e+00 -6.176163999999999987e+00
-6.551912999999999876e+00 1.986053000000000068e+01 1.443174999999999919e+01 -4.977097999999999800e+00 3.589366000000000057e+00 -4.502951000000000370e+00 -4.796912999999999982e+00 4.211572000000000315e+00 -6.848232999999999571e+00 -4.097527999999999615e+00 -4.577946999999999989e+00 -8.956478000000000605e+00
-6.281588000000000171e+00 1.861868000000000123e+01 1.409614999999999974e+01 -3.873422999999999838e+00 3.629150000000000098e+00 -4.122099000000000402e+00 -4.624693999999999861e+00 3.489304999999999879e+00 -7.534762999999999877e+00 -5.333198000000000327e+00 -2.779957000000000011e+00 -7.712475000000000414e+00
-6.364493000000000400e+00 1.856890999999999892e+01 1.280752999999999986e+01 -2.835720999999999936e+00 4.612798999999999872e+00 -7.556595999999999869e+00 -4.534976000000000340e+00 2.124086999999999836e+00 -6.512027999999999928e+00 -3.555671999999999944e+00 -2.952977000000000185e+00 -8.598067999999999600e+00
-5.782169999999999810e+00 1.942001000000000133e+01 1.305747000000000035e+01 -4.936322999999999794e+00 1.052907999999999955e+00 -8.507187999999999306e+00 -5.089766000000000012e-01 2.540830999999999840e+00 -6.726026000000000060e+00 -3.870854000000000017e+00 -4.917352000000000167e+00 -8.931825999999999155e+00
-5.137227000000000210e+00 1.894077000000000055e+01 1.252607000000000070e+01 -6.836716000000000015e+00 -6.440175000000000205e-01 -8.363386999999999460e+00 -1.584913999999999934e+00 2.655152999999999874e+00 -3.719196000000000168e+00 -5.545157999999999809e+00 -4.791496999999999673e+00 -6.697388000000000119e+00
-4.837134999999999962e+00 1.992442000000000135e+01 1.184225999999999956e+01 -9.536573000000000633e+00 -1.827806000000000042e+00 -1.052791999999999994e+01 -2.442892000000000119e-01 4.544125000000000192e+00 -4.172176000000000329e+00 -4.445354000000000028e+00 -8.575903999999999527e+00 -5.297072000000000003e+00
-4.253930000000000433e+00 2.025394999999999968e+01 1.287130999999999936e+01 -1.074333000000000027e+01 -4.281041000000000096e+00 -1.253363000000000049e+01 -1.134600999999999971e+00 4.977706999999999660e+00 -2.084341000000000221e+00 -2.681852999999999820e+00 -8.567370999999999626e+00 -7.429107000000000127e+00
-2.954121000000000219e+00 2.084074000000000026e+01 1.146698999999999913e+01 -1.159731999999999985e+01 -6.418436999999999948e+00 -1.129748000000000019e+01 -1.251133000000000051e+00 5.593185000000000073e+00 -2.020249999999999879e+00 -1.212612999999999941e+00 -6.927944000000000102e+00 -9.469846000000000430e+00
-2.602434000000000136e+00 2.131290999999999869e+01 1.091222999999999921e+01 -1.123537999999999926e+01 -8.089786999999999395e+00 -1.320036999999999949e+01 1.028981999999999952e-01 6.028317000000000370e+00 -3.096213000000000104e+00 2.152469999999999939e-01 -6.711787000000000170e+00 -6.209756999999999749e+00
-1.682755000000000001e+00 1.926324999999999932e+01 9.157469999999999999e+00 -8.926781000000000077e+00 -8.494125999999999621e+00 -1.484127999999999936e+01 1.268553999999999959e+00 6.324314000000000213e+00 -4.669150000000000134e+00 1.106308999999999987e+00 -5.560370999999999952e+00 -3.105167999999999928e+00
-1.516283000000000047e+00 1.954853999999999914e+01 1.026512999999999920e+01 -9.894386000000000791e+00 -1.187377000000000038e+01 -1.436102999999999952e+01 -2.876017000000000157e-01 9.098838999999999899e+00 -4.538862999999999925e-02 -2.043442000000000203e+00 -5.903094000000000285e+00 -2.610492999999999952e+00
-9.527014000000000316e-01 2.001500000000000057e+01 9.734106999999999843e+00 -9.219077999999999662e+00 -1.239015000000000022e+01 -1.560571999999999981e+01 -1.514788999999999941e+00 8.795752999999999489e+00 9.013065999999999578e-01 1.557587000000000055e+00 -5.862802000000000291e+00 -4.362715999999999816e+00
-7.635180000000000300e-01 1.971597999999999828e+01 9.169707000000000718e+00 -7.774084000000000216e+00 -1.327393999999999963e+01 -1.562621000000000038e+01 6.991988000000000196e-03 5.778846999999999845e+00 1.094664999999999999e+00 1.685637000000000052e+00 -1.873377000000000070e+00 -2.307889999999999997e+00
-6.318833999999999840e-01 2.078601000000000099e+01 1.043645000000000067e+01 -8.550183999999999784e+00 -1.560782000000000025e+01 -1.505885999999999925e+01 -1.818664000000000058e+00 7.082915999999999990e+00 4.292679999999999829e+00 1.439192000000000027e+00 -2.577072999999999947e+00 -2.352590000000000181e+00
-7.330900000000000194e-01 2.024117000000000033e+01 9.687011999999999290e+00 -8.586377000000000592e+00 -1.411875000000000036e+01 -1.539564999999999984e+01 -2.985351000000000088e+00 7.464876000000000289e+00 4.501789999999999736e+00 1.779892000000000030e+00 -4.144922000000000217e+00 -1.622497000000000078e+00
-9.059568999999999539e-01 1.962292000000000058e+01 1.005894999999999939e+01 -8.768720000000000070e+00 -1.445528999999999975e+01 -1.474496000000000073e+01 -2.987413999999999792e+00 7.657848999999999684e+00 3.431258000000000141e+00 1.917367999999999961e+00 -3.096134000000000164e+00 -1.368454000000000059e-01
-3.688348000000000182e-01 1.954815999999999931e+01 8.646098000000000283e+00 -6.758371999999999602e+00 -1.537114000000000047e+01 -1.640192000000000050e+01 -3.239381999999999984e+00 8.858451999999999771e+00 5.068829000000000029e+00 2.187720999999999805e+00 -1.583746000000000098e+00 -3.583317999999999781e+00
-6.898731999999999642e-01 2.083539999999999992e+01 8.526692000000000604e+00 -9.345527000000000584e+00 -1.634870000000000090e+01 -1.371136000000000088e+01 -3.244194999999999940e+00 6.449492000000000225e+00 5.392540999999999585e+00 3.420862000000000069e+00 -2.714541000000000093e+00 7.186774000000000218e-01
-1.177383999999999986e+00 2.104250000000000043e+01 8.760313999999999268e+00 -1.224329999999999963e+01 -1.499765999999999977e+01 -1.480472999999999928e+01 -2.355258000000000074e+00 6.794451999999999714e+00 1.032807000000000031e+01 3.469828999999999830e+00 -5.902857000000000021e+00 -2.511678999999999995e-01
-8.940502000000000171e-01 2.022571999999999903e+01 5.886397999999999797e+00 -1.143238000000000021e+01 -1.236823000000000050e+01 -1.332640999999999920e+01 -4.959850999999999566e+00 5.343492999999999604e+00 9.110343000000000302e+00 4.662507999999999875e+00 -2.480370999999999881e+00 4.628745000000000082e-02
-3.990219999999999878e+00 1.564831000000000039e+01 1.135388000000000019e+01 -1.132517999999999958e+01 -1.503663000000000061e+01 -1.435624999999999929e+01 -1.460476000000000107e+00 6.463229000000000113e+00 7.846997000000000000e+00 2.722449999999999815e+00 -2.230320999999999998e+00 4.781734000000000151e+00
-1.579344000000000081e+00 1.994882000000000133e+01 6.702589999999999826e+00 -9.904923000000000144e+00 -1.569834999999999958e+01 -1.317680999999999969e+01 -2.014600999999999864e+00 5.926402999999999643e+00 6.563011000000000372e+00 1.165391000000000066e+00 -2.749382000000000215e+00 1.795530999999999988e+00
-7.943871999999999600e-01 2.078753000000000029e+01 4.818044000000000437e+00 -1.009735000000000049e+01 -1.367300000000000004e+01 -1.294863999999999926e+01 -3.301944999999999908e+00 4.621668999999999805e+00 7.110496999999999623e+00 3.037631999999999888e+00 -2.206856000000000151e+00 -4.822511999999999910e-01
-3.033278000000000141e+00 1.720062000000000069e+01 5.801848999999999812e+00 -1.096691000000000038e+01 -1.310342999999999947e+01 -1.350436999999999976e+01 -1.471476000000000006e+00 8.323842000000000851e+00 9.114145000000000607e+00 -1.277212000000000014e+00 -4.553060999999999581e+00 2.285871999999999904e+00
-3.954499000000000208e+00 1.819074000000000169e+01 5.421751000000000431e+00 -9.187466000000000577e+00 -1.307216999999999985e+01 -1.041623000000000054e+01 -3.685226000000000113e+00 5.448509999999999742e+00 1.031666000000000061e+01 2.219905999999999935e+00 -3.716636999999999968e+00 -4.327498000000000289e+00
-5.390573999999999977e+00 1.636171999999999827e+01 2.636464000000000141e+00 -1.032642000000000060e+01 -1.512918999999999947e+01 -7.202386999999999873e+00 -2.627507000000000037e+00 6.296840999999999688e+00 8.818132999999999555e+00 3.118323999999999874e+00 -2.135664999999999925e-01 -2.545204000000000022e+00
-9.140064999999999884e+00 1.436660000000000004e+01 6.856484000000000023e+00 -8.600120999999999682e+00 -8.655293999999999599e+00 -4.489630000000000010e+00 -3.838517000000000179e-01 4.708296999999999954e+00 7.558044999999999902e+00 -4.043121000000000076e-01 -6.867268000000000150e+00 3.084232999999999780e+00
-7.066323999999999828e+00 1.551423999999999914e+01 4.278859999999999886e+00 -6.827094999999999914e+00 -8.538377000000000550e+00 -5.474378999999999884e+00 -2.967131999999999881e+00 7.599774000000000251e-01 5.590245000000000353e+00 1.352753000000000094e+00 -5.264103000000000421e+00 -4.093772999999999995e-01
-1.121490999999999971e+01 1.108824000000000076e+01 2.453663000000000094e-01 -6.168280000000000207e+00 -9.835428999999999533e+00 -4.119024999999999714e+00 -2.095725999999999978e+00 1.263127000000000111e+00 5.365384999999999849e+00 1.264013999999999971e+00 5.363466000000000067e-01 -5.692120999999999986e-01
-6.822678999999999938e+00 1.367854999999999954e+01 3.736709999999999976e+00 -1.004190999999999967e+01 -7.908322000000000074e+00 2.418123000000000078e-01 3.769679000000000002e+00 2.686170999999999864e+00 1.335499000000000080e+01 -4.072929000000000244e+00 -1.305216000000000065e+01 -2.204818999999999789e-03
-3.738415999999999961e+00 1.033935999999999922e+01 1.396416000000000102e+00 -1.253423000000000087e+01 -9.982388000000000261e+00 -1.011250000000000066e-01 1.418085000000000040e+00 2.261893999999999849e+00 1.602616000000000085e+01 -3.520268999999999870e+00 -1.485369999999999990e+01 4.545503000000000071e+00
-3.047168999999999794e+00 1.248056000000000054e+01 -1.376988000000000101e-01 -1.182135000000000069e+01 -7.650128999999999735e+00 9.041185000000000471e-01 5.099302999999999919e+00 5.454844999999999833e-02 1.244685999999999915e+01 -1.792629999999999946e+00 -1.247550000000000026e+01 1.916355000000000031e+00
-1.849447999999999981e+00 1.209361999999999959e+01 1.567385000000000028e-01 -1.391600000000000037e+01 -8.606173000000000073e+00 1.525095000000000089e+00 6.532740999999999687e+00 -1.572767999999999944e+00 1.279500999999999955e+01 -1.086171999999999915e+00 -1.205030000000000001e+01 4.322817999999999827e+00
-8.393677999999999972e-01 1.176065999999999967e+01 -2.330403000000000002e+00 -1.288883000000000045e+01 -8.451095000000000468e+00 2.418302999999999869e+00 7.010208999999999691e+00 -5.420501999999999931e+00 1.396439999999999948e+01 7.161817999999999795e-01 -1.249066999999999972e+01 4.633817999999999770e+00
-7.024413999999999936e-01 1.377313999999999972e+01 -2.053765999999999980e+00 -1.595658000000000065e+01 -9.783872000000000568e+00 4.761139000000000010e+00 9.324676999999999438e+00 -4.219456000000000095e+00 1.242404999999999937e+01 1.905872999999999928e+00 -1.054453999999999958e+01 3.975245000000000140e+00
-1.682093999999999978e+00 1.493851000000000084e+01 1.321509000000000045e+00 -1.554745999999999917e+01 -7.383005999999999958e+00 2.027887000000000217e+00 6.745522000000000240e+00 -5.163719999999999644e+00 1.532170999999999950e+01 -9.999624000000000290e-01 -8.752954000000000789e+00 7.852458000000000382e+00
-1.645712000000000064e+00 1.490323000000000064e+01 2.261556999999999817e+00 -1.408779999999999966e+01 -8.378833000000000197e+00 5.133613000000000204e-01 7.467052999999999940e+00 -4.194641999999999982e+00 1.731612000000000151e+01 -1.213532000000000055e+00 -1.106361000000000061e+01 7.256464000000000247e+00
-1.803585999999999911e+00 1.416674000000000078e+01 3.807167000000000190e+00 -1.401908000000000065e+01 -8.407657000000000380e+00 3.077535000000000132e+00 3.622209999999999930e+00 -2.729502999999999791e+00 1.377374999999999972e+01 -1.485265000000000057e+00 -7.076313999999999993e+00 6.070165000000000255e+00
-1.601833999999999980e+00 1.423996999999999957e+01 4.693075000000000330e+00 -1.624567000000000050e+01 -9.964525000000000077e+00 4.821254999999999846e+00 4.152271999999999963e+00 -1.732286999999999910e+00 1.239742999999999995e+01 -1.705500999999999934e+00 -7.161640000000000228e+00 4.926396999999999693e+00
-1.759487000000000023e+00 1.239493000000000045e+01 4.421998999999999569e+00 -1.524095999999999940e+01 -9.123775000000000190e+00 5.982597000000000165e+00 -1.059663999999999939e+00 -8.210342000000000473e-01 1.598651000000000089e+01 -4.330867999999999718e+00 -6.458891999999999634e+00 7.293035999999999852e+00
-2.891500000000000181e+00 1.119218000000000046e+01 7.797273999999999816e+00 -1.494499000000000066e+01 -9.954781999999999798e+00 4.247757000000000005e+00 -3.200539000000000023e+00 1.914690000000000003e-01 1.826335999999999871e+01 -5.817580000000000418e+00 -5.461062000000000083e+00 6.451601000000000141e+00
-3.640296000000000198e+00 1.098183000000000042e+01 8.850424999999999542e+00 -1.504945000000000022e+01 -7.999258000000000202e+00 1.060557999999999890e+00 -3.996319999999999872e+00 2.178147000000000055e+00 1.813952000000000098e+01 -7.528667000000000442e+00 -4.568467000000000056e+00 6.559150999999999954e+00
-4.404526999999999859e+00 9.644441000000000486e+00 1.267885000000000062e+01 -1.605004999999999882e+01 -7.827535000000000132e+00 1.864957999999999894e+00 -8.916411999999999338e+00 5.423473999999999684e+00 1.392040000000000077e+01 -3.532452999999999843e+00 -3.577272999999999925e+00 5.042346000000000217e+00
-4.903062000000000253e+00 9.311666000000000665e+00 1.425116000000000049e+01 -1.385230999999999923e+01 -7.331042000000000058e+00 -9.509537999999999602e-01 -8.737662000000000262e+00 4.243698000000000192e+00 9.701824000000000225e+00 -1.125942999999999916e+00 -1.580902000000000029e+00 5.891096000000000110e+00
-5.636865000000000236e+00 1.002431999999999945e+01 1.379578000000000060e+01 -1.043774999999999942e+01 -2.700220999999999982e+00 -7.973653999999999797e+00 -8.027131000000000682e+00 1.445910000000000029e+00 9.297727000000000075e+00 1.153435999999999906e+00 -2.430124000000000173e+00 7.084168000000000021e+00
-6.202651000000000359e+00 1.053940000000000055e+01 1.563768999999999920e+01 -7.629767000000000188e+00 -1.241595000000000004e+00 -1.053064999999999962e+01 -8.982067999999999941e+00 1.903640999999999917e+00 6.169775999999999705e+00 6.837670000000000137e-01 -3.031191999999999886e+00 8.283742000000000161e+00
-6.569111000000000367e+00 1.131269999999999953e+01 1.654176000000000002e+01 -4.757188000000000194e+00 -8.859715000000000229e-01 -1.144811999999999941e+01 -8.377413000000000665e+00 2.376437999999999828e+00 3.922801000000000204e+00 -7.857030000000000403e-01 -3.452367000000000186e+00 5.978597999999999857e+00
-7.463212000000000401e+00 1.188748000000000005e+01 1.668305000000000149e+01 -1.571693999999999924e+00 1.375242999999999993e+00 -1.322120999999999924e+01 -6.861131999999999564e+00 4.892186999999999841e+00 6.644970000000000043e-01 -3.757518000000000136e+00 -5.000543999999999656e+00 6.720068999999999626e+00
-7.752720000000000056e+00 1.225229000000000035e+01 1.730529999999999902e+01 -4.840541999999999900e-01 1.441821000000000019e+00 -9.035256999999999650e+00 -6.170881999999999756e+00 4.441766999999999577e+00 -9.866523999999999850e-01 -4.268797000000000175e+00 -3.358746000000000009e+00 5.507221000000000366e+00
-8.110580000000000567e+00 1.186707000000000001e+01 1.930924999999999869e+01 2.394022999999999790e+00 2.419786000000000215e+00 -1.015459000000000067e+01 -7.711568999999999896e+00 4.855408999999999864e+00 1.767074000000000034e+00 -5.209285999999999639e+00 -4.264852000000000309e+00 4.824264999999999581e+00
-8.271100000000000563e+00 1.228966999999999921e+01 1.803583000000000069e+01 3.532516999999999907e+00 3.471230999999999955e+00 -8.086714999999999876e+00 -6.145444000000000351e+00 4.044963000000000086e+00 -1.221289000000000069e+00 -5.573895000000000266e+00 -4.840558999999999834e+00 4.347741000000000078e+00
-8.198116999999999877e+00 1.148891000000000062e+01 1.856944999999999979e+01 4.161095000000000432e+00 3.303161999999999932e+00 -6.103552999999999784e+00 -5.146162999999999599e+00 2.195428000000000157e+00 -2.009386999999999812e+00 -4.745134000000000185e+00 -5.432383999999999880e+00 4.361285999999999774e+00
-8.507248999999999839e+00 1.427068000000000048e+01 1.872520000000000095e+01 3.552217999999999876e+00 2.702742999999999896e+00 -6.671243999999999730e+00 -2.733039000000000218e+00 3.636416999999999788e+00 -2.026225000000000165e+00 -5.067671999999999954e+00 -5.981545999999999808e+00 5.002792999999999601e+00
-8.723553000000000779e+00 1.477946999999999989e+01 1.860764999999999958e+01 3.710278000000000187e+00 1.510429000000000022e+00 -5.858304999999999652e+00 -3.128350999999999882e+00 5.473989000000000438e+00 -2.147888000000000019e+00 -4.522827999999999626e+00 -2.930223999999999940e+00 5.108920999999999601e-01
-8.324680000000000746e+00 1.381794999999999973e+01 1.714398999999999873e+01 4.267384999999999984e+00 2.785559000000000118e+00 -5.158083999999999669e+00 -5.234140999999999933e-01 4.735769999999999591e+00 -3.479671000000000181e+00 -6.298513999999999946e+00 -2.392675999999999803e+00 1.463670000000000027e+00
-9.163216999999999501e+00 1.419153999999999982e+01 1.847860000000000014e+01 7.252667999999999893e+00 4.308327000000000240e+00 -3.102510000000000101e+00 -4.706163000000000096e+00 2.912377999999999911e+00 -2.154405999999999821e+00 -5.627460000000000129e+00 -5.135879000000000083e+00 3.714633000000000074e+00
-9.810805999999999472e+00 1.457141000000000020e+01 1.994967000000000112e+01 6.937005000000000088e+00 5.737317000000000000e+00 -1.325998999999999928e+00 -3.682132000000000183e+00 -8.708839000000000441e-01 -2.431407999999999792e+00 -3.894992999999999927e+00 -4.204649999999999999e+00 2.026072000000000095e+00
-9.935385000000000133e+00 1.377351999999999954e+01 1.992668000000000106e+01 9.717496999999999829e+00 5.368297000000000097e+00 -9.827198999999999796e-01 -4.495443999999999996e+00 1.283732000000000095e+00 -3.331935999999999787e+00 -3.891084999999999905e+00 -3.328171000000000213e+00 2.223834000000000088e+00
-9.841675000000000395e+00 1.401150999999999947e+01 1.835622000000000043e+01 1.102824999999999989e+01 4.665574999999999584e+00 -9.451471000000000178e-01 -2.334632000000000041e+00 1.016537000000000024e+00 -2.872981999999999925e+00 -4.752491000000000021e+00 -1.816019999999999968e+00 1.148335000000000106e+00
-1.024033000000000015e+01 1.344092999999999982e+01 1.899294000000000082e+01 9.230487000000000108e+00 5.279797000000000295e+00 -9.109899999999999665e-01 -8.028828999999999549e-01 -5.963781000000000221e-01 -3.182571999999999957e+00 -3.871773999999999827e+00 -1.942112000000000060e+00 2.340323999999999849e+00
-1.057967000000000013e+01 1.385093999999999959e+01 1.844484999999999886e+01 1.004049000000000014e+01 5.879404000000000075e+00 -2.790655000000000108e+00 -4.515381999999999785e+00 6.664814000000000016e-01 5.498941999999999997e-01 -2.231034000000000184e+00 -5.019031000000000020e+00 2.696295000000000108e+00
-1.010074999999999967e+01 1.345695000000000086e+01 1.829095999999999833e+01 8.961097000000000534e+00 4.121584000000000358e+00 -2.421416999999999931e+00 -2.251789000000000041e+00 1.090225000000000048e-02 -1.075183999999999918e+00 -1.515609999999999902e+00 -2.964354000000000156e+00 3.199910000000000032e+00
-1.004143999999999970e+01 1.427926000000000073e+01 1.961889000000000038e+01 9.603417999999999566e+00 1.515705999999999998e+00 -2.592203000000000035e+00 -3.304006999999999916e+00 6.429682999999999926e-02 -3.984304000000000179e-01 -3.606707999999999803e+00 6.787921999999999567e-01 2.795446999999999793e+00
-1.015719999999999956e+01 1.380536000000000030e+01 2.020258000000000109e+01 1.022558000000000078e+01 1.353320999999999996e+00 -3.180730000000000057e+00 -2.384132000000000140e+00 -3.121240000000000125e-01 -5.575708000000000331e-01 -3.601881000000000110e+00 -2.799154999999999838e+00 3.574303000000000008e+00
-1.019711000000000034e+01 1.303511999999999915e+01 2.103062999999999860e+01 1.163255000000000017e+01 5.783374999999999488e-01 -4.286052999999999891e+00 -3.762570000000000192e+00 1.499082999999999943e+00 1.210353999999999930e+00 -4.595013999999999932e+00 -3.605240999999999918e+00 3.302042000000000144e+00
-9.941998999999999143e+00 1.199122000000000021e+01 2.068687999999999860e+01 1.312472999999999956e+01 2.569180999999999937e+00 -4.914886000000000088e+00 -6.314225000000000421e+00 1.304558000000000106e+00 1.075655000000000028e+00 -4.157759999999999678e+00 -4.248733999999999789e+00 4.821285999999999738e+00
-9.405540000000000234e+00 1.171241000000000021e+01 1.948427999999999827e+01 1.377851000000000070e+01 3.920225999999999988e+00 -4.909079000000000192e+00 -6.705757000000000190e+00 -2.071930000000000049e+00 1.858864999999999990e+00 -4.240751000000000381e+00 -3.007016999999999829e+00 4.821015000000000050e+00
-9.638379999999999725e+00 1.129209999999999958e+01 2.035683999999999827e+01 1.301844000000000001e+01 2.995848000000000066e+00 -7.055170000000000385e+00 -6.882443999999999562e+00 -9.318113000000000090e-01 3.281352000000000046e+00 -4.021204000000000001e+00 -5.107437000000000005e+00 3.219956999999999958e+00
-9.489326000000000150e+00 1.166149000000000058e+01 2.072506999999999877e+01 1.044319999999999915e+01 3.748098000000000152e+00 -9.175302000000000291e+00 -8.927756000000000469e+00 -8.658164999999999611e-02 3.553465000000000096e+00 -3.106233000000000022e+00 -6.386840000000000295e+00 2.564633999999999858e+00
-8.082136999999999460e+00 1.171813000000000038e+01 1.699157999999999902e+01 7.964628000000000263e+00 3.970565999999999818e+00 -1.017303000000000068e+01 -8.965911999999999438e+00 1.227678999999999965e+00 3.544775000000000009e+00 -4.292705999999999911e+00 -8.360220999999999236e+00 1.522186000000000039e+00
-7.298503000000000185e+00 1.179631999999999969e+01 1.720332000000000150e+01 4.683840000000000003e+00 3.762712000000000057e+00 -1.273925000000000018e+01 -1.320262999999999920e+01 4.720925000000000260e+00 4.023283000000000165e+00 -3.588086999999999804e+00 -7.358836000000000155e+00 9.410916999999999755e-01
-6.284675000000000011e+00 1.356850999999999985e+01 1.742248000000000019e+01 -8.102546000000000470e-01 7.764474999999999572e-01 -1.301388000000000034e+01 -1.180907000000000018e+01 6.171219999999999928e+00 1.519943999999999962e+00 -3.959823000000000093e+00 -4.894360999999999962e+00 4.522476000000000163e+00
-4.895344999999999835e+00 1.478327999999999953e+01 1.458342000000000027e+01 -4.218865000000000087e+00 -1.665014999999999912e+00 -1.187508000000000052e+01 -9.907443000000000666e+00 5.701525000000000176e+00 -1.347841000000000067e+00 -4.241209999999999702e+00 4.786022000000000193e-02 5.602308999999999983e+00
-3.017622999999999944e+00 1.599499999999999922e+01 1.137836000000000070e+01 -7.934434999999999683e+00 -4.720293999999999990e+00 -8.036504000000000758e+00 -4.918943999999999761e+00 3.200619999999999798e+00 -5.377405999999999686e+00 -4.298453000000000301e+00 8.530846999999999736e-02 6.681600999999999679e+00
-2.009968000000000199e+00 1.742698000000000036e+01 9.733736000000000388e+00 -8.276669999999999305e+00 -8.352852000000000388e+00 -9.838974000000000331e+00 -3.569726000000000177e+00 5.969383999999999801e+00 -2.746430000000000149e+00 -3.890394999999999825e+00 -3.650510000000000144e+00 4.457728999999999608e+00
-1.694220999999999977e+00 1.924285000000000068e+01 9.187877999999999545e+00 -1.110893000000000086e+01 -1.003841000000000072e+01 -7.624909999999999854e+00 -5.347256999999999927e+00 6.407174999999999621e+00 2.739784000000000108e-01 -5.230205999999999911e+00 -2.781378999999999824e+00 3.992040999999999951e+00
-1.369213999999999931e+00 1.859178999999999959e+01 8.757718000000000558e+00 -9.648360999999999521e+00 -1.165292999999999957e+01 -8.801963999999999899e+00 -4.636382000000000225e+00 4.179446999999999690e+00 2.901152999999999871e+00 -1.145253999999999994e+00 -3.016970999999999847e+00 6.931450000000000111e-02
-8.274612000000000078e-01 1.896212999999999838e+01 9.616925000000000168e+00 -7.706278000000000183e+00 -1.409032999999999980e+01 -1.242706000000000088e+01 -5.356194000000000344e+00 8.461648000000000280e+00 6.534225000000000172e+00 -3.961892000000000191e+00 -3.904589999999999783e+00 -1.676677999999999891e+00
-1.378033000000000063e+00 2.002110000000000056e+01 9.679966000000000292e+00 -8.101658000000000470e+00 -1.488358000000000025e+01 -1.124419999999999931e+01 -4.092226000000000141e+00 6.871775000000000411e+00 7.181649000000000171e+00 -6.448404000000000025e+00 -3.797458999999999918e+00 1.566886000000000001e+00
-1.932795000000000041e+00 1.903745999999999938e+01 1.034967999999999932e+01 -6.535713000000000328e+00 -1.283225000000000016e+01 -1.115982999999999947e+01 -7.240974999999999717e+00 6.494468000000000352e+00 5.922104000000000035e+00 -3.758897000000000155e+00 -2.007052999999999976e+00 -2.015919999999999934e-01
-2.134104999999999919e+00 1.912670999999999921e+01 1.037564000000000064e+01 -1.043637000000000015e+01 -1.127131999999999934e+01 -7.258746000000000365e+00 -4.790038000000000018e+00 6.561377000000000237e+00 4.086775000000000269e-01 -3.709010000000000140e+00 -2.766446999999999878e+00 -1.253522000000000025e+00
-2.812342999999999815e+00 1.713863999999999876e+01 1.163496999999999915e+01 -1.039835000000000065e+01 -9.063693000000000666e+00 -5.978195999999999621e+00 -3.963319999999999954e+00 6.258068999999999882e+00 -4.363361000000000267e+00 -4.924449000000000076e+00 -1.738752999999999993e+00 1.384295000000000053e+00
-3.566872000000000043e+00 1.587504999999999988e+01 1.288650999999999947e+01 -1.061551000000000045e+01 -6.518303999999999654e+00 -4.050710999999999729e+00 -4.326319999999999943e+00 4.962419999999999831e+00 -7.452206000000000330e+00 -6.429092999999999947e+00 4.737748999999999988e-01 4.644383999999999624e+00
-4.842647000000000368e+00 1.580753999999999948e+01 1.476476000000000077e+01 -9.315747000000000000e+00 -3.078577999999999815e+00 -5.083962999999999788e+00 -6.732568999999999804e+00 3.388055000000000039e+00 -5.874924000000000035e+00 -3.436587999999999976e+00 -8.219821000000000488e-01 5.399399999999999977e+00
-6.376619999999999955e+00 1.516830999999999996e+01 1.725041999999999831e+01 -7.820814999999999628e+00 -1.077180000000000026e+00 -6.610445000000000348e+00 -6.695100000000000051e+00 3.661452999999999847e+00 -2.692658999999999914e+00 -3.662112000000000034e+00 -3.510908999999999835e+00 4.900932000000000066e+00
-7.597712999999999717e+00 1.313982000000000028e+01 1.771950999999999965e+01 -1.883691999999999922e+00 2.496106999999999854e+00 -9.464952999999999506e+00 -9.086911999999999878e+00 3.814547000000000132e+00 1.603588000000000013e+00 -4.097068000000000154e+00 -7.143390000000000128e+00 4.097693999999999726e+00
-7.690319999999999823e+00 1.007160999999999973e+01 1.728860999999999848e+01 1.878608000000000056e+00 4.578698000000000157e+00 -6.991296000000000177e+00 -1.067296999999999940e+01 5.495478999999999559e+00 9.474736000000000269e-01 -7.227508000000000266e+00 -8.398142999999999248e+00 2.611772000000000205e+00
-8.378038999999999348e+00 9.991137000000000157e+00 1.882012999999999892e+01 6.561325000000000074e+00 4.904281000000000112e+00 -8.952937999999999619e+00 -1.267463000000000051e+01 3.631099999999999994e+00 3.762575000000000003e+00 -5.686081999999999859e+00 -9.830420000000000158e+00 1.690147999999999984e+00
-8.630945000000000533e+00 1.025620999999999938e+01 1.966264999999999930e+01 6.337748999999999633e+00 3.921037999999999801e+00 -7.124508999999999759e+00 -1.101740999999999993e+01 4.158841999999999928e+00 2.844666000000000139e+00 -7.699707000000000079e+00 -8.868854000000000681e+00 2.038804999999999978e+00
-8.695330000000000226e+00 1.121715999999999980e+01 1.986771999999999849e+01 7.217849000000000181e+00 9.798350000000000115e-01 -5.207612000000000130e+00 -7.217944000000000138e+00 2.641859999999999875e+00 2.014746000000000148e+00 -9.101357999999999393e+00 -8.486074999999999591e+00 4.223665999999999698e+00
-9.812569999999999126e+00 1.141740000000000066e+01 2.142557000000000045e+01 8.817239000000000715e+00 2.017476999999999965e+00 -4.613961999999999897e+00 -6.170194000000000401e+00 4.985433000000000225e-01 -6.651127999999999485e-01 -8.859510999999999470e+00 -6.483068000000000275e+00 7.936709999999999710e+00
-9.952363000000000071e+00 1.096599999999999930e+01 2.098354000000000141e+01 1.048626999999999931e+01 3.007620999999999878e+00 -5.208978000000000108e+00 -7.049850000000000172e+00 1.309431999999999929e+00 1.009392000000000067e+00 -7.726834000000000202e+00 -5.683381999999999934e+00 5.240920000000000023e+00
-9.826681000000000665e+00 1.158788000000000018e+01 2.142705000000000126e+01 9.262556999999999263e+00 2.580547999999999842e+00 -5.746610999999999692e+00 -6.607099999999999973e+00 3.335989000000000093e+00 4.187853999999999743e+00 -6.407022999999999691e+00 -7.809873999999999761e+00 2.925752999999999826e+00
-1.025069000000000052e+01 1.113724999999999987e+01 2.197141999999999840e+01 1.044915999999999912e+01 3.352689999999999948e+00 -7.431581000000000437e+00 -8.350944000000000145e+00 5.062783999999999729e+00 2.254271000000000136e+00 -4.687431000000000125e+00 -4.996987999999999985e+00 4.059225999999999779e+00
-1.049389000000000038e+01 1.286082000000000036e+01 2.150233000000000061e+01 9.186963000000000434e+00 1.288367000000000040e+00 -3.503172999999999870e+00 -4.471726000000000312e+00 1.690506000000000064e+00 3.923831999999999876e-01 -4.638924000000000269e+00 -3.320111999999999952e+00 3.635527999999999871e+00
-1.072959999999999958e+01 1.266019999999999968e+01 2.031901999999999830e+01 9.586009000000000668e+00 2.750646000000000146e+00 -3.049565999999999999e+00 -3.221506999999999898e+00 3.438700000000000090e-02 -1.053458999999999923e+00 -3.439347000000000154e+00 -2.105176999999999854e+00 4.447163999999999895e+00
-1.027670999999999957e+01 1.186974000000000018e+01 1.895992999999999995e+01 9.393587000000000131e+00 2.929269999999999818e+00 -2.628067000000000153e+00 -2.623038999999999898e+00 8.384076000000000306e-01 -8.612422000000000133e-02 -4.679844000000000115e+00 -1.829293000000000058e+00 2.720134999999999970e+00
-1.128855000000000075e+01 1.141206000000000031e+01 1.998008000000000095e+01 8.991792999999999481e+00 3.536185000000000134e+00 -1.247095999999999982e+00 -5.149257000000000417e+00 1.148112000000000021e-01 1.821930999999999967e+00 -5.091580999999999690e+00 -4.571074000000000304e+00 4.685018999999999600e+00
-1.207593999999999923e+01 8.815459999999999852e+00 2.013916000000000039e+01 1.145250000000000057e+01 3.095308999999999866e+00 -3.623063999999999840e+00 -3.572131999999999863e+00 3.011191000000000173e+00 6.106705999999999940e-02 -8.130293999999999244e+00 -6.750657000000000352e+00 5.624793999999999627e+00
-1.132029999999999959e+01 1.014732000000000056e+01 1.867364999999999853e+01 1.210122999999999927e+01 5.013079000000000285e+00 -2.576149000000000022e+00 -5.749444000000000443e+00 1.300791999999999948e+00 -2.131594000000000211e+00 -9.065034999999999954e+00 -7.698002999999999929e+00 4.569884000000000057e+00
-1.262541000000000047e+01 1.000943999999999967e+01 1.696302000000000021e+01 1.225929000000000002e+01 8.557137000000000882e+00 -4.259590999999999794e-01 -6.140632000000000090e+00 -1.009826999999999947e-01 -3.424814000000000025e+00 -8.291677999999999216e+00 -6.872956000000000287e+00 2.663244000000000167e+00
-1.228452000000000055e+01 1.026784999999999926e+01 1.388775000000000048e+01 1.292910000000000004e+01 7.373755000000000059e+00 1.414083999999999897e+00 -5.479599999999999582e+00 -2.149252000000000162e+00 -4.791900000000000048e+00 -1.040324000000000026e+01 -6.555119999999999614e+00 1.524081999999999937e+00
-1.481864999999999988e+01 9.088354000000000710e+00 1.430493000000000059e+01 3.368958999999999815e+00 1.342765999999999904e+00 5.907792999999999850e+00 -2.013570000000000082e+00 -3.970206999999999820e+00 -4.630642999999999843e-01 -4.363743000000000372e+00 -6.940742000000000189e+00 3.245693000000000161e+00
