-7.015614000000000239e+00 1.692834999999999823e+01 1.473981999999999992e+01 -7.749597000000000291e-01 2.685134999999999827e+00 -6.898952999999999669e+00 -3.248718999999999912e+00 2.192375999999999880e+00 -1.230950999999999951e+01 -4.166860999999999926e+00 -2.284572999999999965e+00 -1.667092999999999936e+00
-7.095163999999999582e+00 1.745993999999999957e+01 1.469007000000000041e+01 -1.950752000000000042e+00 3.535388000000000197e+00 -4.966633999999999993e+00 -1.893423000000000078e+00 3.991032999999999942e-01 -1.205499999999999972e+01 -3.994238999999999873e+00 -4.360002999999999851e+00 -1.707300000000000040e+00
-7.099248000000000225e+00 1.672307999999999950e+01 1.393005999999999922e+01 -1.150139000000000022e+00 5.654691999999999830e+00 -4.935235999999999734e+00 -4.540846000000000160e+00 5.972016999999999465e-01 -1.135496999999999979e+01 -2.892262000000000111e+00 -4.043072000000000443e+00 -1.492788999999999922e+00
-7.316112999999999644e+00 1.739771999999999963e+01 1.350187000000000026e+01 -1.774858999999999964e+00 5.645597000000000421e+00 -4.622187000000000268e+00 -3.794166000000000150e+00 4.604370999999999881e-01 -1.333529000000000053e+01 -2.335659999999999847e+00 -2.187876999999999850e+00 -1.173462000000000005e+00
-7.295495999999999981e+00 1.750522000000000133e+01 1.417253000000000007e+01 -1.554343999999999948e+00 4.715460000000000207e+00 -6.029986000000000068e+00 -1.747038000000000091e+00 -1.086319000000000035e-01 -1.379217000000000048e+01 -2.664344999999999963e+00 -2.521488999999999869e+00 -1.271304999999999907e+00
-7.396245999999999654e+00 1.752850000000000108e+01 1.454991000000000057e+01 -3.381283999999999956e+00 5.687515999999999572e+00 -4.678055999999999770e+00 -3.411747999999999781e+00 1.427434000000000092e+00 -1.133431999999999995e+01 -3.827790999999999944e+00 -4.201798000000000144e+00 -3.768511999999999862e+00
-7.215946999999999889e+00 1.762415000000000020e+01 1.413012999999999941e+01 -1.936455000000000037e+00 3.994524000000000186e+00 -4.372393999999999892e+00 -4.437203000000000230e+00 8.689995000000000358e-01 -9.071089999999999876e+00 -2.648064999999999891e+00 -7.512634000000000256e+00 -3.921899999999999942e+00
-6.833174999999999777e+00 1.809415999999999869e+01 1.314236999999999966e+01 -2.167800999999999867e+00 3.739053000000000182e+00 -5.577034000000000269e+00 -3.241531999999999858e+00 1.952976000000000045e+00 -9.630185000000000883e+00 -3.420795000000000030e+00 -6.781034000000000006e+00 -4.665833000000000119e+00
-6.694303999999999810e+00 1.741296000000000177e+01 1.215460000000000029e+01 -2.888265999999999778e+00 3.175514000000000170e+00 -6.483399999999999608e+00 -1.201591000000000076e+00 3.738580999999999932e+00 -9.744275999999999271e+00 -6.901310999999999751e+00 -5.638412999999999897e+00 -4.671410999999999980e+00
-6.365992000000000317e+00 1.755855000000000032e+01 1.242055000000000042e+01 -3.572340000000000071e+00 1.182363000000000053e+00 -7.000531999999999755e+00 -9.617755999999999528e-01 3.535537000000000152e+00 -1.031886000000000081e+01 -5.871190999999999605e+00 -3.202005000000000212e+00 -6.856030999999999764e+00
-6.477050000000000196e+00 1.953230999999999895e+01 1.135463999999999984e+01 -6.244947999999999944e+00 6.164505999999999597e-01 -7.579534999999999911e+00 1.621342999999999979e+00 -1.211403999999999925e+00 -6.058271000000000406e+00 -3.868491000000000124e+00 -8.120172999999999419e+00 -5.448113000000000206e+00
-6.210392999999999830e+00 1.966689999999999827e+01 1.099304000000000059e+01 -6.968013000000000012e+00 -9.357550000000000034e-01 -1.221756000000000064e+01 2.841600999999999821e+00 2.831186999999999898e+00 -7.730395999999999823e+00 -3.421356999999999982e+00 -9.750178000000000011e+00 -4.306532999999999944e+00
-5.746711000000000347e+00 2.006771000000000171e+01 1.065000000000000036e+01 -8.280706000000000344e+00 -2.274408999999999903e+00 -1.601340000000000074e+01 3.129455000000000098e+00 4.790901999999999994e+00 -9.502155999999999381e+00 3.838857999999999854e-02 -1.107524000000000086e+01 -4.223563999999999652e+00
-5.245101000000000013e+00 1.968129000000000062e+01 1.090999000000000052e+01 -9.073088000000000264e+00 -2.379602999999999913e+00 -1.757772999999999897e+01 -2.945298000000000083e-01 4.950171000000000099e+00 -8.631247000000000114e+00 -4.915480999999999878e-01 -7.574404000000000359e+00 -5.177824000000000204e+00
-4.537713000000000108e+00 2.005415999999999954e+01 1.082169000000000025e+01 -7.970512000000000263e+00 -5.858520999999999646e+00 -2.038548000000000116e+01 1.258216000000000001e+00 4.154810000000000336e+00 -8.321498999999999313e+00 -5.201780999999999766e-01 -5.250328999999999802e+00 -4.972145000000000259e+00
-4.251216999999999580e+00 2.062574000000000041e+01 1.013876999999999917e+01 -9.355988999999999223e+00 -6.933003000000000249e+00 -2.036977999999999867e+01 7.445429000000000075e-01 3.800657000000000174e+00 -7.681352000000000402e+00 5.285547000000000217e+00 -6.520660000000000345e+00 -6.242013000000000034e+00
-3.265892000000000017e+00 1.913637999999999906e+01 9.235447999999999880e+00 -1.034506000000000014e+01 -8.178326999999999458e+00 -1.888626000000000005e+01 1.070600999999999914e+00 4.000486999999999682e+00 -6.650407000000000401e+00 3.488309999999999800e+00 -4.781970000000000276e+00 -4.178011999999999837e+00
-2.914433999999999969e+00 1.951348000000000127e+01 7.693704000000000320e+00 -8.900228999999999502e+00 -9.291169000000000011e+00 -2.007980999999999838e+01 -3.444596999999999798e-01 4.958827000000000318e+00 -3.144055999999999962e+00 3.424593999999999916e+00 -4.018832999999999878e+00 -3.266049000000000202e+00
-2.929410999999999987e+00 1.975112999999999985e+01 8.278866000000000724e+00 -9.839041999999999177e+00 -8.759662000000000504e+00 -2.158134000000000086e+01 -9.231934000000000529e-01 7.084241999999999706e+00 -7.022072999999999787e-01 3.559324000000000154e+00 -3.570281000000000038e+00 -8.706365999999999827e-01
-2.925132000000000065e+00 1.908494999999999919e+01 8.828637999999999764e+00 -9.183127999999999957e+00 -1.055785000000000018e+01 -1.869787000000000177e+01 -9.144934000000000118e-01 6.403882000000000296e+00 1.381882000000000055e+00 3.783312000000000008e+00 -4.967019999999999769e+00 -1.262388999999999872e-01
-2.225134000000000167e+00 1.805923999999999907e+01 9.484579999999999345e+00 -7.882132999999999612e+00 -1.194830999999999932e+01 -1.874266000000000076e+01 -1.633181999999999912e+00 7.867980000000000196e+00 -9.783994999999999775e-01 2.270128999999999841e+00 -2.146697000000000077e+00 -3.049593999999999916e-01
-2.043279000000000067e+00 1.910506000000000171e+01 9.032569000000000514e+00 -9.410576000000000718e+00 -1.178419000000000061e+01 -1.975059999999999860e+01 -6.735436000000000201e-01 9.632564000000000348e+00 -7.466045000000000043e-01 5.397261000000000308e+00 -2.858489000000000058e+00 -1.518121000000000054e+00
-2.143444999999999823e+00 1.963389000000000095e+01 9.095990000000000464e+00 -1.001882999999999946e+01 -1.248850999999999978e+01 -1.818767000000000067e+01 -1.638099999999999890e+00 6.796864000000000239e+00 1.114983000000000057e+00 3.816432999999999964e+00 -2.240264999999999951e+00 4.201484999999999803e-01
-1.962757000000000085e+00 2.033709999999999951e+01 8.919040999999999997e+00 -9.756294000000000466e+00 -1.419100000000000072e+01 -1.904971000000000103e+01 -1.710347000000000062e+00 8.313886999999999361e+00 2.906359999999999832e+00 4.904654999999999987e+00 -1.412751000000000090e+00 -1.821410999999999891e+00
-1.805797000000000097e+00 1.980508999999999986e+01 8.458268999999999593e+00 -9.272373999999999228e+00 -1.319125999999999976e+01 -1.875513000000000119e+01 -1.186460000000000070e+00 9.437680000000000291e+00 2.923913000000000206e+00 4.818764999999999965e+00 -3.141017000000000170e+00 -2.032668999999999837e+00
-1.749975999999999976e+00 1.930312999999999946e+01 7.627129000000000048e+00 -6.889598000000000333e+00 -1.444607000000000063e+01 -1.720187999999999917e+01 -3.211650000000000116e+00 7.017714999999999925e+00 6.748787000000000091e+00 4.791820000000000412e+00 -4.806208999999999953e+00 -6.772745000000000015e-01
-1.567731999999999903e+00 1.958670000000000044e+01 7.504489999999999661e+00 -8.145103999999999900e+00 -1.575942000000000043e+01 -1.812117999999999896e+01 -1.163008000000000042e+00 1.043411000000000044e+01 3.921301999999999843e+00 4.136695999999999707e+00 -3.099314999999999820e+00 -7.163188000000000333e-01
-1.724107999999999974e+00 1.977483000000000146e+01 7.519908000000000037e+00 -1.138654999999999973e+01 -1.621302000000000021e+01 -1.592567999999999984e+01 9.662017000000000522e-01 9.273464000000000595e+00 3.998739000000000043e+00 5.758505000000000429e+00 -2.810532999999999948e+00 -8.999198000000000475e-01
-1.869591999999999921e+00 1.966563000000000017e+01 7.176870000000000083e+00 -1.165212000000000003e+01 -1.395925000000000082e+01 -1.494589999999999996e+01 -1.470531999999999950e+00 6.651195999999999664e+00 5.222245000000000026e+00 6.756626999999999938e+00 -1.776075000000000070e+00 7.641944000000000514e-02
-1.658951000000000064e+00 1.768044000000000082e+01 5.940320999999999962e+00 -1.137832000000000043e+01 -1.582901999999999987e+01 -1.343190000000000062e+01 -7.378472999999999837e-01 9.212130000000000152e+00 6.796799000000000035e+00 2.562043000000000070e+00 -3.099314999999999820e+00 1.968439999999999968e+00
-4.379780000000000229e+00 1.508516000000000012e+01 7.913752999999999815e+00 -6.159601999999999578e+00 -1.542287999999999926e+01 -1.581071000000000026e+01 -7.658382999999999718e-01 8.708104000000000511e+00 5.152034999999999698e+00 1.690511000000000097e+00 -2.016379999999999839e+00 2.733057000000000070e+00
-5.108952999999999633e+00 1.426534999999999975e+01 6.715398000000000422e+00 -4.115612999999999744e+00 -1.094974999999999987e+01 -9.598197000000000756e+00 -3.704140999999999906e+00 3.370083999999999858e+00 5.110735000000000028e+00 1.682652000000000037e+00 -1.459926000000000057e+00 2.786277999999999810e+00
-4.523320000000000007e+00 1.289025999999999961e+01 4.835170999999999886e+00 -6.481060000000000265e+00 -1.634707999999999828e+01 -9.407503999999999422e+00 -3.183279999999999887e+00 9.249969000000000108e+00 1.121536000000000044e+01 -1.983959999999999946e+00 -1.426565000000000083e+00 4.834011000000000280e+00
-5.933817000000000341e+00 1.311119000000000057e+01 2.683387999999999884e+00 -8.533713000000000548e+00 -1.265104999999999968e+01 -7.475647000000000375e+00 -2.520573999999999870e+00 5.664165999999999812e+00 9.284077999999999165e+00 -2.146758000000000166e+00 -3.388097999999999832e+00 1.610999000000000070e+00
-4.133545999999999943e+00 1.330249000000000059e+01 7.096052000000000470e-01 -1.095288000000000039e+01 -1.403677000000000064e+01 -9.320237999999999801e+00 -2.253902000000000072e+00 1.000056999999999974e+01 9.792581000000000202e+00 -3.325080999999999953e+00 -3.159260999999999875e+00 2.139491000000000032e+00
-1.141943000000000019e+01 7.923157999999999923e+00 -4.434562999999999811e+00 -1.020425999999999966e+01 -1.218519000000000041e+01 -5.821286999999999878e+00 5.187232999999999983e-01 4.342273999999999745e+00 5.346661000000000108e+00 -2.608234999999999859e-01 -3.861132999999999926e-01 4.289799000000000251e-01
-8.617107999999999990e+00 1.067778999999999989e+01 2.893275000000000041e+00 -7.594899999999999984e+00 -1.123845000000000027e+01 2.969197999999999976e-02 3.837931000000000203e+00 3.445019999999999971e+00 1.157724999999999937e+01 -2.205982999999999805e+00 -2.956227000000000160e+00 3.460024000000000211e+00
-5.030375000000000263e+00 9.669430000000000192e+00 3.888400999999999996e+00 -1.077655999999999992e+01 -1.401937000000000033e+01 1.654039999999999955e+00 2.360457999999999945e+00 5.446283000000000207e+00 2.003957000000000122e+01 -5.143089999999999939e+00 -1.131972000000000023e+01 8.031458000000000652e+00
-4.214262999999999870e+00 1.005753999999999948e+01 2.920255000000000045e+00 -9.217786999999999509e+00 -1.125941000000000081e+01 1.024709000000000092e+00 5.135353000000000279e+00 2.073170000000000179e+00 1.553790000000000049e+01 -3.456443000000000154e+00 -1.048203999999999958e+01 5.132188000000000194e+00
-2.833133999999999819e+00 8.673344000000000165e+00 -1.364740999999999982e+00 -1.481558000000000064e+01 -7.786419000000000423e+00 2.118074000000000012e+00 6.218682000000000265e+00 -9.702730999999999995e-01 1.720692000000000021e+01 -1.757725999999999900e+00 -1.357238000000000078e+01 7.263587000000000238e+00
-1.771760000000000002e+00 9.995955999999999619e+00 -1.116659999999999986e+00 -1.397771000000000008e+01 -9.822279999999999234e+00 4.405458999999999570e+00 9.245497000000000298e+00 -7.526370000000000005e-01 1.360454999999999970e+01 -8.901232999999999507e-01 -1.411970999999999954e+01 4.160032000000000174e+00
-2.151419999999999888e+00 1.337401999999999980e+01 2.781147999999999954e+00 -1.475233000000000061e+01 -1.143341000000000030e+01 5.876052999999999749e+00 7.818331999999999837e+00 -1.943453000000000097e+00 1.186273000000000089e+01 1.975379999999999914e-01 -1.305631999999999948e+01 4.468899999999999650e+00
-2.204129000000000005e+00 1.378794000000000075e+01 1.080675000000000052e+00 -1.390058999999999934e+01 -6.620188999999999879e+00 5.221326999999999607e+00 6.910135999999999612e+00 -2.338413000000000075e+00 1.164849000000000068e+01 -1.842494000000000076e+00 -1.216729999999999912e+01 5.101511000000000351e+00
-2.384039000000000019e+00 1.426492999999999967e+01 3.546063000000000187e+00 -1.347428999999999988e+01 -9.240152999999999395e+00 5.836807000000000301e+00 6.713821000000000261e+00 -2.672286999999999857e+00 1.164746000000000059e+01 -2.607925999999999966e+00 -1.035432999999999915e+01 6.369752000000000081e+00
-2.241471999999999909e+00 1.255758999999999936e+01 3.354397000000000073e+00 -1.278111999999999959e+01 -9.628897000000000261e+00 8.677338999999999913e+00 6.604125999999999941e+00 -4.931250999999999607e+00 1.012453000000000003e+01 -1.637872999999999912e+00 -1.084093000000000018e+01 7.954763999999999946e+00
-1.683457999999999899e+00 1.236692999999999998e+01 2.601043999999999912e+00 -1.315933000000000064e+01 -8.079855000000000231e+00 7.453306000000000431e+00 4.977619999999999933e+00 -2.963870000000000005e+00 9.320213999999999999e+00 -2.127390999999999810e+00 -7.529315000000000424e+00 5.981866000000000128e+00
-2.510851000000000166e+00 1.062382999999999988e+01 4.321841000000000044e+00 -1.327327000000000012e+01 -7.535694000000000337e+00 7.446842000000000183e+00 2.132369000000000181e+00 -2.129185000000000105e+00 1.095051999999999914e+01 -1.104567999999999994e+00 -8.690440000000000609e+00 4.810073000000000043e+00
-3.048442999999999792e+00 9.934587000000000501e+00 4.463401000000000174e+00 -1.286170000000000080e+01 -5.780217999999999634e+00 4.646017999999999759e+00 -3.845549999999999802e-01 -7.113355000000000095e-01 1.369283000000000072e+01 -2.207666999999999824e+00 -7.895766000000000062e+00 3.979684999999999917e+00
-4.343797999999999604e+00 8.508917000000000286e+00 8.136955000000000382e+00 -1.250774999999999970e+01 -5.358651000000000053e+00 6.714896999999999672e-01 -3.132594000000000101e+00 2.525012999999999952e+00 1.437273000000000067e+01 -2.052166999999999852e+00 -7.632004000000000232e+00 5.607692000000000121e+00
-5.447378999999999749e+00 8.693659000000000248e+00 1.016610000000000014e+01 -1.344050000000000011e+01 -4.967929999999999957e+00 -2.017596000000000167e+00 -5.056032000000000082e+00 5.703984000000000165e+00 1.244247999999999976e+01 -3.814038000000000039e+00 -3.929695999999999856e+00 7.166440999999999839e+00
-6.093695000000000306e+00 9.029920999999999864e+00 1.135219000000000023e+01 -1.182801000000000080e+01 -3.743170999999999804e+00 -3.945298000000000194e+00 -6.264185999999999588e+00 2.053879999999999928e+00 1.387041999999999931e+01 -3.433145999999999809e+00 -2.518883000000000205e+00 8.343579000000000079e+00
-6.700916999999999568e+00 1.029412999999999911e+01 1.194610999999999912e+01 -1.208361999999999981e+01 -7.107345999999999941e-01 -6.862476000000000020e+00 -7.102403999999999940e+00 2.768616999999999884e+00 1.054372000000000043e+01 -2.118970000000000020e+00 -1.687459999999999960e+00 5.616755000000000386e+00
-7.091274000000000299e+00 1.039485999999999954e+01 1.350572999999999979e+01 -8.955681999999999476e+00 1.701610000000000067e+00 -7.188454000000000121e+00 -1.116829000000000072e+01 1.389100000000000001e+00 8.869531000000000276e+00 -1.096427999999999958e+00 -2.543903999999999943e+00 6.709529999999999994e+00
-6.758683000000000440e+00 1.058510000000000062e+01 1.261326999999999998e+01 -3.925857000000000152e+00 4.144802000000000319e+00 -1.054565999999999981e+01 -1.458774000000000015e+01 7.889496000000000286e+00 6.806091000000000335e+00 -4.836018000000000150e+00 -5.663173999999999708e+00 6.201258000000000159e+00
-7.567792999999999992e+00 1.041496000000000066e+01 1.443848000000000020e+01 -2.275243000000000126e+00 3.492281999999999886e+00 -8.949011999999999745e+00 -1.378508000000000067e+01 8.135078000000000031e+00 7.830841999999999636e+00 -7.199400999999999939e+00 -5.812516999999999712e+00 5.775489000000000317e+00
-8.067069000000000045e+00 1.107160999999999973e+01 1.536949000000000076e+01 -2.563808000000000198e-01 3.323812999999999906e+00 -8.609643999999999409e+00 -1.209009999999999962e+01 8.057669999999999888e+00 7.316143000000000285e+00 -7.083758000000000443e+00 -5.915727999999999653e+00 3.957838999999999885e+00
-8.052675999999999945e+00 1.055504999999999960e+01 1.487087000000000003e+01 2.418394000000000155e+00 4.911215999999999582e+00 -6.554967999999999684e+00 -8.444081999999999866e+00 5.205152000000000001e+00 4.465425999999999895e+00 -7.349567999999999657e+00 -7.700811999999999991e+00 5.229798999999999864e+00
-8.589100999999999431e+00 1.233688000000000073e+01 1.464347000000000065e+01 2.751983000000000068e+00 7.560840999999999923e+00 -6.271006999999999998e+00 -6.345889999999999809e+00 5.626327999999999996e+00 7.887144999999999850e-01 -6.007884999999999920e+00 -8.120692999999999273e+00 2.331923000000000190e+00
-9.553615999999999886e+00 1.173503000000000007e+01 1.625319000000000003e+01 4.183815000000000062e+00 7.560444999999999638e+00 -3.965613999999999972e+00 -3.353873999999999800e+00 5.672575000000000145e+00 -2.878188999999999886e+00 -7.597694999999999865e+00 -7.533744999999999692e+00 2.167844999999999800e+00
-9.370787999999999229e+00 1.252500000000000036e+01 1.602086999999999861e+01 5.480045999999999751e+00 8.602498999999999896e+00 7.065808000000000089e-01 -4.488267999999999702e+00 3.683429999999999982e+00 -5.077402000000000193e+00 -8.277238000000000540e+00 -3.283323000000000214e+00 -1.529657000000000100e-01
-9.763477999999999213e+00 1.319710000000000072e+01 1.493674999999999997e+01 5.264728999999999992e+00 9.569414000000000087e+00 -1.667608999999999897e+00 -2.501282999999999923e+00 5.413389999999999702e+00 -3.497685000000000155e+00 -7.141580000000000261e+00 -6.339780000000000193e+00 1.163848999999999911e+00
-9.914408999999999139e+00 1.319519999999999982e+01 1.556640999999999941e+01 6.533233000000000068e+00 8.471600000000000463e+00 -2.724496999999999947e+00 -3.106116000000000099e+00 5.491540999999999784e+00 -2.435764999999999958e+00 -6.334604999999999819e+00 -7.667710999999999721e+00 1.964023999999999992e+00
-9.970617999999999981e+00 1.450235999999999947e+01 1.409263999999999939e+01 5.954000999999999877e+00 7.624906000000000184e+00 -3.301654000000000089e+00 -1.273838000000000026e+00 3.651527000000000189e+00 -3.254532999999999898e+00 -2.598101999999999911e+00 -4.342018999999999629e+00 1.628662000000000054e+00
-1.041582000000000008e+01 1.380762000000000000e+01 1.553627000000000002e+01 5.945337000000000316e+00 6.215463999999999878e+00 -7.233815000000000106e-01 -1.187216999999999967e+00 2.748336999999999808e+00 -6.562613000000000474e-01 -1.164074000000000053e+00 -4.708210000000000228e+00 -2.801700999999999997e+00
-1.110920999999999914e+01 1.298146000000000022e+01 1.679769999999999897e+01 8.257063999999999737e+00 6.491895000000000415e+00 -9.523970000000000491e-01 -2.277353999999999878e+00 2.423614000000000157e+00 1.155281999999999976e-01 -9.454185999999999979e-01 -5.418178000000000161e+00 -3.105688999999999922e+00
-1.089137000000000022e+01 1.296136000000000088e+01 1.572688999999999915e+01 9.803701999999999472e+00 5.657065000000000232e+00 -3.237012000000000000e+00 -3.367113999999999940e+00 9.187096000000000151e-01 3.380307000000000173e-01 -5.788698999999999928e-02 -2.205601000000000145e+00 6.609215000000000506e-01
-1.204687999999999981e+01 1.309214000000000055e+01 1.852831000000000117e+01 1.023822999999999972e+01 4.054240000000000066e+00 -3.197303999999999924e+00 -2.030352000000000157e+00 2.839100999999999875e+00 5.176846999999999976e-01 -5.737892999999999466e-01 -4.246366000000000085e+00 -1.813192999999999888e-01
-1.156783000000000072e+01 1.227613999999999983e+01 1.726757999999999882e+01 1.009960000000000058e+01 4.437841999999999842e+00 -2.105323999999999973e+00 -1.084330999999999934e+00 2.428806999999999938e+00 1.068003999999999953e+00 -1.405183999999999989e+00 -3.655768999999999824e+00 -1.351485000000000047e+00
-1.147602999999999973e+01 1.261430999999999969e+01 1.746345000000000169e+01 9.090602000000000515e+00 4.124633000000000216e+00 -2.528836999999999890e-01 -1.210291000000000006e+00 1.469972000000000056e+00 -1.642776999999999987e-01 8.245922999999999448e-01 -6.788071000000000410e+00 -7.307280000000000442e-01
-1.103373999999999988e+01 1.215023000000000053e+01 1.718174000000000134e+01 9.715756000000000725e+00 6.114620000000000388e+00 -2.279395000000000060e+00 -7.643252999999999853e-01 9.706455000000000499e-01 -2.107947999999999933e+00 -8.547567999999999833e-01 -4.428810000000000358e+00 4.364168999999999965e-01
-1.088612000000000002e+01 1.199277999999999977e+01 1.733030000000000115e+01 1.195556999999999981e+01 5.215328999999999660e+00 -2.800682000000000116e+00 -3.387917999999999985e+00 -8.213901999999999592e-01 -9.706557999999999575e-01 9.197152000000000105e-03 -4.022742000000000040e+00 5.651699999999999502e-01
-1.070698999999999934e+01 1.212102999999999930e+01 1.716982000000000141e+01 1.357585000000000086e+01 6.034735999999999656e+00 -6.390132000000000367e+00 -4.600989000000000217e+00 5.504594000000000431e-01 -7.352471000000000423e-01 -1.785514000000000046e+00 -5.943094999999999573e+00 1.223576999999999915e+00
-9.917909999999999116e+00 1.214282000000000039e+01 1.795681000000000083e+01 1.197808999999999990e+01 6.939562999999999704e+00 -8.941623999999999128e+00 -7.815040999999999904e+00 -3.062355999999999967e-01 2.201166999999999874e+00 -2.078831999999999791e+00 -8.679232999999999976e+00 3.578551000000000037e+00
-8.472402999999999906e+00 1.112345999999999968e+01 1.678438999999999837e+01 1.201144999999999996e+01 6.508899999999999686e+00 -9.886312999999999462e+00 -1.334061999999999948e+01 1.416800000000000059e+00 4.559899999999999842e+00 -2.604839000000000127e+00 -8.105836999999999293e+00 1.997025999999999968e+00
-7.919251000000000040e+00 1.188020000000000032e+01 1.589052000000000042e+01 8.696794999999999831e+00 6.347548999999999886e+00 -1.423576000000000086e+01 -1.478253999999999913e+01 6.862154000000000309e+00 4.786016000000000048e+00 -5.957080999999999626e+00 -7.207951999999999693e+00 1.362789000000000028e+00
-7.399746999999999630e+00 1.263059999999999938e+01 1.499070999999999998e+01 4.172118000000000215e+00 4.778338999999999892e+00 -1.402106000000000030e+01 -1.554321000000000019e+01 4.849515000000000242e+00 6.280034999999999812e+00 -4.746478999999999893e+00 -5.860212999999999894e+00 6.307466999999999935e+00
-6.609892000000000323e+00 1.332258999999999993e+01 1.437927000000000000e+01 -9.543177000000000465e-01 1.348853999999999997e+00 -1.424084000000000039e+01 -1.266657000000000011e+01 7.206167999999999907e+00 2.096369000000000149e+00 -4.176123999999999725e+00 -2.542339999999999822e+00 5.156590999999999703e+00
-5.553768999999999956e+00 1.425900000000000034e+01 1.296226000000000056e+01 -5.702542000000000222e+00 -4.718728999999999840e-01 -1.182878999999999969e+01 -1.184008000000000038e+01 6.217901999999999596e+00 6.426165000000000349e-01 -4.464669999999999916e+00 -1.914992999999999945e+00 6.538478999999999708e+00
-4.219514000000000209e+00 1.575408000000000008e+01 9.665034000000000347e+00 -8.843474000000000501e+00 -3.543460000000000054e+00 -8.102669999999999817e+00 -7.785915000000000141e+00 6.228784000000000098e+00 -6.583263000000000309e-01 -6.225978999999999708e+00 -3.219206999999999930e+00 7.234303999999999846e+00
-3.609375000000000000e+00 1.581925999999999988e+01 8.586864000000000274e+00 -1.005263000000000062e+01 -5.688075000000000436e+00 -9.895547999999999789e+00 -5.032201999999999842e+00 1.127621000000000073e+01 -6.629724999999999646e-01 -7.462965999999999767e+00 -2.183707000000000065e+00 2.114390999999999909e+00
-3.031715999999999855e+00 1.693830000000000169e+01 8.309701000000000448e+00 -1.032598999999999911e+01 -1.035379000000000005e+01 -9.510469000000000506e+00 -1.021919000000000022e+00 8.348262999999999323e+00 3.325037000000000020e+00 -7.363322000000000145e+00 -2.348949000000000176e+00 5.575006999999999602e-01
-1.066705000000000014e+00 1.728027000000000157e+01 4.672587000000000046e+00 -6.329862000000000322e+00 -1.319284000000000034e+01 -1.055026999999999937e+01 -1.734177000000000080e+00 9.120376999999999512e+00 5.953767000000000031e+00 -7.469140999999999586e+00 -1.921508999999999912e+00 1.025800000000000045e+00
-1.111051000000000011e+00 1.676012000000000057e+01 6.753591000000000122e+00 -4.921857000000000149e+00 -1.322289999999999921e+01 -1.285473999999999961e+01 -3.811566000000000010e+00 7.697333000000000425e+00 8.067799000000000831e+00 -4.311695000000000277e+00 -1.818559000000000037e+00 1.227526999999999958e-02
-1.340557999999999916e+00 1.847549000000000063e+01 5.971155999999999686e+00 -4.664517000000000024e+00 -1.232281000000000049e+01 -1.169811999999999941e+01 -3.687876000000000154e+00 4.335843999999999809e+00 3.031292000000000098e+00 -7.006598000000000548e-01 1.997908000000000017e+00 -7.165512000000000548e-01
-2.033748000000000111e+00 1.894169000000000125e+01 7.276381999999999906e+00 -3.540713999999999917e+00 -1.323198999999999970e+01 -1.284736000000000011e+01 -4.672479000000000049e+00 4.967235999999999763e+00 4.902688000000000379e+00 -3.051692000000000071e+00 2.960690000000000044e+00 4.292122999999999911e-01
-1.745697000000000054e+00 1.812716999999999956e+01 7.873808000000000362e+00 -3.199759999999999938e+00 -1.342261000000000060e+01 -1.226742999999999917e+01 -4.736782999999999966e+00 3.776667999999999914e+00 6.496858999999999718e+00 -2.001081999999999805e+00 3.215085999999999777e-01 -1.311744000000000021e+00
-2.465339000000000169e+00 1.747877000000000081e+01 7.794618999999999964e+00 -5.446934999999999860e+00 -1.042615999999999943e+01 -1.184172000000000047e+01 -3.820644000000000151e+00 8.661115000000000563e+00 2.351910999999999863e+00 -4.162651000000000323e+00 -3.145186999999999955e+00 -2.237651000000000057e+00
-2.784120999999999846e+00 1.699860999999999933e+01 7.321583000000000396e+00 -9.053592999999999336e+00 -8.472156999999999272e+00 -7.159366000000000341e+00 -2.649181000000000008e+00 8.952450999999999937e+00 -1.787875000000000103e+00 -8.739530000000000243e+00 -2.542339999999999822e+00 -2.354700000000000126e-01
-3.730741999999999781e+00 1.488687000000000005e+01 8.848960999999999189e+00 -8.363454000000000832e+00 -6.773234000000000421e+00 -5.018347000000000335e+00 -3.088337999999999806e+00 8.390800000000000480e+00 -7.128968000000000416e+00 -1.163790000000000013e+01 -2.634603999999999946e+00 5.073157000000000139e+00
-4.963078999999999574e+00 1.498780999999999963e+01 1.111743000000000059e+01 -7.878232999999999819e+00 -3.452107999999999954e+00 -4.791178000000000381e+00 -5.501618999999999815e+00 3.710388000000000019e+00 -6.624594000000000094e+00 -1.019769999999999932e+01 -1.940095999999999835e-02 8.374489999999999768e+00
-6.287219999999999587e+00 1.311647999999999925e+01 1.322855999999999987e+01 -5.957282000000000188e+00 -2.183213999999999988e-02 -5.681846000000000174e+00 -7.740902000000000172e+00 3.492751000000000161e+00 -3.212200999999999862e+00 -9.779754999999999754e+00 -1.785719000000000056e+00 7.598716999999999722e+00
-7.592883999999999745e+00 1.109192999999999962e+01 1.491397000000000084e+01 -1.865404999999999980e+00 2.733382000000000200e+00 -4.921384999999999899e+00 -1.005204999999999949e+01 1.794942000000000037e+00 -1.508552999999999977e-01 -6.332359000000000293e+00 -5.628249000000000279e+00 5.701119000000000270e+00
-7.640145999999999660e+00 9.779894999999999783e+00 1.401941000000000059e+01 3.847194000000000003e+00 5.216120000000000090e+00 -5.783887000000000000e+00 -1.024760999999999989e+01 2.828218999999999816e+00 2.673369000000000092e-02 -8.465298999999999907e+00 -6.753146000000000093e+00 3.757039999999999935e+00
-8.324972999999999956e+00 1.014663000000000004e+01 1.464136000000000060e+01 6.677932000000000201e+00 8.034214000000000411e+00 -8.052341000000000193e+00 -9.621976000000000084e+00 4.315565000000000317e+00 1.722604999999999942e+00 -8.158789000000000513e+00 -1.128609999999999935e+01 3.534858999999999973e+00
-9.062898000000000565e+00 1.037179000000000073e+01 1.641085999999999956e+01 7.735884999999999678e+00 7.155091999999999786e+00 -5.671225999999999878e+00 -1.001196000000000019e+01 1.365852999999999984e+00 1.224942999999999893e+00 -7.603869999999999685e+00 -8.083683000000000618e+00 3.497441999999999940e+00
-9.618772999999999129e+00 1.092262999999999984e+01 1.718102999999999980e+01 1.183512999999999948e+01 4.062545000000000073e+00 -8.526071999999999207e+00 -7.670547000000000004e+00 2.730529999999999902e+00 -1.146860000000000067e-02 -7.949677000000000326e+00 -3.839777000000000218e+00 3.687317999999999873e+00
-1.006067000000000000e+01 1.119964000000000048e+01 1.811974999999999980e+01 8.079437999999999676e+00 3.098793000000000131e+00 -4.543694000000000344e+00 -6.845189000000000412e+00 2.910822000000000020e+00 -6.015390999999999933e-01 -7.200523999999999702e+00 -3.874702000000000091e+00 6.133626999999999718e+00
-1.038683999999999941e+01 1.230704000000000065e+01 1.787517000000000067e+01 8.264428000000000551e+00 3.775040999999999869e+00 -3.647946999999999829e+00 -3.226402000000000214e+00 6.419654000000000194e-01 -1.665008000000000044e+00 -7.489912000000000347e+00 -3.981301000000000201e+00 6.538247000000000142e+00
-1.063211000000000084e+01 1.198664999999999914e+01 1.658850999999999942e+01 8.597151000000000209e+00 5.172619000000000078e+00 -3.199612000000000123e+00 -1.808694000000000024e+00 2.489647000000000165e+00 -1.958237000000000005e+00 -5.889154999999999696e+00 -5.032960000000000100e+00 3.632236999999999938e+00
-1.120839999999999925e+01 1.222832000000000008e+01 1.716141000000000005e+01 8.604082000000000008e+00 4.821444999999999759e+00 -2.208750999999999909e+00 -1.870727999999999946e+00 1.975729000000000068e+00 -2.259208999999999801e+00 -4.471687000000000189e+00 -3.803809000000000218e+00 2.380961000000000105e+00
-1.089137000000000022e+01 1.188761000000000045e+01 1.716702000000000083e+01 8.294321000000000055e+00 3.353473000000000148e+00 -1.221120999999999901e+00 -4.099420000000000286e+00 -2.515792000000000028e-01 -1.526653999999999956e+00 -2.326677999999999802e+00 -3.396177999999999919e+00 3.840240999999999794e+00
-1.172128999999999976e+01 1.173207000000000022e+01 1.764846000000000004e+01 9.652070999999999401e+00 2.424128000000000061e+00 -4.159076999999999913e+00 -4.852151000000000103e+00 1.420509000000000022e+00 -2.180738999999999983e+00 8.414051999999999643e-02 -1.777638999999999969e+00 4.008270999999999695e+00
-1.185432999999999915e+01 1.199046000000000056e+01 1.662215000000000131e+01 9.087569000000000230e+00 1.812340999999999980e+00 -2.066539000000000126e+00 -2.828097000000000083e+00 -4.561077000000000048e-01 -1.051706999999999947e+00 5.890961000000000114e-01 -2.446686999999999834e+00 1.601703000000000099e+00
-1.257221999999999973e+01 1.097427000000000064e+01 1.687899000000000171e+01 9.700592999999999577e+00 5.502832999999999863e+00 -2.881946000000000119e+00 -4.930829000000000129e+00 1.014915000000000012e+00 4.707062000000000190e-01 -1.545245999999999897e+00 -2.924169000000000018e+00 1.708377000000000034e+00
-1.381292000000000009e+01 6.757564999999999600e+00 1.766318000000000055e+01 1.201275000000000048e+01 6.108687999999999896e+00 -3.031083000000000194e+00 -7.885337999999999514e-01 3.532569000000000070e+00 -2.830178000000000083e+00 -6.188367000000000395e+00 -5.860733999999999888e+00 4.508176999999999879e+00
-1.143110000000000070e+01 1.077386000000000088e+01 1.661935000000000073e+01 1.134731000000000023e+01 4.859409000000000312e+00 -2.264619000000000160e+00 -2.848901000000000128e+00 -1.052133999999999903e+00 -3.627780000000000005e+00 -4.276048000000000293e+00 -5.260233000000000381e+00 -8.039359999999999840e-01
-1.289819999999999922e+01 9.058064999999999145e+00 1.524789999999999957e+01 9.648604999999999876e+00 5.508765000000000356e+00 -2.399904999999999955e+00 -5.371876999999999569e+00 -1.088791999999999954e-01 -3.876094999999999846e+00 -8.656446000000000751e+00 -6.227446999999999733e+00 1.936600000000000099e+00
-1.261383999999999972e+01 8.782750000000000057e+00 1.109394999999999953e+01 1.006277000000000044e+01 4.516144999999999854e+00 -3.456904000000000088e-01 -4.992862999999999829e+00 -2.230337000000000014e+00 -3.904488000000000181e+00 -9.542013000000000744e+00 -4.517947000000000379e+00 1.660501000000000005e+00
