-8.519586000000000325e+00 1.312185000000000024e+01 1.312931000000000026e+01 6.589701000000000031e-01 8.072661000000000087e+00 -9.760118000000000293e+00 -7.037662000000000084e+00 3.041608000000000089e+00 -1.071424999999999983e+01 -7.049136999999999986e+00 8.539212000000000469e-01 -6.029577999999999882e+00
-8.481602000000000530e+00 1.654345999999999961e+01 1.417713999999999963e+01 2.528514000000000039e-01 4.220392000000000365e+00 -6.817637000000000391e+00 -5.804775000000000240e+00 2.670346000000000108e-01 -7.715457999999999927e+00 -4.090259999999999785e+00 -1.238976000000000077e+00 -6.595301000000000080e+00
-8.674288000000000665e+00 1.731649000000000171e+01 1.421552999999999933e+01 -7.574147999999999992e-02 5.210004999999999775e+00 -8.836282000000000636e+00 -5.354955000000000354e+00 2.971338999999999952e+00 -9.873706999999999567e+00 -3.695323999999999831e+00 -1.373116000000000003e+00 -5.840340999999999561e+00
-8.202989999999999782e+00 1.645328999999999908e+01 1.390451999999999977e+01 1.182836999999999916e+00 4.973994000000000248e+00 -8.640226000000000184e+00 -3.369832999999999856e+00 2.143063999999999858e+00 -1.252483999999999931e+01 -4.175742999999999761e+00 8.909405000000000241e-01 -4.641706000000000110e+00
-8.387195000000000178e+00 1.654555999999999827e+01 1.452937999999999974e+01 2.048436999999999897e-01 4.930145000000000444e+00 -9.183505000000000251e+00 -1.906755999999999895e+00 3.298165000000000013e+00 -8.990664999999999907e+00 -5.428935000000000066e+00 -3.563569999999999904e+00 -4.484274000000000093e+00
-8.409321000000000268e+00 1.574657999999999980e+01 1.569238000000000000e+01 3.994693000000000271e-01 5.917608999999999675e+00 -6.366445999999999827e+00 -4.663541000000000381e+00 2.923795999999999840e+00 -9.392868999999999247e+00 -6.162099999999999689e+00 -1.438444000000000056e+00 -4.432393000000000249e+00
-8.158182999999999296e+00 1.623781999999999925e+01 1.433425000000000082e+01 8.389988000000000445e-01 3.982660999999999785e+00 -6.814667000000000030e+00 -4.797009000000000079e+00 5.475901999999999603e+00 -6.305401999999999951e+00 -6.282632999999999690e+00 -5.078095000000000248e+00 -3.927496000000000098e+00
-8.294446999999999903e+00 1.626533999999999835e+01 1.342502999999999957e+01 -1.296693000000000096e+00 3.236797000000000146e+00 -5.068982000000000099e+00 -1.603496999999999950e+00 4.983121999999999829e+00 -6.986672000000000438e+00 -8.132785999999999405e+00 -2.118075000000000152e+00 -2.927839000000000080e+00
-8.243002000000000606e+00 1.558852000000000082e+01 1.400652999999999970e+01 -3.175478000000000023e+00 2.931573000000000206e+00 -3.247053000000000189e+00 4.230171999999999821e-01 5.889141999999999655e+00 -1.089896000000000065e+01 -8.516892000000000351e+00 8.327984999999999971e-01 -3.406895000000000007e+00
-7.844721999999999973e+00 1.566191000000000066e+01 1.253359999999999985e+01 -4.065241999999999578e+00 3.294402999999999970e+00 -3.074762000000000217e+00 -7.796454000000000405e-03 5.667271999999999643e+00 -9.968737000000000847e+00 -7.182775999999999605e+00 -3.444890000000000008e+00 -3.518210999999999977e+00
-7.354064000000000156e+00 1.624988000000000099e+01 1.206939000000000028e+01 -5.679337000000000302e+00 2.292321999999999971e+00 -2.703114999999999934e+00 -3.448448000000000069e-01 5.621521999999999686e+00 -7.914217999999999975e+00 -9.608805999999999514e+00 -6.205658999999999814e+00 -2.300692999999999877e+00
-7.762115999999999794e+00 1.489858000000000082e+01 1.361448000000000036e+01 -5.502875999999999657e+00 1.500029999999999974e+00 -1.472321999999999909e+00 -5.705518999999999785e+00 8.978880000000000194e+00 -6.980648999999999660e+00 -1.245369999999999955e+01 -4.989466000000000179e+00 -2.714550000000000018e+00
-7.441462999999999717e+00 1.527421999999999969e+01 1.261711999999999989e+01 -5.372800999999999938e+00 1.382238999999999995e+00 -2.951979999999999826e+00 -3.417559999999999931e+00 8.331808000000000547e+00 -8.549645999999999191e+00 -9.253477999999999426e+00 -5.298904000000000281e+00 -4.692395000000000316e+00
-7.452712000000000003e+00 1.605641999999999925e+01 1.208290000000000042e+01 -4.760055000000000369e+00 3.569450000000000123e-01 -3.427925999999999807e+00 -5.290754999999999875e+00 7.209897999999999918e+00 -6.844796999999999798e+00 -1.071097999999999928e+01 -2.427294999999999980e+00 -7.209724999999999717e+00
-6.593091000000000257e+00 1.629260000000000019e+01 1.149074000000000062e+01 -5.403616999999999670e+00 9.814949000000000590e-02 -4.614489999999999981e+00 -7.405966000000000271e+00 6.756888000000000005e+00 -5.098120999999999903e+00 -9.466046999999999656e+00 -2.288145999999999791e+00 -8.129274000000000555e+00
-6.109621999999999886e+00 1.626744000000000057e+01 1.314353000000000016e+01 -4.733132000000000339e+00 -5.328818000000000055e+00 -7.569182999999999772e+00 -5.561068999999999818e+00 6.435743999999999687e+00 -2.444980999999999849e+00 -1.084033999999999942e+01 -2.848444000000000198e+00 -7.346086999999999811e+00
-6.008208999999999911e+00 1.736996999999999858e+01 1.233347999999999978e+01 -4.429840000000000444e+00 -6.100905000000000022e+00 -1.135760999999999932e+01 -6.483518000000000114e+00 6.845098000000000127e+00 9.837907000000000179e-01 -1.318317000000000050e+01 -3.147864999999999913e+00 -3.692738999999999994e+00
-5.192287999999999570e+00 1.701426000000000016e+01 9.708216000000000179e+00 -4.382157000000000302e+00 -5.005107999999999890e+00 -1.629100999999999999e+01 -3.670135000000000147e+00 4.898501000000000438e+00 1.777155999999999958e+00 -9.377143999999999480e+00 -3.522196000000000105e+00 -1.548118000000000105e+00
-4.379317000000000348e+00 1.592300000000000004e+01 9.260718999999999923e+00 -7.205849999999999866e+00 -7.241840999999999973e+00 -1.366802000000000028e+01 -6.506747999999999976e+00 9.304807999999999524e+00 1.569696999999999898e+00 -7.251163000000000025e+00 -1.154266999999999932e+00 -2.680757999999999974e+00
-3.692652999999999963e+00 1.657753999999999905e+01 8.026281000000000887e+00 -4.958249000000000350e+00 -6.318431000000000353e+00 -2.202843000000000018e+01 -4.093768999999999991e+00 8.619163000000000352e+00 1.971230999999999955e+00 -3.524642000000000053e+00 -5.786687999999999832e+00 -3.745301999999999798e-01
-2.507032000000000149e+00 1.654739999999999966e+01 7.479618000000000322e+00 -3.799577999999999900e+00 -1.004302000000000028e+01 -2.088709000000000060e+01 -5.156019999999999825e+00 9.445942999999999756e+00 4.462754000000000332e+00 -3.468223000000000056e+00 -5.301300000000000345e+00 5.589332999999999663e-01
-2.798735000000000195e+00 1.564827999999999975e+01 7.434122000000000341e+00 -2.527051000000000158e+00 -1.016167000000000087e+01 -2.310245000000000104e+01 -3.702234999999999943e+00 1.022068999999999939e+01 3.509109000000000034e+00 -5.740277999999999770e-01 -3.790477000000000096e+00 5.125318999999999708e-02
-2.457984999999999864e+00 1.723261000000000109e+01 6.606660999999999895e+00 -4.342907000000000295e+00 -1.132840000000000025e+01 -2.031212000000000018e+01 -3.508369000000000071e+00 1.022907000000000011e+01 3.014552000000000120e+00 -7.119415999999999523e-01 -2.999352000000000018e+00 -1.039841999999999933e+00
-2.275071000000000065e+00 1.833802999999999983e+01 6.425386999999999738e+00 -4.958573000000000341e+00 -1.193111000000000033e+01 -2.022466000000000008e+01 -4.060824000000000211e+00 9.351454000000000377e+00 4.402188999999999908e+00 1.587571000000000065e+00 -2.608908000000000005e+00 -1.491665000000000019e+00
-2.854420999999999875e+00 1.787536000000000058e+01 7.691459000000000046e+00 -2.376539999999999875e+00 -1.098578000000000010e+01 -2.028440000000000154e+01 -6.263887000000000427e+00 7.370171000000000028e+00 4.729440000000000310e+00 2.270016000000000034e+00 -2.698624999999999829e+00 1.267379999999999951e+00
-2.656572000000000155e+00 1.826829999999999998e+01 7.417060000000000208e+00 -3.484608999999999845e+00 -1.093247000000000035e+01 -1.931501000000000090e+01 -5.111671000000000298e+00 6.823568999999999996e+00 4.834507999999999583e+00 1.512061000000000099e+00 -1.543404999999999916e+00 1.360408000000000062e+00
-2.859398999999999802e+00 1.817916999999999916e+01 7.821905000000000108e+00 -1.960042000000000062e+00 -1.016854999999999976e+01 -2.215550999999999959e+01 -6.337379000000000318e+00 5.285427999999999571e+00 5.319026000000000032e+00 2.011000999999999816e+00 2.298763000000000112e+00 2.151346999999999898e+00
-2.802608000000000210e+00 1.874433000000000149e+01 7.790981000000000378e+00 -3.283819999999999961e+00 -1.116159999999999997e+01 -1.910048000000000101e+01 -6.021025999999999989e+00 4.524729999999999919e+00 5.177819999999999645e+00 2.554391999999999996e+00 2.477761999999999798e+00 2.281547000000000214e+00
-2.192648999999999848e+00 1.853068999999999988e+01 5.500892999999999589e+00 -2.899758999999999975e+00 -9.806580999999999548e+00 -2.081613000000000113e+01 -6.026517000000000124e+00 3.784365000000000201e+00 6.018031999999999826e+00 5.490473999999999855e+00 4.482333000000000012e-01 3.839970000000000105e+00
-2.402114999999999778e+00 1.836056999999999917e+01 6.344346999999999959e+00 -2.968526999999999916e+00 -1.207685000000000031e+01 -1.985235000000000127e+01 -8.244785000000000252e+00 5.924426000000000414e+00 8.128097000000000349e+00 1.538561000000000067e+00 2.654583000000000137e+00 2.707727999999999913e+00
-1.870705999999999980e+00 1.828559999999999874e+01 4.406142000000000003e+00 -6.168171000000000070e+00 -1.285580999999999996e+01 -1.713398000000000110e+01 -4.076451999999999742e+00 2.934560999999999975e+00 6.259622000000000241e+00 3.439149000000000012e+00 2.789594999999999825e+00 1.631939000000000028e+00
-2.238561999999999941e+00 1.766749000000000080e+01 4.311239999999999739e+00 -4.899212000000000344e+00 -1.367475999999999914e+01 -1.657420000000000115e+01 -5.155598000000000347e+00 6.943175000000000097e+00 6.410531999999999897e+00 9.616476000000000190e-02 1.733238000000000056e+00 2.058120000000000172e+00
-2.580972000000000044e+00 1.616259000000000157e+01 4.885983999999999661e+00 -4.644902000000000086e+00 -1.491285000000000061e+01 -1.748945000000000149e+01 -4.174863000000000213e+00 7.072351000000000276e+00 6.433284999999999698e+00 -3.043937999999999811e+00 -2.723364999999999814e-01 3.873960999999999988e+00
-3.515823999999999838e+00 1.233492999999999995e+01 6.546947000000000294e+00 -4.045454999999999579e+00 -1.618059999999999832e+01 -1.562989999999999924e+01 -4.237372999999999834e+00 1.126066999999999929e+01 7.323019999999999641e+00 -6.141583999999999932e+00 1.877831999999999946e+00 3.205271000000000203e+00
-4.784787999999999819e+00 1.278919999999999924e+01 7.029277000000000442e+00 -5.599540000000000184e+00 -1.408788000000000018e+01 -1.470374999999999943e+01 -5.085062999999999889e+00 1.146818999999999988e+01 6.188015000000000043e+00 -5.862052000000000263e+00 1.252942999999999973e-01 4.419209999999999638e+00
-5.731072000000000166e+00 1.252025000000000077e+01 7.557813999999999588e+00 -1.988911000000000096e+00 -1.256691999999999965e+01 -1.556256999999999913e+01 -4.637354000000000198e+00 1.371589999999999954e+01 9.403638000000000829e+00 -6.508309999999999818e+00 -8.875102000000000269e-01 -3.520681999999999978e-01
-6.573176000000000130e+00 1.231474000000000046e+01 7.161500000000000199e+00 -6.213419000000000025e-01 -7.304174999999999862e+00 -1.158996999999999922e+01 -7.092991999999999742e+00 7.700883000000000145e+00 4.766581999999999653e+00 -6.612314999999999721e+00 5.187876999999999628e-01 -7.925611999999999657e-01
-7.172808999999999990e+00 1.298396999999999935e+01 6.116511000000000031e+00 -1.345024999999999915e+00 -8.402981999999999729e+00 -1.051628000000000007e+01 -5.350730999999999682e+00 6.145101000000000369e+00 2.938930000000000042e+00 -5.501881000000000022e+00 -7.490143999999999691e-01 1.564751999999999921e+00
-8.130157000000000522e+00 1.174932000000000087e+01 4.292758000000000074e+00 -3.320799000000000056e+00 -9.572720000000000340e+00 -8.899323000000000761e+00 -6.285004999999999953e+00 3.039813999999999794e+00 -8.759841000000000433e-01 -7.020356999999999736e+00 1.195151999999999992e+00 2.503185000000000215e+00
-1.335998000000000019e+01 8.009211999999999776e+00 1.199117999999999989e-01 -3.088220999999999883e+00 -5.753122000000000291e+00 -5.239292999999999978e+00 -7.638266999999999918e+00 -3.554695000000000160e+00 -1.985892999999999908e+00 9.883302000000000476e-01 6.145068000000000197e+00 1.422228000000000048e+00
-1.395444999999999958e+01 7.357812000000000019e+00 -6.510339000000000542e-01 -4.493742000000000125e+00 -5.673161999999999594e+00 -4.807244999999999990e+00 -6.849708999999999826e+00 -4.020264000000000060e+00 -2.960618000000000194e+00 1.874511999999999956e+00 3.465088000000000168e+00 1.865105999999999931e+00
-1.333286999999999978e+01 7.610769999999999591e+00 -1.986771000000000065e+00 -5.525581999999999994e+00 -8.404700999999999311e+00 -7.222620000000000040e+00 -6.600934999999999775e+00 -1.893956999999999891e+00 -2.308124999999999982e+00 1.443958999999999993e+00 3.833321999999999896e+00 5.712574999999999736e-01
-1.354068000000000005e+01 8.034900999999999627e+00 5.283719999999999750e+00 -9.693973000000000173e-01 1.035315999999999903e+00 -5.033666000000000196e+00 -1.189023000000000074e+01 2.347407999999999995e-01 -2.012662000000000173e+00 -2.601986999999999828e+00 2.914153999999999911e+00 -2.016837999999999909e+00
-1.116981000000000002e+01 6.108488000000000362e+00 1.457914000000000065e+01 3.707780000000000076e+00 9.912172999999999234e+00 -1.101534000000000013e+01 -2.327258000000000138e+01 1.018540999999999919e+01 1.607841999999999993e+00 -6.531959999999999766e+00 -5.519277999999999906e+00 -5.880493999999999666e+00
-1.123047000000000040e+01 2.974692000000000114e+00 1.682621999999999929e+01 1.173316999999999943e+01 1.199198999999999948e+01 -1.345612999999999992e+01 -2.047145000000000081e+01 1.348714999999999975e+01 2.783335000000000115e+00 -1.024024000000000001e+01 -8.078618000000000521e+00 -8.607535000000000380e+00
-1.070772999999999975e+01 4.978434000000000026e+00 1.668654000000000082e+01 1.301055999999999990e+01 9.037770999999999333e+00 -1.388718000000000075e+01 -1.834313999999999822e+01 1.351167000000000051e+01 -1.522178999999999893e-01 -9.552670000000000883e+00 -5.060020999999999880e+00 -5.622281000000000084e+00
-1.085228999999999999e+01 7.967009000000000007e+00 1.693818999999999875e+01 7.933101999999999876e+00 6.365127000000000201e+00 -8.964674999999999727e+00 -1.239453999999999922e+01 1.230962000000000067e+01 -1.304621999999999948e+00 -9.231536999999999438e+00 -1.969562999999999953e+00 -3.443868000000000151e+00
-1.132174000000000014e+01 7.472101999999999578e+00 1.871253000000000100e+01 1.047490999999999950e+01 8.022793999999999315e+00 -1.240192000000000050e+01 -1.148728999999999978e+01 1.557548000000000066e+01 9.794407000000000529e-01 -8.359887999999999764e+00 -4.774971999999999994e+00 -4.424044000000000310e+00
-1.094707000000000008e+01 9.541116000000000597e+00 1.875873999999999953e+01 1.115804999999999936e+01 6.652295999999999765e+00 -9.980268000000000583e+00 -9.238191000000000486e+00 1.071645999999999965e+01 3.071636000000000012e-05 -6.063223999999999947e+00 -1.539050000000000029e+00 -3.227397999999999989e+00
-1.130846999999999980e+01 9.585677999999999699e+00 1.937293999999999983e+01 1.176204000000000072e+01 8.609598000000000084e+00 -8.512824000000000169e+00 -9.881453999999999738e+00 9.156494999999999607e+00 -2.337569999999999926e+00 -6.922050999999999732e+00 1.069722000000000062e+00 2.919739000000000084e-01
-1.205709000000000053e+01 1.018229000000000006e+01 2.097916000000000025e+01 1.272607999999999961e+01 7.314760999999999846e+00 -5.324118000000000350e+00 -8.924794999999999590e+00 6.911777999999999977e+00 -4.451984999999999637e+00 -7.155706000000000344e+00 2.640646999999999966e+00 1.112843000000000027e-01
-1.179598999999999975e+01 9.308080000000000354e+00 2.007208999999999932e+01 1.376960000000000051e+01 7.292405999999999722e+00 -5.738343000000000416e+00 -8.307295999999999125e+00 6.776024999999999743e+00 -6.448951000000000100e+00 -8.816371000000000180e+00 4.160616000000000092e+00 -1.168649999999999967e+00
-1.165844000000000058e+01 9.126421999999999812e+00 1.953609000000000151e+01 1.309749000000000052e+01 8.201629999999999754e+00 -6.758556999999999704e+00 -9.902150999999999925e+00 7.682941999999999716e+00 -5.402953000000000117e+00 -6.135601000000000305e+00 1.676403000000000088e+00 -3.068773000000000195e+00
-1.135641000000000034e+01 8.736629999999999896e+00 1.864607000000000170e+01 1.291033000000000008e+01 7.460064000000000028e+00 -4.897020999999999624e+00 -9.485697999999999297e+00 8.884688999999999837e+00 -3.482947999999999933e+00 -7.488522999999999818e+00 -8.092496000000000411e-02 -3.828901999999999806e+00
-1.184486000000000061e+01 7.529509000000000007e+00 1.889665000000000106e+01 1.347668999999999961e+01 6.547831999999999653e+00 -5.448220000000000063e+00 -9.112747999999999848e+00 9.584687000000000623e+00 -2.754163000000000139e+00 -8.998165999999999443e+00 -2.223688999999999805e+00 -1.370211000000000068e+00
-1.221658000000000044e+01 6.912448999999999621e+00 1.899759999999999849e+01 1.298719999999999963e+01 7.395579999999999821e+00 -6.357864000000000182e+00 -8.218175999999999704e+00 1.004338000000000086e+01 -4.740421000000000440e+00 -7.505620000000000402e+00 2.089144000000000001e-01 -3.976593999999999962e+00
-1.183619000000000021e+01 5.980043000000000220e+00 1.940315000000000012e+01 1.362946999999999953e+01 7.361619000000000135e+00 -5.750885000000000247e+00 -8.307717999999999492e+00 9.112539999999999196e+00 -5.260407999999999973e+00 -9.785472000000000392e+00 4.231907999999999781e-01 -3.829298999999999786e+00
-1.159684999999999988e+01 6.304300999999999711e+00 2.104384999999999906e+01 1.405180999999999969e+01 8.178845000000000809e+00 -8.351423999999999737e+00 -1.331697999999999915e+01 9.470162999999999442e+00 -3.552213000000000065e+00 -1.023311999999999955e+01 -1.657294000000000045e+00 -2.201700999999999908e+00
-1.081652000000000058e+01 6.704577999999999705e+00 2.130651999999999902e+01 1.280003999999999920e+01 8.250206999999999624e+00 -1.319373000000000040e+01 -1.413256999999999941e+01 9.477339999999999876e+00 -2.816734999999999989e+00 -8.909264000000000294e+00 -4.658905999999999992e+00 -3.627339999999999787e+00
-9.807726999999999862e+00 6.697237999999999580e+00 2.014032999999999873e+01 1.113048000000000037e+01 8.651726999999999279e+00 -1.341849999999999987e+01 -1.892980999999999980e+01 9.796390999999999849e+00 -2.260609000000000091e+00 -1.145725000000000016e+01 -3.986242999999999981e+00 -3.258605999999999892e+00
-8.856094999999999828e+00 6.121069999999999567e+00 1.941274999999999906e+01 9.484590999999999994e+00 5.915029999999999788e+00 -1.484930999999999912e+01 -2.175332999999999828e+01 1.157853000000000065e+01 -1.952096999999999971e+00 -9.527309999999999945e+00 -8.683471999999999857e-01 -4.511307999999999652e+00
-8.341649999999999565e+00 5.672037000000000440e+00 1.624508000000000152e+01 7.947373999999999938e+00 4.839868000000000059e+00 -1.545992000000000033e+01 -2.093858000000000175e+01 1.315136000000000038e+01 1.169165999999999928e+00 -8.499795999999999907e+00 5.873823000000000238e-01 -5.046617999999999604e+00
-8.090880999999999545e+00 5.477534999999999599e+00 1.606096000000000146e+01 7.623647000000000062e+00 2.670198000000000071e+00 -1.647121999999999886e+01 -2.084693000000000040e+01 1.147566999999999915e+01 4.098696000000000339e+00 -8.028211000000000652e+00 6.490084999999999882e-01 -2.255570000000000075e+00
-7.708274000000000292e+00 5.398895000000000444e+00 1.470532000000000039e+01 7.530874999999999986e+00 4.287024999999999864e+00 -1.603784999999999883e+01 -2.485941000000000045e+01 1.016596999999999973e+01 3.648976999999999915e+00 -7.923920999999999992e+00 4.561078000000000188e+00 -3.377078000000000024e+00
-7.397026000000000323e+00 5.328119000000000050e+00 1.354303999999999952e+01 7.540606000000000364e+00 5.293834000000000373e+00 -1.804296000000000078e+01 -2.725634000000000157e+01 1.023714000000000013e+01 4.494207000000000285e+00 -6.444196999999999953e+00 3.146068999999999782e+00 -2.118612000000000162e+00
-7.855601000000000056e+00 6.342048000000000130e+00 1.467723999999999940e+01 6.517525000000000013e+00 2.674497000000000124e+00 -1.836938999999999922e+01 -2.559854999999999947e+01 9.657946000000000808e+00 3.747352999999999934e+00 -2.067998999999999921e+00 3.674355999999999955e+00 -3.608655000000000168e+00
-7.676929000000000336e+00 5.510563000000000322e+00 1.243763000000000041e+01 4.394484000000000279e+00 4.014903000000000333e+00 -1.718546999999999869e+01 -2.620380000000000109e+01 1.061449999999999960e+01 7.047968000000000011e+00 -3.966877999999999904e+00 2.271760000000000002e+00 -2.841966999999999910e+00
-7.625853000000000215e+00 5.705066000000000415e+00 1.111824000000000012e+01 4.164500999999999564e+00 4.072078999999999560e+00 -1.601970000000000027e+01 -2.405311000000000021e+01 9.010574999999999335e+00 7.467571999999999655e+00 -4.744494999999999685e+00 4.138404000000000416e+00 -2.346213000000000104e+00
-7.368998999999999633e+00 5.971129999999999605e+00 8.212175000000000225e+00 3.663664999999999949e+00 5.923626999999999754e+00 -1.553054999999999986e+01 -2.451391999999999882e+01 7.089095999999999620e+00 8.083926999999999197e+00 -2.747595000000000010e+00 3.912803999999999949e+00 3.774486000000000230e-01
-7.429662999999999684e+00 5.956712999999999703e+00 9.141291999999999973e+00 3.285442000000000196e+00 3.385110000000000063e+00 -1.698577999999999832e+01 -2.208614999999999995e+01 7.251462000000000074e+00 7.190178000000000402e+00 -3.104916999999999927e+00 4.553891000000000133e+00 -8.806201000000000167e-01
-8.047364999999999213e+00 4.991016000000000119e+00 7.872021000000000157e+00 2.299014999999999809e+00 6.811785999999999675e+00 -1.524802000000000035e+01 -2.423050999999999888e+01 7.584266999999999648e+00 5.037618000000000151e+00 -1.494973000000000107e+00 4.909059000000000061e+00 6.746223999999999554e-01
-7.914789999999999992e+00 2.767345000000000166e+00 6.315202000000000204e+00 9.145784000000000136e-01 9.250137999999999749e+00 -1.274023000000000039e+01 -2.413589999999999947e+01 8.971104999999999663e+00 5.677062000000000275e+00 -2.169907000000000086e-01 6.192103999999999608e+00 -2.981707999999999803e+00
-9.780989999999999185e+00 1.565728999999999926e+00 8.387406999999999613e+00 3.532617000000000118e+00 8.300074999999999648e+00 -1.448227999999999938e+01 -2.414308000000000121e+01 6.706653000000000198e+00 5.544889999999999652e+00 4.836910999999999849e-01 4.884234000000000187e+00 -2.668632000000000115e+00
-1.092402000000000051e+01 1.716455000000000064e+00 6.876794000000000295e+00 4.217050000000000409e+00 9.686908999999999992e+00 -1.376077000000000083e+01 -2.322781000000000162e+01 5.416695999999999955e+00 7.028226000000000084e+00 8.016906000000000310e-01 4.644044000000000061e+00 -8.557727000000000528e-01
-1.175081999999999915e+01 4.320481000000000016e+00 5.230404000000000053e+00 2.148829000000000100e+00 9.522690000000000765e+00 -9.153468999999999411e+00 -2.221370999999999896e+01 2.001628999999999881e+00 2.803077000000000041e+00 -2.687470999999999943e+00 2.777266999999999930e-01 -3.252642999999999951e+00
-1.187546000000000035e+01 7.026739000000000068e+00 5.348054000000000308e+00 3.230623000000000022e+00 5.911590000000000344e+00 -9.423458000000000112e+00 -1.704859000000000080e+01 -1.372473000000000054e+00 -3.025532999999999806e+00 -4.889816999999999858e+00 7.346729999999999927e-02 -1.714693999999999940e+00
