-6.740853000000000428e+00 1.368623000000000012e+01 1.454632999999999932e+01 1.551055999999999990e+00 5.334005000000000329e+00 -9.238357000000000596e+00 -4.784523000000000081e+00 2.517812999999999857e+00 -8.790236999999999412e+00 -9.878724000000000061e+00 -2.892065999999999804e+00 -9.033594999999999819e-01
-6.409132999999999747e+00 1.772490000000000165e+01 1.315653000000000006e+01 -2.048405999999999949e+00 5.926141999999999577e+00 -7.259955999999999854e+00 -2.931238000000000010e+00 5.751142000000000198e-01 -9.185250999999999166e+00 -1.089626999999999946e+01 -4.243350999999999651e+00 2.576019999999999976e-01
-6.048881999999999870e+00 1.637010000000000076e+01 1.275252000000000052e+01 -1.242841000000000085e+00 8.253697999999999979e+00 -5.356817000000000384e+00 -4.592988000000000071e+00 -1.323804999999999898e+00 -8.975184000000000495e+00 -1.105469000000000079e+01 -5.454252999999999574e+00 1.516558000000000073e+00
-6.102110999999999841e+00 1.776349000000000089e+01 1.330850000000000044e+01 -1.141572000000000031e+00 7.187437000000000076e+00 -5.633360999999999841e+00 -3.042968000000000117e+00 -2.183015000000000150e+00 -1.173481999999999914e+01 -1.002040000000000042e+01 -3.119550999999999963e+00 9.892653000000000141e-01
-6.454483999999999888e+00 1.775384000000000029e+01 1.464795999999999943e+01 -1.571347000000000049e+00 6.966317000000000093e+00 -6.921859999999999680e+00 -2.639677999999999969e+00 -3.200487000000000193e-01 -1.391050000000000075e+01 -9.299813000000000329e+00 -9.617274999999999574e-01 4.923969000000000262e-02
-6.558811999999999642e+00 1.890778999999999854e+01 1.557967000000000013e+01 -2.544971999999999790e-01 6.066516000000000020e+00 -9.091917000000000471e+00 -3.653754000000000168e+00 7.967037000000000146e-01 -1.232133999999999929e+01 -7.128283999999999843e+00 -7.305930000000000479e-01 -3.608989000000000225e-01
-6.381028999999999840e+00 1.793511000000000166e+01 1.505880999999999936e+01 -6.729817000000000160e-01 6.537327999999999584e+00 -8.610588999999999160e+00 -3.660493000000000219e+00 9.322009999999999463e-01 -1.140715999999999930e+01 -6.902162999999999826e+00 -2.518844000000000083e+00 7.897722999999999549e-02
-6.268609999999999793e+00 1.787604999999999933e+01 1.625157000000000096e+01 -2.331747000000000014e+00 4.075609000000000037e+00 -7.578507000000000104e+00 -2.963515999999999817e+00 2.943382999999999861e+00 -1.087744000000000000e+01 -6.635912000000000255e+00 -3.476958000000000215e+00 -2.659270999999999940e+00
-6.022268000000000399e+00 1.649493999999999971e+01 1.436204000000000036e+01 -1.762593999999999994e+00 5.051186999999999649e+00 -7.610304000000000180e+00 -3.487756000000000078e+00 4.909316999999999709e+00 -1.248662999999999990e+01 -7.344634000000000107e+00 -2.296225000000000183e+00 -2.319385000000000030e+00
-5.744416000000000189e+00 1.625784000000000162e+01 1.495594000000000001e+01 -2.271761999999999837e+00 3.425085999999999853e+00 -5.570642999999999567e+00 -5.240662999999999627e+00 6.121945000000000192e+00 -1.025816000000000017e+01 -8.490593000000000501e+00 -2.098908999999999914e+00 -2.175288000000000110e+00
-5.861730999999999803e+00 1.654638999999999882e+01 1.419950000000000045e+01 -2.861734000000000222e+00 2.680152000000000090e+00 -4.651162000000000241e+00 -5.023589000000000304e+00 4.443881000000000192e+00 -9.509273000000000309e+00 -6.447129000000000332e+00 -2.442448000000000174e+00 -5.496910999999999881e+00
-5.606233999999999718e+00 1.773688999999999893e+01 1.369852999999999987e+01 -3.602021000000000139e+00 9.704072000000000253e-01 -4.265808999999999962e+00 -4.203886999999999929e+00 3.943715000000000082e+00 -1.150217999999999918e+01 -6.261137999999999870e+00 -6.507908000000000026e-01 -5.584726999999999997e+00
-4.815470999999999613e+00 1.770589999999999975e+01 1.314286000000000065e+01 -3.333499000000000212e+00 -4.755676999999999821e-01 -7.139185999999999588e+00 -3.377800000000000136e+00 4.926192999999999600e+00 -9.756111000000000644e+00 -9.889542000000000499e+00 -7.678177999999999948e-01 -4.389038000000000217e+00
-4.409018999999999799e+00 1.797399000000000058e+01 1.333211999999999975e+01 -3.322207999999999828e+00 -3.743917999999999857e+00 -6.887730000000000352e+00 -4.954778000000000127e+00 5.327060000000000350e+00 -6.792956000000000216e+00 -1.254367000000000054e+01 1.100478999999999985e+00 -5.942376000000000325e+00
-3.883332999999999924e+00 1.739715999999999951e+01 1.339024000000000036e+01 -2.669427999999999912e+00 -4.879744999999999777e+00 -9.717933999999999628e+00 -6.352987999999999857e+00 5.150718000000000352e+00 -2.779463999999999935e+00 -1.096082000000000001e+01 -1.223518000000000105e+00 -5.238852999999999760e+00
-3.510308000000000206e+00 1.891071000000000168e+01 1.265680000000000049e+01 -3.436885000000000190e+00 -8.387850000000000250e+00 -1.358839000000000041e+01 -5.239244000000000234e+00 9.378038999999999348e+00 -5.276988999999999708e-01 -1.064328000000000074e+01 -3.355551000000000172e+00 -4.248134000000000299e+00
-2.330976999999999855e+00 1.819500999999999991e+01 9.167384000000000199e+00 -5.920270000000000366e+00 -5.913708999999999882e+00 -1.366160999999999959e+01 -3.603387000000000118e+00 7.460287000000000113e+00 -2.287971000000000199e+00 -6.170060999999999574e+00 -2.766036999999999857e+00 -2.627337999999999951e+00
-1.981584999999999930e+00 1.860169000000000139e+01 9.001117999999999952e+00 -4.770319999999999894e+00 -7.606475999999999793e+00 -1.970299999999999940e+01 -1.241821999999999981e+00 8.237318000000000140e+00 -2.265398999999999941e+00 -1.453276000000000012e+00 -2.502057000000000198e+00 -2.087273000000000156e+00
-1.034756000000000009e+00 1.800322999999999851e+01 8.945800000000000196e+00 -2.926305999999999852e+00 -1.277214999999999989e+01 -1.795591999999999899e+01 -2.001225999999999949e+00 6.111917000000000044e+00 1.221651000000000042e+00 -1.311252000000000084e+00 -1.186293000000000042e+00 -1.682323000000000013e+00
-7.030357000000000411e-01 1.878294999999999959e+01 7.965294000000000096e+00 -4.613653000000000226e+00 -1.168560000000000088e+01 -1.829548000000000130e+01 -4.316324999999999967e+00 6.634096000000000437e+00 2.735085000000000210e+00 1.774880999999999931e+00 -3.357010999999999967e+00 -1.424264999999999892e+00
-6.148892999999999720e-01 2.000413999999999959e+01 6.611544000000000310e+00 -4.778082000000000384e+00 -1.152369000000000021e+01 -1.890544999999999831e+01 -4.786652000000000129e+00 8.149513000000000673e+00 3.390772000000000119e+00 2.534199999999999786e+00 -1.209162999999999988e+00 -2.687212999999999852e+00
-7.701035999999999992e-01 1.939427999999999841e+01 8.244061999999999557e+00 -7.844028999999999918e+00 -1.325787000000000049e+01 -1.648772999999999911e+01 -3.756615000000000038e+00 6.804078999999999766e+00 3.343806999999999974e+00 9.513534999999999631e-01 6.360202999999999829e-01 1.130368999999999957e+00
-3.400171000000000165e-01 1.768308999999999997e+01 7.117180000000000284e+00 -5.334179999999999922e+00 -1.321066000000000074e+01 -1.758632000000000062e+01 -3.936090999999999784e+00 6.553384000000000320e+00 3.881172999999999984e+00 1.140136999999999956e+00 1.737924000000000024e+00 1.648082000000000047e+00
-2.674134000000000233e-01 1.853065000000000140e+01 8.120373000000000729e+00 -4.737856999999999985e+00 -1.598709000000000024e+01 -1.806122999999999834e+01 -3.059283000000000197e+00 5.642813000000000301e+00 5.011242000000000196e+00 3.124976000000000198e+00 3.875795999999999797e+00 1.155005000000000059e-01
-4.038713999999999672e-03 1.873207999999999984e+01 6.699804999999999566e+00 -4.771378999999999593e+00 -1.529391000000000034e+01 -1.648860000000000170e+01 -4.708973000000000297e+00 4.820045000000000357e+00 6.964833999999999747e+00 3.664804999999999868e+00 3.872632999999999992e+00 5.992844000000000504e-01
-8.201384999999999925e-01 1.876190000000000069e+01 8.281356000000000606e+00 -3.830316999999999972e+00 -1.554815999999999931e+01 -1.786870000000000047e+01 -6.022412000000000099e+00 4.170684999999999754e+00 7.270652000000000115e+00 4.771332000000000129e+00 5.079641999999999769e+00 -3.059262999999999913e-02
-7.960791999999999868e-01 1.873558999999999841e+01 7.692431000000000019e+00 -4.648584999999999745e+00 -1.340859999999999985e+01 -1.909885999999999839e+01 -5.747876999999999903e+00 5.219934000000000296e+00 5.243153999999999648e+00 6.042215999999999809e+00 4.717126000000000374e+00 1.088656999999999986e+00
-6.487425999999999471e-01 1.686448000000000036e+01 7.191145999999999816e+00 -3.522981999999999836e+00 -1.488977000000000039e+01 -1.597694000000000081e+01 -3.923322000000000198e+00 4.779444999999999943e+00 4.090512000000000370e+00 4.873574999999999768e+00 4.760919999999999597e+00 1.541905000000000081e+00
-1.063711999999999991e+00 1.854409000000000063e+01 8.513196000000000652e+00 -3.516277999999999793e+00 -1.533531999999999940e+01 -1.843521000000000143e+01 -4.160613999999999812e+00 7.753783000000000314e+00 4.809184000000000125e+00 2.362865000000000215e+00 4.120312000000000197e+00 2.386130999999999780e+00
-9.512935000000000141e-01 1.736296000000000106e+01 7.824822000000000166e+00 -6.036711999999999634e+00 -1.433904000000000067e+01 -1.684478999999999971e+01 -2.255542999999999854e+00 8.115026999999999546e+00 3.536036000000000179e+00 -2.343858000000000052e-01 4.010341000000000378e+00 3.733588999999999936e-01
-1.421408000000000005e+00 1.691330999999999918e+01 8.773317000000000476e+00 -7.528931000000000040e+00 -1.748605999999999838e+01 -1.185210999999999970e+01 1.147407999999999983e+00 1.072616000000000014e+01 1.863140000000000018e+00 -3.498134999999999994e+00 4.318602000000000274e+00 -2.529742999999999853e+00
-1.272367999999999943e+00 1.539713000000000065e+01 6.231461999999999612e+00 -7.373675000000000423e+00 -1.567154999999999987e+01 -1.069838000000000022e+01 2.039175000000000015e-01 1.318664000000000058e+01 5.511472000000000371e+00 -6.278933999999999571e+00 2.379823000000000077e-01 -2.912939000000000167e+00
-3.097893000000000008e+00 1.047846000000000011e+01 7.928621999999999836e+00 -4.738209999999999589e+00 -1.200526999999999944e+01 -1.009570000000000078e+01 -2.852080000000000171e-01 1.384529000000000032e+01 2.899643000000000193e+00 -1.277397999999999989e+01 1.043060000000000098e+00 -1.808059000000000083e+00
-5.231931000000000331e+00 1.008552000000000071e+01 8.805638000000000076e+00 -4.136241000000000057e+00 -6.890943000000000040e+00 -6.542341000000000406e+00 -4.785170999999999730e-01 1.250084000000000017e+01 -4.044238000000000000e+00 -1.682601000000000013e+01 1.730380999999999947e+00 3.849257999999999846e+00
-6.138945999999999792e+00 1.192563999999999957e+01 9.242903999999999343e+00 -3.718462999999999852e+00 -1.848819999999999908e-01 -5.858427000000000495e-01 -4.742314999999999614e+00 6.559009999999999785e+00 -5.223093000000000430e+00 -1.291634999999999955e+01 5.649767999999999457e-01 4.444408000000000136e+00
-6.206652000000000058e+00 1.092021000000000086e+01 1.077846000000000082e+01 -3.056862000000000190e+00 -4.710128000000000092e-01 -5.015221000000000373e+00 -1.106831000000000031e+01 4.202236000000000082e+00 -3.993268000000000040e+00 -1.092070000000000007e+01 1.717243000000000075e+00 -3.757796000000000053e-02
-8.751827000000000467e+00 1.112808000000000064e+01 6.441238000000000241e+00 -3.172950999999999855e+00 -2.348875000000000046e+00 -4.395037999999999556e+00 -5.886562999999999768e+00 3.054911000000000154e+00 -2.761988000000000110e+00 -8.721251000000000531e+00 -6.770671000000000328e-01 -6.600705000000000044e-01
-9.598800000000000665e+00 7.958895000000000053e+00 1.322148999999999930e+01 3.839312000000000058e+00 5.479762000000000022e+00 -5.026888999999999719e+00 -1.242467000000000077e+01 5.872473000000000276e+00 3.113351999999999897e+00 -8.271102000000000842e+00 -7.895277000000000100e+00 -1.780717000000000105e+00
-1.093867000000000012e+01 8.466433000000000320e+00 9.305058999999999969e+00 3.426473000000000102e+00 4.671473999999999904e+00 -4.346904999999999575e+00 -1.163405000000000022e+01 4.718300000000000161e+00 3.711517000000000177e+00 -9.450561000000000433e+00 -1.086475000000000080e+01 -3.249830999999999914e+00
-1.044214999999999982e+01 6.726303999999999839e+00 1.267606999999999928e+01 6.808929000000000009e+00 2.774563000000000113e+00 -5.099526000000000003e+00 -9.531062000000000367e+00 9.329857000000000511e+00 2.120900999999999925e+00 -1.326984000000000030e+01 -9.126858999999999611e+00 3.508063000000000153e-01
-1.101041999999999987e+01 5.481726000000000099e+00 1.599332000000000065e+01 1.000577999999999967e+01 7.122840000000000060e+00 -6.102727999999999930e+00 -1.117436999999999969e+01 7.663776999999999617e+00 2.920758999999999883e+00 -1.101421000000000028e+01 -9.228313999999999240e+00 -2.374470000000000081e+00
-1.139239000000000068e+01 5.334375999999999785e+00 1.959089000000000169e+01 1.467651000000000039e+01 8.423885999999999541e+00 -1.472810999999999915e+01 -7.533770999999999773e+00 1.014309000000000083e+01 5.930151000000000394e+00 -1.049183000000000021e+01 -9.792039000000000826e+00 -2.445720000000000116e+00
-1.183417999999999992e+01 6.652629000000000126e+00 2.195621999999999829e+01 1.459146999999999927e+01 9.650396999999999892e+00 -1.149621999999999922e+01 -7.004564000000000235e+00 2.958057000000000158e+00 3.197087999999999930e+00 -1.116426000000000052e+01 -7.714018000000000264e+00 2.119889999999999830e+00
-1.010617000000000054e+01 9.745215999999999212e+00 1.992652999999999963e+01 1.106717000000000084e+01 4.865263999999999811e+00 -6.929736000000000118e+00 -7.962951999999999586e+00 4.825670999999999822e+00 1.811077999999999966e+00 -9.055547000000000679e+00 -7.322792999999999886e+00 7.884870000000000489e-01
-9.438475000000000392e+00 9.306091000000000335e+00 2.122588999999999970e+01 1.225169999999999959e+01 2.948478000000000154e+00 -7.541750999999999650e+00 -8.152715000000000600e+00 6.567569999999999908e+00 1.454641000000000128e-01 -9.342734000000000094e+00 -1.623744999999999994e+00 8.733087999999999962e-01
-9.525556999999999164e+00 9.667448999999999515e+00 2.042160000000000153e+01 1.362818000000000040e+01 4.687209000000000181e+00 -1.050060000000000038e+01 -7.180493000000000237e+00 7.254106000000000165e+00 -1.202682000000000029e+00 -9.879072999999999993e+00 2.752825000000000064e-02 3.106018999999999863e+00
-9.536414999999999864e+00 1.034046000000000021e+01 2.050861000000000089e+01 1.293341000000000030e+01 3.823018999999999945e+00 -1.001460999999999935e+01 -5.216187999999999825e+00 7.570592000000000432e+00 1.199443000000000037e+00 -9.941884999999999195e+00 -4.907314999999999650e+00 3.597188000000000052e+00
-9.377582000000000306e+00 1.030683999999999934e+01 2.047908999999999935e+01 1.527988999999999997e+01 4.013082999999999956e+00 -8.988649999999999807e+00 -8.259831999999999397e+00 7.252149000000000179e+00 1.286818999999999935e+00 -1.061885000000000012e+01 -4.058686999999999934e+00 3.732304000000000066e+00
-9.070985999999999549e+00 9.487647000000000830e+00 1.916232000000000113e+01 1.363347000000000087e+01 6.566313000000000066e+00 -9.003235999999999351e+00 -6.349086999999999925e+00 6.467780999999999558e+00 -1.847461999999999993e-01 -1.043460999999999927e+01 -4.385680999999999941e+00 3.974994000000000138e+00
-9.279427999999999344e+00 1.010510999999999981e+01 2.044180000000000064e+01 1.392281000000000013e+01 4.292174000000000156e+00 -1.083431999999999995e+01 -5.937993999999999772e+00 6.872072000000000180e+00 1.287168999999999952e-01 -1.014636999999999922e+01 -5.169106000000000201e+00 4.230857000000000312e+00
-9.268995000000000317e+00 9.419527000000000427e+00 1.963376999999999839e+01 1.523330999999999946e+01 6.093017999999999823e+00 -1.073892999999999986e+01 -7.093948000000000143e+00 6.642166999999999710e+00 9.522401999999999811e-01 -1.088371000000000066e+01 -4.513412999999999897e+00 3.432732999999999812e+00
-9.851103000000000165e+00 1.004635000000000034e+01 2.075940999999999903e+01 1.253680999999999912e+01 4.368778999999999968e+00 -9.333747000000000682e+00 -5.442839000000000205e+00 5.498266000000000098e+00 -1.423308000000000018e+00 -1.052253999999999934e+01 -2.099638999999999811e+00 3.405390999999999835e+00
-9.550254999999999939e+00 9.064308999999999727e+00 2.032401000000000124e+01 1.457488999999999990e+01 4.425507999999999775e+00 -1.117008000000000045e+01 -6.681790999999999592e+00 8.359363000000000099e+00 -1.006448999999999927e+00 -1.137049000000000021e+01 -2.794258999999999826e+00 3.575234000000000023e+00
-1.027351999999999954e+01 9.361347000000000307e+00 2.360863000000000156e+01 1.388364999999999938e+01 3.765048000000000172e+00 -1.013391999999999982e+01 -8.643259000000000469e+00 6.333506999999999998e+00 -8.666468000000000504e-01 -1.153763999999999967e+01 -1.242251999999999912e+00 3.559865999999999975e+00
-9.591347999999999985e+00 9.731476000000000681e+00 2.209731000000000023e+01 1.347433999999999976e+01 2.928602000000000150e+00 -1.263944000000000045e+01 -8.463782000000000139e+00 5.949271000000000420e+00 1.878794999999999993e+00 -1.233430000000000071e+01 -3.787650999999999879e+00 4.723621999999999765e+00
-8.224439000000000277e+00 9.577693999999999264e+00 2.044584000000000046e+01 1.332967000000000013e+01 2.108305000000000096e+00 -1.447316000000000003e+01 -1.036885000000000012e+01 8.263731999999999189e+00 -1.618239000000000136e-02 -1.139353000000000016e+01 -4.637495999999999619e+00 4.912625000000000242e+00
-7.703224999999999767e+00 7.476792999999999800e+00 2.189498999999999995e+01 1.057388000000000083e+01 8.097433000000000547e-01 -1.171180000000000021e+01 -1.496251999999999960e+01 9.245476999999999279e+00 1.820907999999999971e+00 -1.451699999999999946e+01 -3.854557999999999929e+00 6.128471000000000224e+00
-7.581438999999999595e+00 7.082982999999999585e+00 2.256286000000000058e+01 9.949327999999999506e+00 -1.794832999999999901e+00 -1.498920000000000030e+01 -1.539949999999999974e+01 9.006766000000000716e+00 1.645426999999999973e+00 -1.101317000000000057e+01 -1.722525000000000084e+00 4.259795999999999694e+00
-6.500259999999999927e+00 6.552349000000000423e+00 2.074574000000000140e+01 8.732689000000000590e+00 -2.062745000000000051e+00 -1.772897000000000034e+01 -1.551726000000000028e+01 7.784600000000000186e+00 2.259974999999999845e+00 -7.504105000000000025e+00 1.560657000000000016e-02 2.257801000000000169e+00
-6.415733999999999604e+00 6.387165999999999677e+00 2.081349000000000160e+01 7.832206000000000223e+00 -2.710783000000000165e+00 -1.854810000000000159e+01 -1.974026999999999887e+01 6.776685999999999765e+00 6.411813999999999680e+00 -6.467368999999999701e+00 1.170306000000000068e+00 1.203216000000000063e+00
-5.977983000000000047e+00 5.615918999999999883e+00 1.753198000000000079e+01 7.568271000000000193e+00 -5.923389000000000015e-01 -1.903818000000000055e+01 -2.060146999999999906e+01 5.484568999999999583e+00 5.350553999999999810e+00 -7.293687000000000253e+00 2.020637999999999934e+00 3.525936999999999877e+00
-5.675430999999999671e+00 7.419781999999999655e+00 1.528101000000000020e+01 7.273284999999999556e+00 -8.631486000000000436e-01 -1.888327999999999918e+01 -2.155383000000000138e+01 4.381024000000000029e+00 7.961654000000000231e+00 -5.017820999999999643e+00 1.466887999999999970e+00 1.119391999999999943e+00
-5.440586999999999840e+00 7.124206000000000039e+00 1.237740999999999936e+01 5.415862999999999872e+00 4.147658999999999985e+00 -1.856531000000000020e+01 -2.209722000000000008e+01 5.678276999999999575e+00 6.957917000000000129e+00 -3.458702999999999861e+00 2.527430999999999983e+00 -3.972224999999999784e-01
-5.940297000000000160e+00 6.254433999999999827e+00 1.206010999999999989e+01 5.962786000000000364e+00 4.400248999999999633e+00 -1.835732000000000141e+01 -2.039716999999999913e+01 7.206902000000000363e+00 8.513581999999999539e+00 -5.419813999999999687e+00 1.259109999999999951e+00 1.196430000000000105e+00
-7.667667999999999928e+00 3.186112000000000055e+00 1.301326000000000072e+01 5.215088999999999864e+00 6.238360000000000127e+00 -1.701340000000000074e+01 -1.979879999999999995e+01 8.006923999999999708e+00 9.665495999999999199e+00 -3.716578999999999855e+00 1.161303999999999892e+00 6.417950999999999517e-01
-8.293423000000000656e+00 8.445981999999999656e-01 1.199577999999999989e+01 5.907740999999999687e+00 6.816004999999999647e+00 -1.419894999999999996e+01 -1.858289999999999864e+01 5.890327000000000091e+00 9.417201000000000377e+00 -3.389261999999999997e+00 9.871014000000000177e-01 7.200307999999999709e-01
-8.853386999999999674e+00 5.998325999999999603e+00 1.157466999999999935e+01 3.815671000000000035e+00 7.659489999999999910e+00 -1.239995000000000047e+01 -1.832857999999999876e+01 4.555654999999999788e+00 9.948377000000000692e+00 -4.302120999999999640e+00 8.307584999999999276e-03 1.218183999999999934e+00
-6.317368000000000094e+00 1.142103000000000002e+01 1.181179999999999986e+01 2.355561999999999934e+00 4.381616000000000177e+00 -1.668346999999999980e+01 -1.993606000000000122e+01 4.531195999999999557e+00 7.940173999999999843e+00 -2.213642000000000110e+00 1.335992999999999986e+00 2.945357000000000003e+00
-7.694283000000000428e+00 1.053458999999999968e+01 1.083036000000000065e+01 2.573979000000000017e+00 4.220951999999999593e+00 -1.470653000000000077e+01 -1.912061999999999884e+01 3.257423000000000179e+00 7.200751000000000346e+00 6.299685999999999897e-01 4.345683000000000185e-01 -5.872235000000000094e-01
-7.219483999999999568e+00 1.111902000000000079e+01 7.910286000000000151e+00 4.777198000000000278e+00 -1.146795000000000009e+00 -1.247025000000000006e+01 -1.568360999999999983e+01 6.059312999999999505e-01 6.060851999999999684e+00 2.073876000000000053e-01 4.070192999999999728e+00 4.330248000000000097e+00
-1.395715000000000039e+01 5.156621000000000343e+00 3.242087000000000163e+00 1.764531999999999989e+00 7.178170999999999857e-01 -5.508799999999999919e+00 -1.265487000000000073e+01 5.496777999999999942e-01 1.189249000000000001e+00 -5.765626000000000140e+00 2.706498999999999988e+00 7.136953000000000102e+00
