-1.238856000000000002e+01 1.145189000000000057e+01 1.228604999999999947e+01 -1.144571000000000061e-01 7.614676000000000222e+00 -2.159955000000000069e-01 -6.603367999999999682e+00 6.452644000000000268e+00 -1.117143000000000086e+01 -3.747148999999999841e+00 7.586126000000000147e+00 -7.570992999999999640e+00
-7.530821000000000431e+00 1.523493999999999993e+01 1.542881000000000036e+01 -4.023527999999999771e+00 9.598914000000000613e+00 -4.335659999999999847e+00 -8.201878000000000668e+00 9.763529000000000124e+00 -1.570364000000000004e+01 -4.423397999999999719e+00 2.420926000000000133e+00 -1.173764000000000074e+01
-7.367486000000000423e+00 1.510182999999999964e+01 1.490487000000000073e+01 -4.075796000000000419e+00 7.175760000000000360e+00 -3.717728000000000144e+00 -8.808234999999999815e+00 1.135286999999999935e+01 -1.483824000000000076e+01 -9.204155000000000086e+00 2.016776999999999820e+00 -1.081404000000000032e+01
-7.720831999999999695e+00 1.646321000000000012e+01 1.628895999999999944e+01 -3.607444999999999791e+00 6.550559999999999938e+00 -2.741677999999999837e+00 -8.304085999999999856e+00 1.061956999999999951e+01 -1.585509000000000057e+01 -1.257006999999999941e+01 2.868516000000000066e+00 -8.839603999999999573e+00
-7.864645000000000330e+00 1.589551999999999943e+01 1.668094999999999928e+01 -2.466743000000000130e+00 7.577492999999999590e+00 -1.880195999999999978e+00 -8.143781999999999854e+00 8.628688999999999609e+00 -1.683274000000000115e+01 -1.030375000000000085e+01 2.854420999999999875e+00 -1.019072000000000067e+01
-7.704788999999999888e+00 1.650064000000000064e+01 1.746790000000000020e+01 -3.962797999999999821e+00 5.735064999999999635e+00 2.149301000000000128e-01 -7.376922999999999675e+00 6.735301999999999900e+00 -1.490337000000000067e+01 -1.000911999999999935e+01 4.954422000000000104e+00 -1.043554999999999922e+01
-7.542999000000000009e+00 1.634100000000000108e+01 1.710188000000000130e+01 -4.470633000000000301e+00 6.699659999999999727e+00 -6.720523000000000469e-01 -7.013187000000000282e+00 8.232056000000000040e+00 -1.401266999999999996e+01 -1.028766000000000069e+01 4.394760999999999918e+00 -8.663617000000000345e+00
-7.502792999999999601e+00 1.626017999999999830e+01 1.598373999999999917e+01 -3.212984000000000062e+00 7.506406000000000134e+00 -1.937111000000000027e+00 -6.839884999999999771e+00 1.078334000000000081e+01 -1.431337000000000081e+01 -1.172588999999999970e+01 2.403132999999999964e+00 -6.250149000000000399e+00
-7.261752999999999680e+00 1.656422999999999845e+01 1.542999000000000009e+01 -4.403510999999999953e+00 6.490045000000000286e+00 9.662781999999999760e-01 -6.609867000000000381e+00 7.702511000000000330e+00 -1.391718999999999973e+01 -1.032512000000000008e+01 3.504201000000000121e+00 -6.899722999999999828e+00
-7.523475999999999608e+00 1.764215000000000089e+01 1.581283999999999956e+01 -4.156267999999999851e+00 6.418957999999999942e+00 1.461510000000000087e+00 -6.821964000000000361e+00 5.857871000000000272e+00 -1.129316000000000031e+01 -9.509347999999999246e+00 1.966633999999999993e+00 -6.917402000000000051e+00
-7.167810000000000237e+00 1.695244999999999891e+01 1.391248000000000040e+01 -3.226710000000000189e+00 7.467399000000000342e+00 1.018019000000000007e+00 -5.946792000000000300e+00 3.552070000000000061e+00 -9.072903000000000162e+00 -8.873321999999999932e+00 -2.368886000000000047e-01 -6.704181000000000168e+00
-7.135335999999999679e+00 1.787271000000000143e+01 1.380326999999999948e+01 -3.882137999999999867e+00 7.444797000000000331e+00 5.915281000000000011e-01 -5.576951000000000214e+00 3.012704999999999966e+00 -7.999451999999999785e+00 -8.737569000000000585e+00 -3.337086000000000219e-01 -5.609950999999999688e+00
-7.532753999999999728e+00 1.781269999999999953e+01 1.460556000000000054e+01 -3.350613000000000063e+00 6.527956999999999788e+00 1.200220000000000065e+00 -6.728420999999999985e+00 3.749859999999999971e+00 -8.512304999999999566e+00 -6.045894999999999797e+00 -1.215255999999999892e+00 -5.959247000000000405e+00
-7.492935000000000123e+00 1.777288000000000068e+01 1.534852000000000061e+01 -3.327299000000000007e+00 5.597265000000000157e+00 -1.500272000000000050e+00 -5.744146999999999892e+00 5.219260000000000232e+00 -7.240605999999999653e+00 -6.660300999999999583e+00 8.753950000000000620e-02 -7.549564000000000163e+00
-7.397254000000000218e+00 1.722242999999999924e+01 1.436144999999999960e+01 -3.008420999999999790e+00 4.752607000000000248e+00 -2.650393000000000221e+00 -3.968595000000000095e+00 7.597303000000000139e+00 -7.517585000000000406e+00 -9.605128000000000554e+00 -2.081783999999999857e+00 -6.868649999999999700e+00
-7.000028999999999613e+00 1.796205000000000140e+01 1.318722999999999956e+01 -3.999085000000000001e+00 3.998355999999999799e+00 -3.972366000000000064e+00 -4.024130000000000429e+00 7.103177999999999770e+00 -5.491150000000000198e+00 -7.652553000000000161e+00 -3.066622000000000181e+00 -8.184404999999999930e+00
-6.665238999999999692e+00 1.845505999999999958e+01 1.373330999999999946e+01 -6.045655000000000001e+00 1.669256000000000073e+00 -2.730960000000000054e+00 -6.854261000000000159e+00 7.088098999999999705e+00 -3.861527999999999849e+00 -9.551330999999999349e+00 -3.429640000000000022e+00 -6.391849999999999810e+00
-6.048623000000000083e+00 1.906097000000000108e+01 1.376046999999999976e+01 -6.691118999999999595e+00 -2.489979999999999971e-01 -6.604116999999999571e+00 -5.697670999999999708e+00 7.432828999999999908e+00 -2.138948000000000071e+00 -8.079921999999999827e+00 -5.537498000000000253e+00 -8.276818999999999704e+00
-4.991290000000000227e+00 1.808961000000000041e+01 1.317336000000000062e+01 -7.076931000000000083e+00 -2.943010999999999822e+00 -9.643140999999999963e+00 -2.783056000000000196e+00 8.681993999999999545e+00 -5.591696999999999917e+00 -6.975297000000000303e+00 -2.991985000000000117e+00 -7.710016000000000425e+00
-4.307212999999999958e+00 1.855865000000000009e+01 1.175975000000000037e+01 -9.148130000000000095e+00 -5.375277999999999778e+00 -1.102830999999999939e+01 -3.206462999999999841e+00 9.610626999999999143e+00 -4.134079999999999977e+00 -4.367840000000000167e+00 -3.953946999999999878e+00 -7.723944999999999617e+00
-3.261477999999999877e+00 1.869235000000000113e+01 1.005244000000000071e+01 -9.856203999999999965e+00 -5.945066999999999879e+00 -1.613695999999999842e+01 -2.100680999999999798e+00 1.209422999999999959e+01 -3.394206000000000056e+00 -2.845651000000000153e+00 -2.358379999999999921e+00 -9.117649000000000115e+00
-2.883197000000000010e+00 1.612252000000000152e+01 1.113634000000000057e+01 -1.091549000000000014e+01 -9.002900000000000347e+00 -1.297153999999999918e+01 -3.972731000000000012e+00 1.098954999999999949e+01 7.601601000000000052e-01 -2.022587000000000135e+00 -2.574666000000000121e+00 -5.800938999999999623e+00
-1.639332999999999929e+00 1.615796999999999883e+01 8.652122000000000313e+00 -8.842791000000000068e+00 -1.041844000000000037e+01 -1.511286999999999914e+01 -3.455386999999999986e+00 1.286364999999999981e+01 2.822639999999999816e+00 -2.028369000000000089e+00 -1.267709999999999892e+00 -4.754655999999999771e+00
-1.297584999999999988e+00 1.800027000000000044e+01 7.731758000000000131e+00 -7.412729999999999819e+00 -8.997066999999999481e+00 -2.085903000000000063e+01 -4.972364999999999924e+00 1.724624999999999986e+01 1.232226000000000043e+00 -1.461475999999999997e+00 -3.441069999999999962e-01 -4.982878000000000362e+00
-9.051922999999999497e-01 1.740861999999999910e+01 7.330612000000000350e+00 -5.416737000000000357e+00 -1.195283000000000051e+01 -2.005520999999999887e+01 -2.237944000000000155e+00 1.406792000000000087e+01 9.957186000000000092e-01 -2.767719000000000040e+00 9.434380999999999462e-01 -3.506809000000000176e-01
-8.609274000000000093e-01 1.827699000000000140e+01 7.686301000000000272e+00 -7.207602999999999760e+00 -1.167357999999999940e+01 -1.877683999999999997e+01 -2.949857999999999869e+00 1.245264000000000060e+01 1.828235999999999972e+00 4.767703999999999831e-01 7.994788999999999923e-01 -1.493662999999999963e+00
-1.193203999999999931e+00 1.791450999999999993e+01 7.812340999999999980e+00 -5.035813000000000095e+00 -1.348065000000000069e+01 -1.953374000000000166e+01 -2.123723000000000027e+00 1.277561999999999998e+01 1.681526000000000076e+00 -6.024633999999999823e-01 1.966172000000000031e+00 -1.504546000000000008e-02
-1.506925000000000070e+00 1.703921000000000063e+01 9.718007999999999313e+00 -4.906645000000000145e+00 -1.371687999999999974e+01 -2.095401999999999987e+01 -3.804746999999999879e+00 1.390274999999999928e+01 2.872914000000000190e+00 -9.716175999999999979e-02 7.782200999999999702e-01 -4.264867999999999992e-01
-1.524901000000000062e+00 1.715785999999999945e+01 9.118503000000000469e+00 -4.767324000000000339e+00 -1.414485999999999954e+01 -2.055154999999999887e+01 -4.493028999999999940e+00 1.533461999999999925e+01 3.173607000000000067e+00 -6.308709000000000122e-01 1.402813000000000088e+00 -4.062973999999999579e-03
-1.278254999999999919e+00 1.634496000000000038e+01 7.407358000000000331e+00 -5.865534000000000248e+00 -1.220909999999999940e+01 -1.776679000000000030e+01 -4.367384999999999629e+00 1.301129000000000069e+01 -4.650599999999999734e-01 4.574131000000000169e-01 4.008174000000000348e+00 -1.256065999999999905e+00
-1.509630999999999945e+00 1.809197999999999951e+01 8.190464000000000411e+00 -6.732483000000000217e+00 -1.200787000000000049e+01 -1.975695999999999941e+01 -5.532837999999999923e+00 1.451050000000000040e+01 1.511733999999999911e+00 7.387228000000000128e-01 4.113082000000000349e+00 -3.391488999999999976e+00
-1.899124000000000034e+00 1.561068999999999996e+01 8.869668000000000774e+00 -4.235986999999999725e+00 -1.262250000000000050e+01 -1.970336999999999961e+01 -5.191945999999999728e+00 1.440598999999999918e+01 2.743593999999999866e+00 -1.837812999999999919e+00 3.671730000000000160e+00 9.206085000000000518e-01
-3.207742000000000093e+00 1.340016999999999925e+01 1.106489999999999974e+01 -3.282551000000000219e+00 -1.310078999999999994e+01 -2.275828999999999880e+01 -4.683856999999999715e+00 1.569688999999999979e+01 1.478534000000000015e+00 -2.112334999999999852e+00 5.636091000000000406e+00 1.087488999999999928e+00
-3.946521999999999863e+00 1.475281999999999982e+01 1.045034000000000063e+01 -2.799345999999999890e+00 -1.007431000000000054e+01 -2.149323000000000050e+01 -6.655555999999999806e+00 1.217628999999999984e+01 -2.408841999999999928e-01 4.365473999999999744e-01 5.141361999999999988e+00 -3.255014999999999992e-01
-3.440278000000000169e+00 1.587016999999999989e+01 8.613158000000000314e+00 -3.443306000000000200e+00 -1.217848000000000042e+01 -1.713260000000000005e+01 -5.460168999999999606e+00 1.080893999999999977e+01 1.627142000000000088e+00 -2.677468000000000181e+00 3.326967999999999925e+00 -1.836262999999999979e+00
-3.620817000000000174e+00 1.449611999999999945e+01 9.768188000000000315e+00 -2.837702000000000169e+00 -1.361589999999999989e+01 -1.891210999999999842e+01 -6.002721000000000195e+00 1.266550999999999938e+01 1.112706999999999891e+00 -2.789086999999999872e+00 2.504344000000000126e+00 -2.663162999999999947e+00
-4.612236000000000224e+00 1.229312000000000005e+01 1.011355000000000004e+01 -2.101049000000000166e+00 -1.328415999999999997e+01 -1.948421000000000092e+01 -9.306869999999999976e+00 1.330411999999999928e+01 7.762856000000000201e-01 -3.018107000000000095e+00 5.107161999999999757e+00 -3.057460999999999984e+00
-5.337678000000000367e+00 1.391099999999999959e+01 1.011383999999999972e+01 -2.835444999999999993e+00 -1.110926000000000080e+01 -1.464423999999999992e+01 -1.166868999999999978e+01 6.625535000000000174e+00 -3.702041999999999833e-01 -1.194245000000000001e+00 3.408767999999999798e+00 -1.263298000000000032e+00
-8.525911999999999935e+00 1.229866999999999955e+01 4.252203999999999873e+00 -3.054673999999999889e+00 -1.249491000000000085e+01 -1.439883999999999986e+01 -1.184692000000000078e+01 -9.092036000000000562e-02 1.040745000000000003e-01 1.141204000000000107e+00 1.932204000000000033e+00 9.640026999999999902e-01
-1.176382000000000083e+01 8.964263000000000758e+00 -9.603378999999999666e-01 -5.267826999999999593e+00 -9.828965999999999426e+00 -1.069088999999999956e+01 -1.091896999999999984e+01 -5.736011999999999666e+00 -2.337511999999999812e+00 3.329588000000000214e+00 5.081281999999999854e+00 -2.582536000000000165e+00
-1.352843000000000018e+01 7.527224999999999611e+00 -1.533868000000000009e+00 -4.814141000000000226e+00 -8.801304999999999268e+00 -8.514455999999999136e+00 -9.471704000000000789e+00 -5.644832000000000072e+00 -8.485934000000000532e-01 3.904777000000000164e+00 7.379313999999999929e+00 1.268566000000000082e+00
-8.168699999999999406e+00 1.572161000000000008e+01 7.265376999999999974e+00 -1.056203000000000003e-01 -2.004299000000000053e+00 -5.477280000000000371e+00 -4.366597999999999757e+00 3.271047000000000260e-01 -2.143246000000000040e-01 -7.578247999999999651e-01 -1.923729999999999940e+00 -3.426846999999999976e+00
-7.483076999999999757e+00 1.652321999999999846e+01 1.083643999999999963e+01 -4.617474999999999774e+00 -1.000331999999999999e+00 -9.857124999999999915e+00 -4.301019000000000148e+00 7.279575999999999603e+00 -2.171514999999999862e+00 -1.459967999999999932e+00 -4.393912000000000262e+00 -5.877547999999999995e+00
-7.205890000000000128e+00 1.720816999999999908e+01 1.054745999999999917e+01 -2.528789000000000176e+00 -2.143658999999999981e-01 -9.510832999999999871e+00 -1.462223000000000050e+00 7.977453999999999823e+00 -2.523429999999999840e+00 -1.163574000000000108e+00 -2.816600000000000215e+00 -6.220148000000000010e+00
-6.790881999999999863e+00 1.623403000000000063e+01 1.238936999999999955e+01 -3.927451000000000025e+00 -1.819836999999999927e+00 -1.162036999999999942e+01 1.058918999999999944e+00 7.834020999999999901e+00 -6.494407999999999959e+00 -1.807897000000000087e+00 -3.105674000000000046e+00 -5.370746999999999716e+00
-6.406608000000000303e+00 1.701860999999999891e+01 1.313852999999999938e+01 -5.071537000000000184e+00 1.554788000000000059e+00 -1.058259999999999934e+01 -1.506926999999999905e+00 7.121063000000000365e+00 -5.268870999999999860e+00 -1.637702999999999909e+00 -5.052935999999999872e+00 -6.665875999999999912e+00
-5.994692999999999827e+00 1.904095999999999833e+01 1.290445000000000064e+01 -4.308373999999999704e+00 1.987141999999999964e+00 -7.146654999999999980e+00 -1.653432999999999986e-02 3.367605000000000182e+00 -4.757598999999999911e+00 -1.485359000000000096e+00 -5.258359999999999701e+00 -7.599655000000000271e+00
-6.519879999999999676e+00 1.761304000000000158e+01 1.529067000000000043e+01 -2.605312000000000072e+00 3.950235999999999859e+00 -6.774122000000000199e+00 -1.536270000000000024e+00 3.979563000000000184e+00 -5.428228999999999971e+00 -2.779786000000000090e+00 -4.909438999999999886e+00 -6.699627000000000443e+00
-6.160928000000000182e+00 1.862143999999999977e+01 1.369876999999999967e+01 -1.612956000000000056e+00 3.370604000000000156e+00 -5.920771000000000228e+00 -2.187850000000000072e-01 3.308339000000000141e+00 -5.276775999999999911e+00 -5.013671000000000433e+00 -4.335681000000000118e+00 -6.173271999999999871e+00
-6.139279000000000153e+00 1.843900999999999968e+01 1.351547000000000054e+01 -7.531522999999999968e-01 4.110272000000000148e+00 -7.634126000000000190e+00 -1.879918999999999896e+00 3.736883999999999872e+00 -4.293122000000000327e+00 -3.543520000000000003e+00 -6.311595999999999762e+00 -6.654090000000000060e+00
-6.620974000000000359e+00 1.986178999999999917e+01 1.397594999999999921e+01 -3.292139999999999844e+00 4.198493000000000031e+00 -3.554745000000000044e+00 -3.068411999999999917e+00 3.049878000000000089e+00 -5.645133000000000401e+00 -2.465040000000000120e+00 -6.104554000000000258e+00 -7.336343000000000281e+00
-6.796293999999999613e+00 1.941235999999999962e+01 1.482929999999999993e+01 -4.022586999999999691e+00 3.875138999999999889e+00 -4.465749999999999886e+00 -3.421711000000000169e+00 4.197694000000000258e+00 -6.601911000000000307e+00 -4.360549999999999926e+00 -4.025579999999999714e+00 -6.078983000000000025e+00
-7.284175000000000288e+00 1.958349000000000117e+01 1.487947999999999915e+01 -1.632509999999999906e+00 4.075639999999999930e+00 -6.502483999999999931e+00 -4.002861000000000224e+00 3.082142000000000159e+00 -2.904749999999999943e+00 -6.278433999999999848e+00 -4.952880000000000393e+00 -4.363572999999999702e+00
-7.016265999999999892e+00 2.015176999999999907e+01 1.483018999999999998e+01 -1.902126999999999901e+00 2.695823999999999998e+00 -6.409720000000000084e+00 -4.530643000000000420e+00 5.434234000000000009e+00 -1.716207000000000038e+00 -5.655981999999999843e+00 -6.428519999999999790e+00 -6.908561999999999870e+00
-7.134177000000000213e+00 2.050790999999999897e+01 1.508610999999999969e+01 -2.917609000000000119e+00 8.818312999999999846e-01 -6.142516999999999783e+00 -1.647931000000000035e+00 5.941334999999999589e+00 -2.237913999999999959e+00 -5.714557000000000109e+00 -7.453565000000000218e+00 -5.706381999999999621e+00
-6.708344000000000307e+00 1.856935000000000002e+01 1.440868000000000038e+01 -9.526388000000000078e-01 2.252533000000000118e+00 -6.239715000000000344e+00 -3.612146000000000079e+00 4.515420999999999907e+00 -1.578983000000000025e+00 -5.342242999999999853e+00 -5.997797000000000267e+00 -5.405838000000000143e+00
-6.715302999999999578e+00 1.973620999999999981e+01 1.356034000000000006e+01 -3.817083999999999921e+00 2.765089000000000130e+00 -5.838356000000000101e+00 -2.594787000000000177e+00 4.213474999999999859e+00 -3.326541999999999888e+00 -2.951487999999999889e+00 -5.356798000000000393e+00 -7.610369999999999635e+00
-6.868973999999999691e+00 1.993031999999999826e+01 1.266211000000000020e+01 -3.776848999999999901e+00 3.464656999999999876e+00 -8.097943000000000779e+00 -1.268834000000000017e+00 6.793166000000000260e+00 -5.815872999999999848e+00 -1.792812999999999990e+00 -6.239500999999999742e+00 -8.410216000000000136e+00
-6.367562000000000388e+00 1.838434000000000168e+01 1.321880999999999950e+01 -2.004408000000000190e+00 4.082829000000000041e-01 -9.482006000000000157e+00 -1.604802999999999980e+00 7.464390999999999998e+00 -2.560423000000000116e+00 -3.755697000000000063e+00 -6.156775999999999804e+00 -6.417564999999999742e+00
-5.747467000000000326e+00 1.761937999999999960e+01 1.334248999999999974e+01 -3.006917000000000062e+00 -9.084661000000000541e-01 -1.222906000000000049e+01 -1.595547000000000049e+00 7.822797999999999696e+00 -2.128514000000000017e+00 -3.173719999999999875e+00 -5.055476999999999776e+00 -4.329822000000000060e+00
-5.355847999999999942e+00 1.864283000000000001e+01 1.329113000000000078e+01 -5.333632999999999846e+00 -2.753080999999999889e+00 -1.314783000000000079e+01 -6.089101999999999570e-01 8.031810999999999368e+00 -3.571585999999999927e+00 -2.525123999999999924e+00 -1.051655999999999924e+00 -3.997400999999999982e+00
-4.319391000000000425e+00 1.788044000000000011e+01 1.196962000000000081e+01 -5.760055999999999621e+00 -5.110250999999999877e+00 -1.444763000000000019e+01 -2.517589000000000077e+00 9.013398000000000465e+00 -1.670992999999999951e+00 -2.064067000000000096e+00 -1.650244999999999906e-01 -2.632893999999999846e+00
-3.777773999999999965e+00 1.819755999999999929e+01 1.228664000000000023e+01 -6.225211999999999968e+00 -7.491846999999999923e+00 -1.710561999999999827e+01 -3.624356000000000133e+00 9.679012000000000171e+00 -1.211259000000000086e+00 -1.262874999999999970e+00 1.616095000000000059e+00 -2.695842999999999989e+00
-2.150989000000000040e+00 1.671833000000000169e+01 1.073607999999999940e+01 -4.389221000000000039e+00 -1.039109999999999978e+01 -1.774645999999999901e+01 -5.268355999999999817e+00 1.245404000000000089e+01 -5.842619999999999481e-01 -4.698423000000000016e+00 2.888389000000000095e+00 -1.115971999999999964e+00
-2.127600000000000158e+00 1.723292999999999964e+01 1.110210000000000008e+01 -4.314579000000000164e+00 -1.377228999999999992e+01 -1.665659000000000134e+01 -2.985700000000000021e+00 1.039197000000000060e+01 3.178161999999999932e-01 -4.239630000000000010e+00 1.188838999999999979e+00 -8.094034999999999425e-02
-1.957113000000000103e+00 1.679874999999999829e+01 1.047542999999999935e+01 -4.530234000000000094e+00 -1.331185999999999936e+01 -1.706349000000000160e+01 -3.777372999999999870e+00 1.042984000000000044e+01 -1.482861999999999902e+00 -9.420965000000000034e-01 3.707316000000000056e+00 -1.457637999999999989e-01
-2.597118000000000038e+00 1.628732000000000113e+01 1.075172000000000061e+01 -5.996394999999999698e+00 -1.429139999999999944e+01 -1.947533999999999921e+01 -3.135960999999999999e+00 1.443861000000000061e+01 1.353008999999999906e+00 -3.011067999999999856e+00 2.418845999999999830e+00 1.545133999999999952e-01
-2.678495999999999988e+00 1.569328999999999930e+01 1.016047999999999973e+01 -4.700201999999999991e+00 -1.309350000000000058e+01 -2.176228000000000051e+01 -2.678287000000000084e+00 1.715612000000000137e+01 -3.967637999999999998e-01 -3.073665000000000092e+00 3.226681000000000132e+00 -5.245254999999999779e-01
-2.865993000000000013e+00 1.516027000000000058e+01 9.470354000000000383e+00 -2.926070000000000171e+00 -1.098494999999999955e+01 -2.194447999999999865e+01 -4.552502999999999744e+00 1.344650000000000034e+01 -1.271333999999999964e+00 -5.381065999999999905e-01 5.067186999999999664e+00 3.313046000000000046e-01
-3.161737000000000020e+00 1.550075999999999965e+01 1.070950999999999986e+01 -6.343287000000000120e+00 -1.009581999999999979e+01 -1.973145999999999844e+01 -8.653050999999999604e+00 1.582278999999999947e+01 1.905701000000000089e+00 -1.099971999999999950e+00 3.923601000000000116e+00 -1.689740000000000020e+00
-3.113220000000000098e+00 1.307394000000000034e+01 8.739494000000000540e+00 -2.600235000000000074e+00 -1.250620999999999938e+01 -1.920222000000000051e+01 -5.641938999999999815e+00 1.527745999999999960e+01 3.800286999999999971e+00 -2.582943999999999907e+00 4.492968000000000295e+00 1.266958000000000029e+00
-3.989819999999999922e+00 1.426892999999999923e+01 9.785603999999999303e+00 -2.723762999999999934e+00 -1.261411999999999978e+01 -2.009659999999999869e+01 -6.573827999999999783e+00 1.513789000000000051e+01 3.888186999999999838e+00 -2.526632000000000211e+00 4.176165000000000127e+00 2.478245999999999949e+00
-3.237509999999999888e+00 1.623701000000000150e+01 8.651237000000000066e+00 -5.253726000000000340e+00 -1.258787000000000056e+01 -1.649952000000000041e+01 -6.659493999999999581e+00 8.525235000000000340e+00 3.744321999999999928e+00 1.983624999999999972e+00 2.744892000000000110e+00 -9.557889000000000523e-01
-4.462623999999999924e+00 1.254725000000000001e+01 1.003828000000000031e+01 5.582692999999999683e-01 -1.253281999999999918e+01 -1.954075999999999880e+01 -7.567160999999999582e+00 1.340196000000000076e+01 2.057786999999999811e+00 -2.814226999999999812e+00 5.179026999999999603e+00 6.366711000000000453e-01
-6.691526999999999781e+00 1.364736000000000082e+01 7.574132999999999782e+00 1.406039999999999957e+00 -9.067059999999999675e+00 -1.300553999999999988e+01 -8.597319999999999851e+00 5.081087000000000131e+00 7.816608000000000445e-01 1.004696999999999951e+00 6.410421000000000369e+00 -9.983794999999999753e-01
-7.477084999999999759e+00 1.402252000000000010e+01 6.958393000000000050e+00 -1.932773999999999992e+00 -7.373732999999999649e+00 -1.229003999999999941e+01 -1.081952000000000069e+01 1.491753000000000107e+00 -3.103314999999999824e+00 2.099335000000000090e-02 7.273252000000000272e+00 1.356425999999999910e+00
-1.220279999999999987e+01 7.759764999999999802e+00 -1.876273999999999997e+00 -3.580182000000000198e+00 -7.082823000000000313e+00 -7.571297999999999639e+00 -8.360803000000000651e+00 -3.011835000000000040e+00 -8.644026999999999683e-01 2.654093000000000035e+00 7.689646999999999899e+00 5.816652999999999629e+00
