-7.641532999999999909e+00 1.359585000000000043e+01 1.266290000000000049e+01 -3.217540999999999873e-01 5.510475999999999708e+00 -1.032426999999999984e+00 -7.054184000000000232e+00 8.438888999999999641e+00 -1.350226999999999933e+01 -9.208035000000000636e+00 2.389423999999999992e+00 -1.145101999999999975e+01
-7.189847999999999573e+00 1.480941999999999936e+01 1.125586000000000020e+01 -3.212880000000000180e+00 5.427591999999999750e+00 -1.616039999999999921e+00 -4.897508000000000195e+00 7.774665999999999855e+00 -1.511971999999999916e+01 -9.518955000000000055e+00 2.740191999999999961e+00 -9.874406999999999712e+00
-6.757230999999999987e+00 1.455517000000000039e+01 1.111974999999999980e+01 -2.769428000000000001e+00 6.011332000000000342e+00 -4.285559999999999925e-01 -5.011813000000000073e+00 6.458916000000000324e+00 -1.525544000000000011e+01 -8.891260000000000829e+00 -3.805104000000000264e-01 -8.530191999999999553e+00
-6.995476000000000028e+00 1.551756999999999920e+01 1.235744000000000042e+01 -2.862060000000000048e+00 5.794649999999999856e+00 -1.919918000000000013e+00 -5.164018999999999693e+00 8.132353000000000165e+00 -1.492938999999999972e+01 -9.444658000000000442e+00 1.192280999999999924e+00 -1.028741999999999912e+01
-7.431240999999999985e+00 1.526237000000000066e+01 1.340992999999999924e+01 -2.211485000000000145e+00 6.024357000000000184e+00 -9.494504999999999750e-01 -4.988832000000000377e+00 6.141925999999999775e+00 -1.195987000000000045e+01 -1.032630999999999943e+01 9.534745000000000026e-01 -1.023704000000000036e+01
-7.288885999999999754e+00 1.633277000000000001e+01 1.305122000000000071e+01 -3.749680999999999820e+00 4.660322999999999993e+00 -6.730462000000000389e-01 -3.819573999999999803e+00 9.139701000000000519e+00 -1.285721000000000025e+01 -9.983871999999999858e+00 2.370546000000000042e-01 -8.323567999999999856e+00
-7.187812000000000090e+00 1.700691000000000130e+01 1.267225000000000001e+01 -3.083876000000000062e+00 5.270113000000000270e+00 -1.152036000000000060e+00 -3.594793999999999823e+00 8.245857000000000880e+00 -1.195762999999999998e+01 -1.067190000000000083e+01 -2.015502999999999822e+00 -7.999703000000000230e+00
-7.757232000000000127e+00 1.622323000000000093e+01 1.436138000000000048e+01 -3.506006000000000178e+00 4.137266000000000332e+00 -3.559555999999999831e-02 -1.535892999999999953e+00 7.725007999999999875e+00 -1.610360000000000014e+01 -1.028195999999999977e+01 8.666200999999999766e-02 -8.574999000000000038e+00
-8.121912000000000020e+00 1.544378000000000029e+01 1.405982000000000021e+01 -1.588681999999999928e+00 4.865460999999999814e+00 -1.556375000000000064e+00 -3.525847999999999871e+00 8.363841000000000747e+00 -1.207515000000000072e+01 -1.118973000000000084e+01 -8.141388000000000513e-01 -8.584749999999999659e+00
-7.635239999999999583e+00 1.579987000000000030e+01 1.238705000000000034e+01 -1.756566999999999990e+00 6.873620999999999981e+00 1.678225000000000133e-01 -4.957583999999999769e+00 5.401163999999999632e+00 -1.211251000000000033e+01 -9.596854000000000440e+00 -1.905757999999999897e-01 -8.244633999999999574e+00
-7.723354999999999748e+00 1.557310999999999979e+01 1.294031000000000020e+01 -5.600532999999999761e-01 3.603848000000000162e+00 -1.785878999999999994e+00 -4.067134000000000249e+00 8.254070999999999714e+00 -8.825248000000000204e+00 -9.999632000000000076e+00 -1.126697999999999977e+00 -8.483992000000000644e+00
-7.855898999999999965e+00 1.503290999999999933e+01 1.244289999999999985e+01 8.496726000000000278e-02 4.506691000000000003e+00 -1.507254000000000094e+00 -4.994073000000000206e+00 7.818723999999999563e+00 -7.286038999999999710e+00 -9.022517000000000564e+00 -1.411265999999999909e+00 -8.364660999999999902e+00
-7.505658000000000385e+00 1.512265999999999977e+01 1.099714999999999954e+01 1.422847999999999891e+00 2.028756000000000004e+00 -1.013001000000000040e+00 -2.931543000000000010e+00 4.600287999999999933e+00 -5.143919999999999604e+00 -5.585054999999999659e+00 -3.452784999999999993e+00 -8.223041999999999518e+00
-8.050271000000000399e+00 1.667829000000000050e+01 1.315901999999999994e+01 -9.194731999999999905e-01 3.637593999999999994e+00 -5.451012000000000413e+00 -4.386461999999999861e+00 5.499732999999999983e+00 -3.908720000000000194e+00 -8.303639999999999688e+00 -3.811767999999999823e-01 -6.368304000000000187e+00
-7.798883000000000010e+00 1.690428999999999959e+01 1.334448000000000079e+01 -1.688660000000000050e+00 1.772999999999999909e+00 -4.856853000000000087e+00 -4.060077999999999854e+00 4.288898999999999795e+00 -5.823789999999999800e+00 -7.043298000000000059e+00 -1.407489999999999908e+00 -7.524003999999999692e+00
-7.138200999999999574e+00 1.620363000000000042e+01 1.178808000000000078e+01 -3.357651000000000163e+00 1.755535000000000068e+00 -5.112443999999999988e+00 -3.958674999999999944e+00 6.996565999999999619e+00 -6.097144000000000119e+00 -9.393100999999999701e+00 -4.328039000000000414e+00 -5.306165000000000020e+00
-6.936793999999999905e+00 1.630260000000000176e+01 1.206574999999999953e+01 -5.528324999999999712e+00 -9.399703999999999837e-01 -6.723969999999999558e+00 -3.989720999999999851e+00 8.992594000000000420e+00 -4.468839000000000006e+00 -7.933733000000000146e+00 -4.974927000000000099e+00 -7.929821999999999704e+00
-5.897732999999999670e+00 1.679262999999999906e+01 1.125482000000000049e+01 -8.536808999999999870e+00 -1.893728000000000078e+00 -9.730005999999999489e+00 -5.580516000000000254e+00 1.185745000000000005e+01 -2.167689999999999895e+00 -6.683296000000000348e+00 -6.566601000000000354e+00 -7.623136999999999830e+00
-5.046936999999999784e+00 1.743045000000000044e+01 1.000388000000000055e+01 -8.511366000000000653e+00 -5.043911999999999729e+00 -1.218101000000000056e+01 -3.234945000000000181e+00 1.152739000000000047e+01 -3.467394999999999783e+00 -5.250270000000000437e+00 -2.270970000000000155e+00 -1.034197999999999951e+01
-3.933644000000000140e+00 1.787090999999999852e+01 8.557356000000000407e+00 -8.372149000000000285e+00 -5.235729000000000077e+00 -1.574652000000000029e+01 -3.426663000000000014e+00 1.292603000000000080e+01 -3.787371999999999961e+00 -2.718777999999999917e+00 -3.177991000000000010e+00 -6.913650999999999769e+00
-3.150415000000000187e+00 1.650879000000000119e+01 6.885628999999999778e+00 -6.863518000000000008e+00 -6.860551000000000066e+00 -1.535549999999999926e+01 -3.509921999999999986e+00 1.170437000000000083e+01 -2.425714999999999844e+00 -4.920574999999999949e-03 -4.158986999999999767e+00 -5.705947000000000102e+00
-3.110243999999999787e+00 1.697481000000000151e+01 5.995218999999999632e+00 -6.461992000000000402e+00 -7.229976999999999876e+00 -1.657018000000000058e+01 -5.433551999999999715e+00 1.301078000000000046e+01 1.870978000000000030e+00 -1.184887999999999941e+00 -3.175546999999999898e+00 -3.991899000000000086e+00
-2.482327999999999868e+00 1.662544000000000111e+01 6.328732999999999720e+00 -4.857861999999999902e+00 -1.007348999999999961e+01 -1.685795999999999850e+01 -3.242404000000000064e+00 1.168830999999999953e+01 -3.323485000000000328e-02 -2.673299000000000092e+00 -1.323736000000000079e-01 -9.937658999999999798e-01
-2.393286999999999942e+00 1.757016000000000133e+01 5.601443999999999868e+00 -6.649586000000000219e+00 -9.787539999999999907e+00 -1.587640000000000029e+01 -4.662649000000000044e+00 1.276809000000000083e+01 3.197827000000000197e+00 -2.171232999999999969e+00 -4.155432000000000237e+00 -2.194040999999999908e+00
-2.310725000000000140e+00 1.732610000000000028e+01 5.539363999999999955e+00 -7.416980999999999824e+00 -1.197034999999999982e+01 -1.352084999999999937e+01 -4.217121999999999815e+00 1.166703000000000046e+01 4.492741999999999791e+00 4.867887000000000186e-01 -1.641631000000000062e+00 -2.923027999999999960e+00
-2.462521000000000182e+00 1.712375000000000114e+01 5.125328999999999802e+00 -6.502485000000000070e+00 -1.114091999999999949e+01 -1.288645999999999958e+01 -4.424564000000000163e+00 1.133099999999999952e+01 2.075353999999999921e+00 5.826991000000000254e-01 1.393105000000000038e-01 -2.155269999999999797e+00
-2.592287999999999926e+00 1.745908999999999978e+01 6.096261000000000152e+00 -6.226201999999999792e+00 -1.162163999999999930e+01 -1.571016000000000012e+01 -4.307839999999999669e+00 1.279086999999999996e+01 4.823896000000000406e+00 1.401313999999999949e+00 1.868497000000000074e-01 -3.984237999999999946e+00
-2.185029999999999806e+00 1.552833000000000041e+01 6.056259999999999977e+00 -6.492092999999999670e+00 -1.078924999999999912e+01 -1.703473999999999933e+01 -4.385252000000000372e+00 1.516848000000000063e+01 3.136514000000000024e+00 8.483661000000000119e-01 2.598240999999999801e+00 -3.022625000000000117e+00
-3.224461999999999939e+00 1.418965999999999994e+01 6.400163000000000046e+00 -5.920175000000000409e+00 -1.124244999999999983e+01 -1.654604000000000141e+01 -3.846184000000000047e+00 1.504452000000000034e+01 3.250518000000000018e+00 2.019327999999999790e+00 4.410949999999999704e+00 -4.232419000000000153e+00
-2.962705999999999840e+00 1.437913999999999959e+01 6.927707999999999977e+00 -5.120169999999999888e+00 -1.252538000000000018e+01 -1.755675000000000097e+01 -5.099508000000000152e+00 1.595777999999999963e+01 2.196702000000000155e+00 2.012122999999999884e+00 4.827918000000000376e+00 -2.974334999999999951e+00
-2.913464999999999971e+00 1.342847000000000079e+01 5.284294000000000047e+00 -4.707536000000000165e+00 -1.117999000000000009e+01 -1.661319999999999908e+01 -5.147488000000000063e+00 1.464315000000000033e+01 2.454407999999999923e+00 1.754561000000000037e+00 6.735927000000000220e+00 -2.666488999999999887e+00
-3.525275999999999854e+00 1.200755000000000017e+01 7.369536000000000087e+00 -3.591113000000000000e+00 -1.025258000000000003e+01 -1.715795999999999921e+01 -5.067857000000000056e+00 1.344425999999999988e+01 -6.900071000000000676e-02 1.963041999999999954e+00 5.611424999999999663e+00 -2.218649999999999789e+00
-5.003988999999999798e+00 1.162223999999999968e+01 9.925698000000000576e+00 -2.537758000000000180e+00 -1.019721999999999973e+01 -1.626463999999999999e+01 -4.713451000000000057e+00 1.294283000000000072e+01 -8.114614999999999467e-01 7.738441999999999821e-01 7.663606999999999836e+00 -1.108454000000000050e+00
-6.766856999999999900e+00 1.221316999999999986e+01 9.953490999999999644e+00 -1.448747999999999925e+00 -8.183142999999999390e+00 -1.443248999999999960e+01 -5.091242000000000267e+00 1.419959000000000060e+01 1.619339000000000084e+00 9.490043999999999702e-01 4.029747999999999664e+00 -2.523477999999999888e+00
-7.085812999999999917e+00 1.324629000000000012e+01 1.098260999999999932e+01 -2.859195999999999960e-01 -7.312860999999999834e+00 -1.311345999999999989e+01 -5.854082000000000008e+00 1.011120999999999981e+01 -6.386996999999999813e-01 7.833002000000000020e-01 1.959794999999999954e+00 -1.788454999999999906e+00
-4.099878999999999607e+00 1.654166000000000025e+01 7.564865000000000173e+00 -5.269599999999999618e+00 -8.753265999999999991e+00 -1.552533999999999992e+01 -9.104618000000000322e+00 8.258177999999999130e+00 2.618333999999999939e-01 5.338433000000000206e-01 1.039444999999999952e+00 -5.840832999999999942e+00
-4.679850000000000065e+00 1.638714999999999833e+01 6.926929000000000336e+00 -2.854893000000000125e+00 -9.686600000000000321e+00 -1.445551999999999992e+01 -9.099780000000000868e+00 6.135578999999999894e+00 1.638819000000000026e+00 1.219850000000000101e+00 3.671205000000000052e+00 -5.851976999999999762e+00
-6.199843999999999689e+00 1.497006999999999977e+01 8.011628999999999223e+00 8.358788000000000329e-01 -8.016486999999999696e+00 -1.532136999999999993e+01 -7.984549999999999592e+00 4.149632999999999683e+00 -5.400241999999999543e-01 -1.566278000000000059e+00 3.610114999999999963e+00 -1.057482000000000005e-01
-6.787774999999999892e+00 1.114450000000000074e+01 7.466161999999999743e+00 -9.160688999999999638e-01 -9.298227999999999938e+00 -1.719680999999999926e+01 -7.988984999999999559e+00 6.352133000000000251e+00 -2.300854000000000177e+00 -1.408903999999999934e+00 6.011065000000000325e+00 -1.573009000000000102e+00
-1.152158000000000015e+01 9.669195000000000206e+00 -1.454820999999999920e+00 -5.269241000000000064e+00 -9.468436999999999770e+00 -8.443172000000000565e+00 -7.224533000000000094e+00 -2.625135999999999914e+00 1.906210999999999878e-01 2.439217000000000191e+00 3.954441000000000095e+00 -1.464588999999999919e+00
-1.228314999999999912e+01 8.271718999999999156e+00 -1.763400000000000079e+00 -5.457372999999999585e+00 -9.947684000000000637e+00 -9.896236999999999284e+00 -1.179189000000000043e+01 -5.837596999999999703e+00 -2.897377000000000091e+00 -2.637726999999999933e+00 2.177719000000000182e+00 6.919587000000000376e-01
-1.333239000000000019e+01 6.702824999999999811e+00 -1.840804000000000107e+00 -2.937133999999999912e+00 -9.493005999999999389e+00 -9.845451999999999870e+00 -9.588247000000000853e+00 -5.641951999999999856e+00 -2.055921999999999805e+00 -1.480499000000000009e+00 3.599229999999999929e+00 2.740552000000000099e+00
-1.431648000000000032e+01 7.065453999999999901e+00 -8.732493999999999534e-01 -3.165937000000000001e+00 -5.118210999999999622e+00 -4.766938999999999815e+00 -8.776218000000000075e+00 -7.409478000000000009e+00 -4.604238999999999749e+00 -8.001207999999999654e-01 2.485390999999999906e+00 -1.656459000000000126e-01
-8.382740999999999332e+00 1.599396999999999913e+01 8.372415999999999414e+00 -3.896604000000000179e-01 -2.958787000000000056e+00 -7.514885999999999733e+00 -8.627439999999999998e+00 -3.927817999999999810e+00 -6.864831999999999823e+00 -1.050928000000000084e+00 2.602683999999999997e+00 -4.353143000000000207e+00
-7.419578999999999702e+00 1.655396000000000001e+01 9.028795000000000570e+00 -9.443781999999999455e-01 -2.123139000000000109e+00 -9.561832000000000775e+00 -5.618819000000000230e+00 3.097481000000000151e+00 -7.328829999999999956e+00 -2.208381999999999845e+00 -2.404258000000000006e+00 -9.119417999999999580e+00
-6.297584999999999766e+00 1.764856999999999942e+01 9.452959999999999141e+00 -2.382596999999999909e-01 -1.910600999999999994e+00 -4.899589999999999890e+00 -6.881819000000000131e+00 2.191316000000000042e+00 -4.205066000000000415e+00 -4.370416999999999774e+00 -3.659158999999999828e+00 -7.263982999999999635e+00
-6.083591000000000193e+00 1.871377999999999986e+01 1.114728000000000030e+01 -1.280687000000000075e-01 -1.488485000000000058e+00 -6.654036999999999757e+00 -1.825787999999999967e+00 2.775637000000000132e+00 -2.575485000000000024e+00 -6.837225999999999582e-01 -4.145658000000000065e+00 -8.631645999999999930e+00
-6.600991999999999749e+00 1.752981000000000122e+01 9.551144999999999996e+00 -1.423127000000000031e+00 -1.574329000000000089e+00 -5.924451000000000356e+00 -2.321715000000000195e+00 5.451567999999999969e+00 -5.112837999999999550e-01 1.333164000000000016e-01 -5.291928999999999661e+00 -9.517110999999999876e+00
-6.748160000000000380e+00 1.837651999999999930e+01 1.170495999999999981e+01 -1.865682999999999980e+00 1.303225999999999996e+00 -4.863790999999999976e+00 -5.836542999999999815e+00 5.614729999999999777e+00 -4.630637000000000225e-01 -3.963585999999999832e+00 -6.553494999999999848e+00 -8.420844000000000662e+00
-7.479926999999999992e+00 1.859385999999999939e+01 1.439775000000000027e+01 -1.287314000000000069e+00 6.552504000000000106e-01 -3.561694000000000138e+00 -5.481734000000000329e+00 4.232893999999999934e+00 -2.186850000000000183e+00 -7.214179999999999815e+00 -3.434569000000000205e+00 -7.044823000000000057e+00
-7.391625999999999586e+00 1.929664000000000001e+01 1.347720999999999947e+01 -3.155006999999999895e+00 1.474321999999999910e+00 -2.941726000000000063e+00 -4.993468000000000018e+00 1.837363000000000079e+00 -2.152041999999999788e+00 -2.692886000000000113e+00 -3.496548000000000211e+00 -7.466891999999999641e+00
-7.098400999999999961e+00 1.814649000000000001e+01 1.207976999999999990e+01 -1.661783999999999928e+00 2.228270000000000195e+00 -7.599080999999999753e-01 -5.547655999999999921e+00 3.202770999999999813e+00 -2.458286999999999889e+00 -4.391580000000000261e+00 -4.157652999999999821e+00 -7.122365000000000279e+00
-7.537867999999999569e+00 1.889308000000000121e+01 1.228600999999999921e+01 -1.000996999999999915e+00 1.188668000000000058e+00 -1.526402999999999954e+00 -3.715549999999999908e+00 3.761702999999999797e+00 -4.408483999999999625e+00 -5.822580000000000311e+00 -2.961399000000000115e+00 -6.006597000000000186e+00
-7.314061999999999841e+00 1.844204999999999828e+01 1.332188000000000017e+01 6.473894000000000037e-01 -6.031062000000000367e-01 -3.818671999999999844e+00 -1.492145999999999972e+00 5.472103999999999857e+00 -5.398750999999999856e+00 -6.483595000000000219e+00 -6.512398000000000131e+00 -5.727305999999999564e+00
-7.465857999999999883e+00 1.736973000000000056e+01 1.303616000000000064e+01 4.160508999999999735e-03 -1.351076999999999972e-01 -1.998177000000000092e+00 -2.870458999999999872e+00 4.049197000000000379e+00 -4.960300000000000153e+00 -6.200366999999999962e+00 -3.729579000000000200e+00 -8.155715999999999966e+00
-8.012691999999999481e+00 1.760532999999999859e+01 1.349773000000000067e+01 -1.983219999999999983e+00 1.069965999999999973e+00 -8.034778999999999671e-01 -4.441296000000000355e+00 4.554738000000000397e+00 -3.184781000000000084e+00 -6.110311000000000270e+00 -4.674808999999999770e+00 -8.338426999999999367e+00
-7.481778000000000262e+00 1.648611999999999966e+01 1.177768999999999977e+01 -6.865491000000000232e-01 9.941866999999999788e-01 -8.676661000000000443e-03 -1.546173999999999937e+00 4.931466000000000349e+00 -4.085633999999999766e+00 -7.252904000000000018e+00 -4.478209999999999802e+00 -9.188833999999999946e+00
-7.555824000000000318e+00 1.768891999999999953e+01 1.291538000000000075e+01 -1.452868999999999966e+00 5.596377999999999631e-01 -1.214199000000000028e+00 -1.515732999999999997e+00 5.854059000000000346e+00 -4.379425000000000345e+00 -7.770055000000000156e+00 -5.914825999999999695e+00 -7.919838999999999629e+00
-7.562489000000000239e+00 1.751020000000000110e+01 1.263250999999999991e+01 -1.459860000000000047e-01 -1.206030000000000019e-01 -2.369492000000000154e+00 -7.617637000000000436e-01 3.704950999999999883e+00 -4.596574000000000382e+00 -5.187005000000000088e+00 -5.950369000000000241e+00 -8.045439000000000007e+00
-7.383295999999999637e+00 1.779558000000000106e+01 1.173015000000000008e+01 -1.286418000000000061e+00 9.808660000000000156e-01 -4.197838999999999737e-02 -2.862194000000000127e+00 1.884781000000000040e+00 -3.522641000000000133e+00 -5.452671999999999741e+00 -2.322508000000000017e+00 -8.635128999999999166e+00
-7.411247999999999614e+00 1.707050999999999874e+01 1.137612000000000023e+01 -2.737358999999999765e-01 1.505994999999999973e+00 -2.878175999999999846e+00 -4.483632000000000062e+00 5.389588999999999963e+00 -6.728688000000000446e-01 -7.010201999999999600e+00 -4.876516999999999769e+00 -6.867683000000000426e+00
-7.634128999999999721e+00 1.714489000000000019e+01 1.064779000000000053e+01 -1.762121000000000048e+00 1.260895000000000099e+00 -3.037469000000000197e+00 -1.777203000000000088e+00 6.659415000000000084e+00 -1.718061999999999978e+00 -6.732376999999999612e+00 -5.242168999999999635e+00 -8.721724999999999284e+00
-7.261674000000000184e+00 1.785996000000000095e+01 1.116831999999999958e+01 -3.274872999999999923e+00 -1.517198000000000047e+00 -3.038857000000000141e+00 1.419507000000000074e+00 7.301981999999999751e+00 -2.979446999999999957e+00 -5.000363000000000113e+00 -5.824856999999999729e+00 -1.014000000000000057e+01
-6.280739999999999768e+00 1.711279000000000039e+01 8.938143999999999423e+00 -2.290859000000000201e+00 -7.496332999999999469e-01 -5.550917000000000101e+00 -2.651928999999999981e+00 8.489665999999999713e+00 8.558021000000000100e-01 -5.713161000000000378e+00 -6.894487999999999950e+00 -8.916508999999999574e+00
-5.869226000000000276e+00 1.641001999999999938e+01 8.750346999999999653e+00 -4.813785000000000203e+00 -2.064528000000000141e+00 -6.463383999999999574e+00 -2.072743000000000002e+00 9.433915000000000717e+00 -1.815460000000000074e+00 -4.627527999999999864e+00 -4.200528000000000262e+00 -8.152233000000000729e+00
-5.260561000000000043e+00 1.741584999999999894e+01 9.362569000000000585e+00 -6.380468999999999724e+00 -5.645709000000000088e+00 -8.886086000000000595e+00 -1.863285000000000080e+00 1.219459999999999944e+01 1.085086999999999913e+00 -3.455440999999999985e+00 -4.814093999999999873e+00 -8.418290000000000717e+00
-4.634496000000000393e+00 1.797757000000000005e+01 9.043599999999999639e+00 -7.445469000000000115e+00 -5.204350999999999949e+00 -1.225371999999999950e+01 -1.657656999999999936e+00 1.121002999999999972e+01 8.433479000000000392e-01 -2.465043000000000095e+00 -5.879504999999999981e+00 -3.905998999999999999e+00
-4.687624999999999709e+00 1.835671999999999926e+01 8.818141000000000673e+00 -1.031903999999999932e+01 -4.624755999999999645e+00 -1.065441000000000038e+01 -6.174619999999999997e+00 1.089714999999999989e+01 -7.794215999999999644e-02 -1.648679000000000006e+00 8.874971999999999861e-01 -8.426415000000000433e+00
-3.643196000000000101e+00 1.874701999999999913e+01 7.734219999999999651e+00 -6.056345999999999563e+00 -8.943011000000000266e+00 -1.502942000000000000e+01 -6.131276999999999866e+00 1.196049999999999969e+01 1.970078000000000107e-01 -2.711797999999999931e+00 2.356323999999999863e+00 -4.858558000000000376e+00
-3.451044000000000000e+00 1.752173000000000158e+01 8.817361999999999256e+00 -4.480704000000000242e+00 -1.234835999999999956e+01 -1.657157000000000124e+01 -6.333275999999999684e+00 1.384376999999999924e+01 2.437164000000000108e+00 -2.116299000000000152e+00 4.900785999999999754e-01 -2.288530999999999871e+00
-3.556931000000000065e+00 1.643577000000000155e+01 8.798659000000000674e+00 -7.244080000000000297e+00 -1.034553000000000011e+01 -1.392352999999999952e+01 -7.046725000000000350e+00 1.278115999999999985e+01 1.946021999999999919e+00 7.004481000000000179e-01 2.701316999999999968e+00 -4.148608000000000295e+00
-3.271295999999999982e+00 1.598512999999999984e+01 8.025914999999999466e+00 -6.145215999999999568e+00 -1.208282999999999952e+01 -1.635844000000000165e+01 -4.973710999999999771e+00 1.658428999999999931e+01 1.275411999999999990e+00 -2.089281999999999861e+00 4.792595999999999634e+00 -1.911035999999999957e+00
-3.638011999999999802e+00 1.540553000000000061e+01 9.183343999999999951e+00 -5.816613000000000255e+00 -1.219710000000000072e+01 -1.801880999999999844e+01 -6.706430000000000113e+00 1.540930000000000000e+01 1.830421999999999993e+00 -2.236749000000000098e+00 4.906779000000000224e+00 -6.302010000000000112e-01
-3.835347000000000062e+00 1.441066000000000003e+01 7.193169000000000146e+00 -6.352876000000000190e+00 -1.011227000000000054e+01 -1.657684000000000069e+01 -7.719451000000000285e+00 1.603320000000000078e+01 1.536310999999999982e+00 -1.365901999999999950e+00 4.723065000000000069e+00 -1.526809000000000083e+00
-4.336827999999999683e+00 1.354781000000000013e+01 6.562244999999999884e+00 -4.923079999999999679e+00 -1.032953999999999972e+01 -1.705777000000000143e+01 -4.374164999999999637e+00 1.705884000000000000e+01 3.178986000000000089e+00 9.082538000000000000e-01 4.036634000000000277e+00 -1.537487999999999966e+00
-4.149490000000000123e+00 1.288903999999999961e+01 4.682462000000000124e+00 -3.598816999999999933e+00 -1.003353000000000073e+01 -1.503331000000000017e+01 -6.630630000000000024e+00 1.412043000000000070e+01 4.033534000000000397e+00 3.206341999999999803e-01 4.483591999999999800e+00 2.325110999999999983e-01
-5.215577999999999825e+00 1.364100999999999964e+01 5.380659999999999776e+00 -1.562165000000000026e+00 -6.631140000000000256e+00 -1.596687000000000012e+01 -8.078091000000000577e+00 1.398414999999999964e+01 4.384273000000000198e-01 -2.287405999999999828e+00 4.770603999999999623e+00 -3.349276000000000142e+00
-4.299990000000000201e+00 1.735857999999999990e+01 7.204856999999999623e+00 -6.089851000000000347e+00 -8.691103000000000023e+00 -1.269774999999999920e+01 -1.140947000000000067e+01 1.162409000000000070e+01 3.614882000000000151e+00 2.645446999999999882e+00 3.577681999999999807e+00 -7.280930999999999820e+00
-4.189846000000000181e+00 1.713970000000000127e+01 6.907967000000000191e+00 -5.151703999999999617e+00 -1.121640000000000015e+01 -1.379059999999999953e+01 -1.023536999999999964e+01 7.095881999999999579e+00 1.995519000000000043e+00 3.393142000000000102e+00 4.546458999999999584e+00 -6.235044000000000253e+00
-5.894031000000000020e+00 1.385105000000000075e+01 8.002278000000000446e+00 -1.856544999999999890e+00 -8.969357000000000468e+00 -1.671282000000000068e+01 -9.886003999999999792e+00 9.572433999999999443e+00 2.110586999999999880e-01 4.037113999999999980e-01 5.179573999999999678e+00 -3.926661999999999875e+00
-7.099511999999999823e+00 1.153672000000000075e+01 2.563972000000000140e+00 -2.321318000000000215e+00 -1.130165000000000042e+01 -1.419548999999999950e+01 -8.408505999999999148e+00 3.925237999999999783e+00 -9.390906000000000253e-02 1.855650000000000022e+00 6.373384999999999856e+00 2.536378000000000243e-01
-1.207729999999999926e+01 8.858997000000000455e+00 -2.486273000000000177e+00 -4.911613000000000007e+00 -9.596610999999999336e+00 -8.037724000000000757e+00 -7.327749999999999986e+00 -3.416303000000000090e+00 -8.481853999999999782e-01 3.564700000000000202e+00 4.858795999999999893e+00 2.253477000000000174e+00
-1.202398999999999951e+01 8.640304999999999680e+00 -2.624458000000000180e+00 -4.853202999999999712e+00 -1.152781000000000056e+01 -8.735117000000000687e+00 -1.020715000000000039e+01 -5.859999000000000180e+00 -2.183018000000000125e+00 2.979556999999999789e+00 6.072822000000000386e+00 3.763454999999999995e+00
